0 21.223298914889206
4992 7.491825302513288
9984 3.6881559342668853
14976 2.3588799046102102
19968 1.8954437175016334
24960 1.497564354613699
29952 1.2531933142845082
34944 1.0681310016305687
39936 0.9514560509033982
44928 0.8464525362109958
49920 0.7643535081722792
54912 0.6905259504877903
59904 0.6300942673006147
64896 0.5850805356245501
69888 0.5428643904851582
74880 0.5078828021365736
79872 0.47592076521827975
84864 0.4461318309948288
89856 0.4191867490725314
94848 0.3985880249074767
99840 0.3788845558886802
104832 0.3608265222056741
109824 0.34506740484154674
114816 0.3299875860974901
119808 0.3156118269402137
124800 0.30194413028759737
129792 0.2904283531743155
134784 0.2800156689078239
139776 0.26995875760586685
144768 0.26082910870222076
149760 0.25243446407567705
154752 0.24430308121172173
159744 0.23644292453071492
164736 0.22885719623119716
169728 0.22154548200398327
174720 0.21533082249098312
179712 0.20942531154098276
184704 0.2036736042465348
189696 0.19829747966900246
194688 0.19334476139160373
199680 0.18850425425394857
204672 0.18377893405430612
209664 0.17917043772092844
214656 0.17467932270358988
219648 0.17030528265650302
224640 0.16606226975644
229632 0.16236503689533333
234624 0.15873697887690996
239616 0.15517958379619623
244608 0.15169377958657693
249600 0.1484792562053321
254592 0.145341256486351
259584 0.1422551787462698
264576 0.1392220211878188
269568 0.13624248686053475
274560 0.13331702822205083
279552 0.13044588503028853
284544 0.127629116582769
289536 0.12486662916747537
294528 0.12215819945892603
299520 0.11950349448100006
304512 0.11703896972947225
309504 0.1146495184638412
314496 0.1122986884859305
319488 0.10998682717355246
324480 0.107714168630626
329472 0.10548084637821065
334464 0.10328690462736034
339456 0.10113230831238784
344448 0.09901695203842209
349440 0.09694066807546697
354432 0.09490323351339791
359424 0.092904376676342
364416 0.09094378288195326
369408 0.0890210996196319
374400 0.08713594121206869
379392 0.08528789301624595
384384 0.08347651521295685
389376 0.08170134622778225
394368 0.07996190582132368
399360 0.0782576978819014
404352 0.07658821295017404
409344 0.07495293050169938
414336 0.07335132101057695
419328 0.07178284781481992
424320 0.07024696880189119
429312 0.068773911690863
434304 0.06733858152519812
439296 0.06593144316687827
444288 0.064552120015267
449280 0.06320022559647409
454272 0.06187536512330549
459264 0.06057713692139188
464256 0.05930513373205404
469248 0.05805894390142452
474240 0.056838152464861125
479232 0.05564234213471675
484224 0.05447109419904095
489216 0.053323989338185385
494208 0.05220060836566898
499200 0.05110053289932015
504192 0.05002334596805902
509184 0.048968632559470926
514176 0.04793598011277389
519168 0.046924978961523145
524160 0.04593522273007711
529152 0.044966308687445
534144 0.044017838062015535
539136 0.043089416320242435
544128 0.04218065341226751
549120 0.04129116398713162
554112 0.040420567580158995
559104 0.039568488774669675
564096 0.03873455734031683
569088 0.03791840834992399
574080 0.03711968227665352
579072 0.03633802507325168
584064 0.03557308823483929
589056 0.034824528846753466
594048 0.03409200961873182
599040 0.03337519890670215
604032 0.03267377072323985
609024 0.031987404737820135
614016 0.03131578626776399
619008 0.030658606260813848
624000 0.030015561270082536
628992 0.029386353422257372
633984 0.028770690379593233
638976 0.028168285296469975
643968 0.027578856771035554
648960 0.027002128792475766
653952 0.026437830684425734
658944 0.025885697045000988
663936 0.025345467683783873
668928 0.02481688755628575
673920 0.024299706696067958
678912 0.023793680145029583
683904 0.02329856788198903
688896 0.02281413474995375
693888 0.022340150382252233
698880 0.021876389127800877
703872 0.021422629975680785
708864 0.02097865647921182
713856 0.020544256679730033
718848 0.0201192230301821
723840 0.019703352318699352
728832 0.01929644559228727
733824 0.01889992146664632
738816 0.018511974528318653
743808 0.01813238353911384
748800 0.017760966264654954
753792 0.017397544340823856
758784 0.01704194320229213
763776 0.016693992011423298
768768 0.01635352358772746
773760 0.016020374337900378
778752 0.01569438418652691
783744 0.015375396507452344
788736 0.01506325805598241
793728 0.014757818901804498
798720 0.014458932362779287
803712 0.014166454939640971
808704 0.013880246251496864
813696 0.013600168972348392
818688 0.013326088768487843
823680 0.013057874236870326
828672 0.012795396844449414
833664 0.012538530868493325
838656 0.012287153337895873
843648 0.012041143975450197
848640 0.011800385141141234
853632 0.011564761776437393
858624 0.011334161349526362
863616 0.011108473801614949
868608 0.010887591494149973
873600 0.010671409157059664
878592 0.010459823837944526
883584 0.010252734852261192
888576 0.010050043734445957
893568 0.009851654189979797
898560 0.009659374194980863
903552 0.009471185391208614
908544 0.009286952058210396
913536 0.009106588422441497
918528 0.008930010574426106
923520 0.008757136429528245
928512 0.008587885689443908
933504 0.00842217980443749
938496 0.008259941936259452
943488 0.008101096921791395
948480 0.007945571237375937
953472 0.007793292963844678
958464 0.007644191752216756
963456 0.007498198790077737
968448 0.007355246768630863
973440 0.00721526985037535
978432 0.007078203637477465
983424 0.0069439851407047115
988416 0.006812552749089207
993408 0.006683846200076893
998400 0.00655780655042193
1003392 0.006434376147589127
1008384 0.006313498601737244
1013376 0.006195118758355989
1018368 0.006079182671404837
1023360 0.0059656375770149594
1028352 0.005854431867786225
1033344 0.005745515067557605
1038336 0.005638837806762886
1043328 0.005534351798258008
1048320 0.005432009813715943
1053312 0.005331765660449683
1058304 0.00523357415877701
1063296 0.005137391119869328
1068288 0.0050431733240179355
1073280 0.004950878499442979
1078272 0.004860465301479877
1083264 0.004771893292258689
1088256 0.004685122920806251
1093248 0.004600115503583524
1098240 0.004516833205400417
1103232 0.004435239020822657
1108224 0.004355296755893967
1113216 0.004276971010307662
1118208 0.0042002271599521634
1123200 0.004125031339813567
1128192 0.004051350427286771
1133184 0.00397915202582233
1138176 0.0039084044489161585
1143168 0.003839076704501565
1148160 0.0037711384796121905
1153152 0.003704560125436629
1158144 0.0036393126426688127
1163136 0.0035753676671719248
1168128 0.003512697456006464
1173120 0.003451274873672361
1178112 0.003391073378770315
1183104 0.003332067010831885
1188096 0.0032742303775394888
1193088 0.0032175386421746666
1198080 0.0031619675113390144
1203072 0.0031074932229806507
1208064 0.003054092534647168
1213056 0.0030017427120077045
1218048 0.002950421517660118
1223040 0.0029001072001149097
1228032 0.0028507784830891225
1233024 0.002802414555005406
1238016 0.0027549950587317795
1243008 0.0027085000815159077
1248000 0.0026629101452071424
1252992 0.002618206196619788
1257984 0.002574369598183246
1262976 0.0025318840310104562
1267968 0.002490447401748419
1272960 0.002449801512197425
1277952 0.0024099298938731195
1282944 0.0023708164352038708
1287936 0.0023324453736552897
1292928 0.0022948012880910085
1297920 0.002257869091256026
1302912 0.002221634022474106
1307904 0.0021860816404375427
1312896 0.002151908359238508
1317888 0.0021183872168180073
1322880 0.002085484984595709
1327872 0.002053188982500842
1332864 0.002021486803686301
1337856 0.001990366308548097
1342848 0.001959815618819416
1347840 0.0019298231118498599
1352832 0.0019003774149708441
1357824 0.0018714674000261944
1362816 0.001843082177968025
1367808 0.0018152110936338062
1372800 0.0017878437205922637
1377792 0.0017609698561127374
1382784 0.0017345795162735378
1387776 0.00170866293114047
1392768 0.0016832105400679254
1397760 0.0016582129871212103
1402752 0.001633661116560603
1407744 0.0016095459684648539
1412736 0.001585858774419524
1417728 0.001562590953345211
1422720 0.0015397341073359883
1427712 0.001517280017701239
1432704 0.0014952206409906132
1437696 0.0014735481051819654
1442688 0.001452254705896383
1447680 0.001431332902753546
1452672 0.001410775315755064
1457664 0.0013905747217846098
1462656 0.0013707240511697805
1467648 0.0013512163843172331
1472640 0.0013320449484335306
1477632 0.0013132031143046063
1482624 0.0012946843931662677
1487616 0.0012764824336164438
1492608 0.0012585910186344584
1497600 0.0012410040626082974
1502592 0.0012237156085075362
1507584 0.0012067198250242939
1512576 0.0011900110038634004
1517568 0.0011736558464066071
1522560 0.0011578927578108633
1527552 0.001142387937037359
1532544 0.0011271364508207427
1537536 0.0011121334687382856
1542528 0.001097552433869442
1547520 0.0010834299727120467
1552512 0.001069529574451611
1557504 0.0010558471119144208
1562496 0.0010423785427962073
1567488 0.0010291199078102942
1572480 0.0010160673289241196
1577472 0.0010032170075828795
1582464 0.0009905652230006723
1587456 0.000978108330503158
1592448 0.0009658427598582264
1597440 0.0009537650136985931
1602432 0.0009418716659377324
1607424 0.0009301593602462077
1612416 0.0009186248085453208
1617408 0.0009072647895504993
1622400 0.0008960761473155721
1627392 0.000885055789866751
1632384 0.0008742006877855424
1637376 0.0008635078729022361
1642368 0.0008529744369685233
1647360 0.0008425975303776312
1652352 0.0008323743609013334
1657344 0.0008223021924766982
1662336 0.0008123783439866195
1667328 0.0008026001881127343
1672320 0.0007929651501497048
1677312 0.0007834707069140912
1682304 0.0007741143856279109
1687296 0.0007648937628572661
1692288 0.0007558064634407557
1697280 0.00074685015948317
1702272 0.0007380225693376374
1707264 0.0007293214566210793
1712256 0.0007207446292629704
1717248 0.0007122899385527681
1722240 0.0007040619738738485
1727232 0.0006960615238482681
1732224 0.000688170183789083
1737216 0.0006805768209638963
1742208 0.0006731069488215002
1747200 0.0006657342360951723
1752192 0.0006584571386154536
1757184 0.0006512741411306422
1762176 0.0006441837566912856
1767168 0.0006371845260890741
1772160 0.0006302750172679783
1777152 0.0006234538247704702
1782144 0.0006167195691917371
1787136 0.0006100708966478852
1792128 0.0006035064782488053
1797120 0.0005970250095828078
1802112 0.0005906252102219067
1807104 0.0005843058232304355
1812096 0.0005780656146787688
1817088 0.0005719033731859113
1822080 0.0005658179094483184
1827072 0.000559808055793809
1832064 0.0005538726657499105
1837056 0.000548010613600658
1842048 0.0005422207939769219
1847040 0.000536502121432525
1852032 0.0005308535300574402
1857024 0.0005252739730647882
1862016 0.000519762422417136
1867008 0.0005143178684443583
1872000 0.0005089393194781522
1876992 0.0005036258014825545
1881984 0.0004983763577011135
1886976 0.0004931900483235996
1891968 0.0004880659501245166
1896960 0.0004830031561549042
1901952 0.00047800077539172925
1906944 0.00047305793244900585
1911936 0.00046817376723962134
1916928 0.0004633474346882327
1921920 0.00045857810443084013
1926912 0.00045392984284386984
1931904 0.00044937425733548864
1936896 0.0004449033485844911
1941888 0.00044055083724747757
1946880 0.0004362451247844623
1951872 0.0004319856205027284
1956864 0.000427771742810501
1961856 0.00042360291906196057
1966848 0.00041947858538438076
1971840 0.0004153981865225864
1976832 0.0004113611756791924
1981824 0.00040736701436283607
1986816 0.0004034151722379642
1991808 0.00039950512697473073
1996800 0.00039563636410777647
2001792 0.0003918083768906788
2006784 0.000388020666162614
2011776 0.0003842727402068036
2016768 0.0003805641146213956
2021760 0.00037689431218590475
2026752 0.00037326286273542397
2031744 0.0003696693030349474
2036736 0.0003661131766561354
2041728 0.00036259403385607847
2046720 0.0003591114314619448
2051712 0.0003556649327528527
2056704 0.0003522541073478491
2061696 0.0003488785310934439
2066688 0.0003455377859571396
2071680 0.0003422314599194065
2076672 0.0003389591468686559
2081664 0.0003357204465006536
2086656 0.0003325149642136038
2091648 0.00032934231101644507
2096640 0.0003262021034275975
2101632 0.00032309396338170426
2106624 0.0003200175181352627
2111616 0.00031697240017880546
2116608 0.0003139582471457514
2121600 0.00031097470172469777
2126592 0.0003080214115752655
2131584 0.0003050980292411687
2136576 0.00030220421207216575
2141568 0.00029933962214112597
2146560 0.00029650392616242804
2151552 0.00029369679541635385
2156544 0.00029091790567670195
2161536 0.0002881669371291862
2166528 0.0002854435743006034
2171520 0.0002827475059922202
2176512 0.0002800784251998367
2181504 0.00027743602905272446
2186496 0.00027482001874234996
2191488 0.00027223009945520626
2196480 0.0002696659803110846
2201472 0.00026712737429446243
2206464 0.0002646139981941076
2211456 0.00026215140739638265
2216448 0.0002597185341675079
2221440 0.0002573295521966588
2226432 0.0002549737169466812
2231424 0.00025263985789833465
2236416 0.00025032776098615414
2241408 0.00024803721442851617
2246400 0.00024576800869679366
2251392 0.00024351993648881465
2256384 0.0002412927926990823
2261376 0.00023908637439549324
2266368 0.00023690048078894334
2271360 0.0002347349132077372
2276352 0.0002325894750734494
2281344 0.00023046397187393916
2286336 0.00022835821113760882
2291328 0.00022627200240910895
2296320 0.00022420515722648866
2301312 0.00022215748909466294
2306304 0.00022012881346286824
2311296 0.00021811894770086548
2316288 0.00021612771107675302
2321280 0.00021415492473377332
2326272 0.0002122004116670885
2331264 0.00021026399670274858
2336256 0.00020834550647574196
2341248 0.00020644476940881624
2346240 0.0002045616156909954
2351232 0.00020269587725594077
2356224 0.000200847387763917
2361216 0.00019901598257849804
2366208 0.0001972014987489494
2371200 0.00019540377498863774
2376192 0.0001936226516587817
2381184 0.00019185797074555005
2386176 0.00019010957584380747
2391168 0.00018837731213754323
2396160 0.00018666102638103567
2401152 0.00018496056688277647
2406144 0.00018327578348584055
2411136 0.00018160652754985532
2416128 0.0001799526519369564
2421120 0.00017831401099005842
2426112 0.0001766904605193815
2431104 0.0001750818577853138
2436096 0.00017348806148041393
2441088 0.00017190893171512706
2446080 0.0001703443300008576
2451072 0.00016879411923456308
2456064 0.00016725816368247381
2461056 0.0001657363289662827
2466048 0.00016422848204600445
2471040 0.00016273449120719416
2476032 0.00016125422604465825
2481024 0.0001597875574485385
2486016 0.0001583343575896727
2491008 0.00015689449990625298
2496000 0.00015546785908933207
2500992 0.00015405431106899937
2505984 0.00015265373299936866
2510976 0.0001512660032494239
2515968 0.0001498910013836216
2520960 0.00014852860815515838
2525952 0.00014717870548820733
2530944 0.00014584117646762595
2535936 0.00014451590532569593
2540928 0.00014320277743009278
2545920 0.0001419016792711912
2550912 0.00014061249844968954
2555904 0.00013933512366519352
2560896 0.00013806944470536216
2565888 0.00013681535243176886
2570880 0.00013557273876982617
2575872 0.00013434149669892727
2580864 0.0001331215202384252
2585856 0.00013191270443833718
2590848 0.00013071494536765968
2595840 0.00012952814010472845
2600832 0.0001283521867234648
2605824 0.0001271869842876536
2610816 0.00012603243283661712
2615808 0.0001248884333762499
2620800 0.00012375488786878913
2625792 0.0001226316992230924
2630784 0.00012151877128477578
2635776 0.0001204160088248106
2640768 0.0001193233175332542
2645760 0.00011824060400494711
2650752 0.00011716777573507302
2655744 0.00011610474110634351
2660736 0.00011505140938119704
2665728 0.00011400769069143477
2670720 0.00011297349603257498
2675712 0.00011194873725026925
2680704 0.00011093332703465079
2685696 0.00010992717891084112
2690688 0.00010893020723052194
2695680 0.00010794232716287815
2700672 0.00010696345468679067
2705664 0.00010599350658315777
2710656 0.0001050324004248154
2715648 0.00010408005457001896
2720640 0.00010313638815333086
2725632 0.00010220132108114833
2730624 0.00010127477401698694
2735616 0.00010035666838091682
2740608 9.944692633775346e-05
2745600 9.854547079155875e-05
2750592 9.765222537614325e-05
2755584 9.676711444948308e-05
2760576 9.589006308549815e-05
2765568 9.502099706807342e-05
2770560 9.415984288190134e-05
2775552 9.330652770609023e-05
2780544 9.246097941006601e-05
2785536 9.162312654128254e-05
2790528 9.07928983240186e-05
2795520 8.997022464781509e-05
2800512 8.915503606446613e-05
2805504 8.834726377915034e-05
2810496 8.754683964592481e-05
2815488 8.675369615776529e-05
2820480 8.596776644576379e-05
2825472 8.518898426746867e-05
2830464 8.441728400238133e-05
2835456 8.365260064819354e-05
2840448 8.289486981123001e-05
2845440 8.214402770223561e-05
2850432 8.140001113056145e-05
2855424 8.066275749714271e-05
2860416 7.993220478925197e-05
2865408 7.920829157635756e-05
2870400 7.849095700016885e-05
2875392 7.778014077530152e-05
2880384 7.707578317586988e-05
2885376 7.637782503745749e-05
2890368 7.568620774763783e-05
2895360 7.50008732403832e-05
2900352 7.432176399244268e-05
2905344 7.364882301764009e-05
2910336 7.298199385959766e-05
2915328 7.232122059098144e-05
2920320 7.166644780228111e-05
2925312 7.10176206035907e-05
2930304 7.037468461337662e-05
2935296 6.973758595763208e-05
2940288 6.910627126375125e-05
2945280 6.848068765460177e-05
2950272 6.786078274414369e-05
2955264 6.724650463624032e-05
2960256 6.663780191291198e-05
2965248 6.603462363609022e-05
2970240 6.543691934123323e-05
2975232 6.484463902842836e-05
2980224 6.425773316598351e-05
2985216 6.367615267963232e-05
2990208 6.309984894869829e-05
2995200 6.252877380612297e-05
3000192 6.19628795282285e-05
3005184 6.14021188347965e-05
3010176 6.084644488256333e-05
3015168 6.029581126327241e-05
3020160 5.9750171996123414e-05
3025152 5.920948152644606e-05
3030144 5.86736947216001e-05
3035136 5.814276686484914e-05
3040128 5.761665365334491e-05
3045120 5.709531119330903e-05
3050112 5.657869599695175e-05
3055104 5.606676497678636e-05
3060096 5.555947544331119e-05
3065088 5.505678510270241e-05
3070080 5.45586520491032e-05
3075072 5.4065034763166146e-05
3080064 5.357589211121795e-05
3085056 5.309118333499726e-05
3090048 5.2610868053377686e-05
3095040 5.213490625859086e-05
3100032 5.166325830895406e-05
3105024 5.11958849298607e-05
3110016 5.073274720684105e-05
3115008 5.0273806584559544e-05
3120000 4.981902486073889e-05
3124992 4.936836418794168e-05
3129984 4.8921787062516237e-05
3134976 4.847925632837924e-05
3139968 4.804073517127288e-05
3144960 4.760618711274365e-05
3149952 4.7175576012338516e-05
3154944 4.6748866060061876e-05
3159936 4.6326021775091025e-05
3164928 4.590700800217963e-05
3169920 4.5491789909848836e-05
3174912 4.5080332984237265e-05
3179904 4.467260303091204e-05
3184896 4.426856616632658e-05
3189888 4.386818882068681e-05
3194880 4.347143772884428e-05
3199872 4.3078279933524925e-05
3204864 4.2688682777818586e-05
3209856 4.230261390577271e-05
3214848 4.1920041254928705e-05
3219840 4.154093306068477e-05
3224832 4.116525784477777e-05
3229824 4.07929844219862e-05
3234816 4.0424081889005835e-05
3239808 4.0058519626969425e-05
3244800 3.969626729761599e-05
3249792 3.9337294839781895e-05
3254784 3.898157246720081e-05
3259776 3.862907066666749e-05
3264768 3.827976019350971e-05
3269760 3.7933612073428376e-05
3274752 3.759059759418908e-05
3279744 3.7250688307928406e-05
3284736 3.691385602502123e-05
3289728 3.6580072815475036e-05
3294720 3.6249311004198006e-05
3299712 3.592154316677193e-05
3304704 3.559674213258297e-05
3309696 3.527488097648454e-05
3314688 3.4955933021278e-05
3319680 3.463987183222007e-05
3324672 3.432667121584104e-05
3329664 3.401630521876931e-05
3334656 3.370874812270346e-05
3339648 3.3403974447396246e-05
3344640 3.3101958941176256e-05
3349632 3.280267658516177e-05
3354624 3.2506102588890796e-05
3359616 3.221221238647342e-05
3364608 3.192098163732433e-05
3369600 3.1632386221987956e-05
3374592 3.134640224263289e-05
3379584 3.1063006017392975e-05
3384576 3.078217408047034e-05
3389568 3.0503883180800712e-05
3394560 3.0228110279962878e-05
3399552 2.9954832547275483e-05
3404544 2.9684027362238434e-05
3409536 2.9415672308675828e-05
3414528 2.914974517537216e-05
3419520 2.8886223954919165e-05
3424512 2.8625086837089824e-05
3429504 2.8366312213468558e-05
3434496 2.8109878670388522e-05
3439488 2.7855764990629027e-05
3444480 2.7603950148053944e-05
3449472 2.7354413311092432e-05
3454464 2.7107133834047533e-05
3459456 2.6862091262688705e-05
3464448 2.66192653261086e-05
3469440 2.6378635939450917e-05
3474432 2.614018320017033e-05
3479424 2.5903887386797587e-05
3484416 2.5669728957455028e-05
3489408 2.5437688547902187e-05
3494400 2.5207746969328152e-05
3499392 2.4979885208803888e-05
3504384 2.475408442544416e-05
3509376 2.4530325949788682e-05
3514368 2.4308591282224583e-05
3519360 2.4088862090809347e-05
3524352 2.3871120211946262e-05
3529344 2.365534764413985e-05
3534336 2.3441526552713237e-05
3539328 2.3229639263318107e-05
3544320 2.3019668262845875e-05
3549312 2.2811596196460225e-05
3554304 2.260540586793299e-05
3559296 2.240108023687966e-05
3564288 2.2198602417769064e-05
3569280 2.1997955679321866e-05
3574272 2.1799123439938907e-05
3579264 2.160208927170582e-05
3584256 2.1406836893831218e-05
3589248 2.121335017328703e-05
3594240 2.1021613125090386e-05
3599232 2.0831609907341012e-05
3604224 2.0643324824149442e-05
3609216 2.045674232093223e-05
3614208 2.0271846984583038e-05
3619200 2.0088623542136247e-05
3624192 1.990705685789686e-05
3629184 1.9727131935832467e-05
3634176 1.954883391390937e-05
3639168 1.9372148066499088e-05
3644160 1.9197059800764044e-05
3649152 1.9023554657275144e-05
3654144 1.8851618305911312e-05
3659136 1.868123654845291e-05
3664128 1.8512395314812177e-05
3669120 1.8345080663335293e-05
3674112 1.817927877608024e-05
3679104 1.8014975964259503e-05
3684096 1.7852158661109266e-05
3689088 1.7690813422380778e-05
3694080 1.7530926927901273e-05
3699072 1.737248597642716e-05
3704064 1.721547748755449e-05
3709056 1.7059888498653706e-05
3714048 1.690570616511033e-05
3719040 1.6752917758395408e-05
3724032 1.660151066651763e-05
3729024 1.645147239066392e-05
3734016 1.630279054560754e-05
3739008 1.6155452859042377e-05
3744000 1.600944716830758e-05
3748992 1.5864761423551037e-05
3753984 1.572138368219312e-05
3758976 1.557930210939495e-05
3763968 1.5438504979782487e-05
3768960 1.529898067326261e-05
3773952 1.5160717674352195e-05
3778944 1.5023704572562154e-05
3783936 1.4887930060944379e-05
3788928 1.4753382934840575e-05
3793920 1.4620052090263762e-05
3798912 1.4487926526969173e-05
3803904 1.4356995339607484e-05
3808896 1.422724772510704e-05
3813888 1.4098672977533983e-05
3818880 1.3971260487924842e-05
3823872 1.3844999742290741e-05
3828864 1.3719880324088293e-05
3833856 1.3595891909422113e-05
3838848 1.3473024267809507e-05
3843840 1.3351267263359977e-05
3848832 1.3230610849284492e-05
3853824 1.3111045071975236e-05
3858816 1.2992560067231172e-05
3863808 1.2875146060078394e-05
3868800 1.2758793363943743e-05
3873792 1.2643492380690047e-05
3878784 1.2529233597763584e-05
3883776 1.2416007591031005e-05
3888768 1.2303805019307583e-05
3893760 1.219261662713017e-05
3898752 1.2082433242736673e-05
3903744 1.1973245777177773e-05
3908736 1.1865045224913775e-05
3913728 1.1757822660058391e-05
3918720 1.1651569239266401e-05
3923712 1.154627619791163e-05
3928704 1.1441934852034381e-05
3933696 1.1338536594480714e-05
3938688 1.123607289857788e-05
3943680 1.1134535313109153e-05
3948672 1.103391546274069e-05
3953664 1.093420504991486e-05
3958656 1.0835395850222773e-05
3963648 1.073747971542529e-05
3968640 1.0640448570435048e-05
3973632 1.0544294412239731e-05
3978624 1.0449009312217278e-05
3983616 1.035458541149756e-05
3988608 1.0261014923131106e-05
3993600 1.0168290131713211e-05
3998592 1.0076403389926419e-05
4003584 9.985347121259694e-06
4008576 9.895113816126011e-06
4013568 9.805696034522978e-06
4018560 9.71708640286925e-06
4023552 9.62927761374258e-06
4028544 9.542262427677541e-06
4033536 9.456033668525676e-06
4038528 9.37058422687616e-06
4043520 9.285907056694664e-06
4048512 9.20199517632776e-06
4053504 9.118841666357611e-06
4058496 9.036439671055883e-06
4063488 8.954782395589433e-06
4068480 8.873863107646289e-06
4073472 8.793675135727863e-06
4078464 8.714211867999434e-06
4083456 8.635466752608353e-06
4088448 8.557433298110736e-06
4093440 8.48010506951678e-06
4098432 8.403475692512162e-06
4103424 8.327538848940867e-06
4108416 8.252288278250055e-06
4113408 8.177717776456706e-06
4118400 8.10382119640718e-06
4123392 8.030592444823847e-06
4128384 7.958025484887767e-06
4133376 7.88611433485514e-06
4138368 7.814853065972222e-06
4143360 7.744235803087464e-06
4148352 7.674256725140436e-06
4153344 7.604910062826073e-06
4158336 7.5361901001804875e-06
4163328 7.468091171065601e-06
4168320 7.400607662508979e-06
4173312 7.333734010618934e-06
4178304 7.267464704180989e-06
4183296 7.201794278946841e-06
4188288 7.1367173215653e-06
4193280 7.072228468542319e-06
4198272 7.00832240365626e-06
4203264 6.9449938578031774e-06
4208256 6.882237612728748e-06
4213248 6.820048494108732e-06
4218240 6.758421375066233e-06
4223232 6.697351178112584e-06
4228224 6.636832867081693e-06
4233216 6.57686145454523e-06
4238208 6.517431997102253e-06
4243200 6.458539595820267e-06
4248192 6.400179397101496e-06
4253184 6.3423465898314346e-06
4258176 6.2850364076563205e-06
4263168 6.228244126583473e-06
4268160 6.171965065357562e-06
4273152 6.116194585970621e-06
4278144 6.0609280906236194e-06
4283136 6.0061610241626145e-06
4288128 5.9518888738577355e-06
4293120 5.898107165310483e-06
4298112 5.84481146616593e-06
4303104 5.791997383475451e-06
4308096 5.7396605644619014e-06
4313088 5.68779669569031e-06
4318080 5.6364015021041856e-06
4323072 5.585470747737674e-06
4328064 5.5350002357961174e-06
4333056 5.484985805967934e-06
4338048 5.435423336165796e-06
4343040 5.386308741423017e-06
4348032 5.3376379741681295e-06
4353024 5.289407023189251e-06
4358016 5.2416119129545646e-06
4363008 5.194248705266537e-06
4368000 5.147313495746828e-06
4372992 5.100802416766349e-06
4377984 5.054711634933432e-06
4382976 5.009037351723161e-06
4387968 4.9637758030198886e-06
4392960 4.918923258094077e-06
4397952 4.874476021937398e-06
4402944 4.830430430296921e-06
4407936 4.7867828534164285e-06
4412928 4.743529694241301e-06
4417920 4.700667388467196e-06
4422912 4.658192403373231e-06
4427904 4.6161012388000965e-06
4432896 4.5743904258526455e-06
4437888 4.533056527891179e-06
4442880 4.492096136707302e-06
4447872 4.451505879177241e-06
4452864 4.411282407913768e-06
4457856 4.371422409507657e-06
4462848 4.331922599063576e-06
4467840 4.29277972155992e-06
4472832 4.253990550034671e-06
4477824 4.21555188963058e-06
4482816 4.1774605716904975e-06
4487808 4.139713457969443e-06
4492800 4.102307436451238e-06
4497792 4.065239426008786e-06
4502784 4.028506371228879e-06
4507776 3.9921052453945375e-06
4512768 3.9560330489261995e-06
4517760 3.920286808655604e-06
4522752 3.884863579345057e-06
4527744 3.84976044228802e-06
4532736 3.814974503631776e-06
4537728 3.7805028985206997e-06
4542720 3.746342784978734e-06
4547712 3.7124913476926024e-06
4552704 3.678945798914218e-06
4557696 3.6457033729710966e-06
4562688 3.6127613307553074e-06
4567680 3.5801169584344632e-06
4572672 3.5477675651359472e-06
4577664 3.5157104858013185e-06
4582656 3.4839430779463638e-06
4587648 3.4524627249047594e-06
4592640 3.421266831990971e-06
4597632 3.390352828757699e-06
4602624 3.3597181677673675e-06
4607616 3.329360325161169e-06
4612608 3.299276798615641e-06
4617600 3.269465108913459e-06
4622592 3.239922801100576e-06
4627584 3.210647439518601e-06
4632576 3.1816366119114296e-06
4637568 3.152887928892982e-06
4642560 3.1243990200967417e-06
4647552 3.096167538581057e-06
4652544 3.06819115818461e-06
4657536 3.0404675740735058e-06
4662528 3.012994501197855e-06
4667520 2.9857696757238435e-06
4672512 2.9587908546581637e-06
4677504 2.9320558146533058e-06
4682496 2.9055623532913885e-06
4687488 2.879308287159104e-06
4692480 2.853291453395497e-06
4697472 2.827509707303171e-06
4702464 2.801960924663573e-06
4707456 2.7766430015711385e-06
4712448 2.7515538503981624e-06
4717440 2.7266914046980486e-06
4722432 2.7020536153095278e-06
4727424 2.6776384524553206e-06
4732416 2.653443904809832e-06
4737408 2.629467977795626e-06
4742400 2.6057086969077242e-06
4747392 2.5821641035529545e-06
4752384 2.5588322577069222e-06
4757376 2.535711237708501e-06
4762368 2.5127991380203846e-06
4767360 2.4900940702738533e-06
4772352 2.467594164699187e-06
4777344 2.4452975670362592e-06
4782336 2.423202439588029e-06
4787328 2.4013069617718845e-06
4792320 2.3796093301558564e-06
4797312 2.3581077565469513e-06
4802304 2.336800469600244e-06
4807296 2.315685712756183e-06
4812288 2.2947617470238184e-06
4817280 2.274026848801718e-06
4822272 2.2534793087688023e-06
4827264 2.2331174343509844e-06
4832256 2.212939547815347e-06
4837248 2.192943986307046e-06
4842240 2.17312910272384e-06
4847232 2.153493263169301e-06
4852224 2.1340348520985735e-06
4857216 2.1147522641101085e-06
4862208 2.0956439114042715e-06
4867200 2.076708219195283e-06
4872192 2.0579436277700633e-06
4877184 2.0393485901164607e-06
4882176 2.0209215754403475e-06
4887168 2.0026610641748214e-06
4892160 1.984565552372105e-06
4897152 1.9666335494527285e-06
4902144 1.9488635770739074e-06
4907136 1.9312541720193206e-06
4912128 1.913803881592525e-06
4917120 1.8965112706178936e-06
4922112 1.8793749120885977e-06
4927104 1.86239339553894e-06
4932096 1.8455653207999313e-06
4937088 1.8288893019524958e-06
4942080 1.8123639650131733e-06
4947072 1.7959879472907405e-06
4952064 1.7797599016796783e-06
4957056 1.763678488873039e-06
4962048 1.7477423852917725e-06
4967040 1.7319502775234465e-06
4972032 1.7163008646678911e-06
4977024 1.7007928561825909e-06
4982016 1.685424975635027e-06
4987008 1.6701959566823747e-06
4992000 1.6551045433707426e-06
4996992 1.6401494941414087e-06
5001984 1.6253295751622176e-06
5006976 1.610643566445503e-06
5011968 1.5960902571113446e-06
5016960 1.581668448609748e-06
5021952 1.567376953099479e-06
5026944 1.5532145922024233e-06
5031936 1.539180199733092e-06
5036928 1.5252726188533374e-06
5041920 1.5114907037310865e-06
5046912 1.497833319645116e-06
5051904 1.4842993403308173e-06
5056896 1.4708876515552436e-06
5061888 1.4575971470402808e-06
5066880 1.4444267337682711e-06
5071872 1.4313753247419147e-06
5076864 1.4184418454682185e-06
5081856 1.4056252296732689e-06
5086848 1.3929244223715126e-06
5091840 1.3803383765527877e-06
5096832 1.367866055773282e-06
5101824 1.3555064314542707e-06
5106816 1.343258485938468e-06
5111808 1.3311212099635254e-06
5116800 1.3190936035438396e-06
5121792 1.3071746761259326e-06
5126784 1.2953634447388163e-06
5131776 1.283658936892241e-06
5136768 1.2720601886294277e-06
5141760 1.2605662432487531e-06
5146752 1.2491761545572235e-06
5151744 1.2378889836552596e-06
5156736 1.2267038011047892e-06
5161728 1.215619685391618e-06
5166720 1.204635722213909e-06
5171712 1.1937510078059927e-06
5176704 1.1829646448664846e-06
5181696 1.172275744617442e-06
5186688 1.16168342666873e-06
5191680 1.1511868180563348e-06
5196672 1.1407850543422728e-06
5201664 1.130477278067055e-06
5206656 1.120262640483163e-06
5211648 1.1101402987709677e-06
5216640 1.1001094212345308e-06
5221632 1.0901691790193228e-06
5226624 1.08031875443437e-06
5231616 1.070557335833241e-06
5236608 1.060884118958403e-06
5241600 1.0512983059801311e-06
5246592 1.0417991084824417e-06
5251584 1.0323857430400012e-06
5256576 1.0230574336667908e-06
5261568 1.0138134128896009e-06
5266560 1.0046529186240324e-06
5271552 9.955751959566197e-07
5276544 9.865794971201716e-07
5281536 9.776650804616655e-07
5286528 9.688312124205164e-07
5291520 9.60077164488047e-07
5296512 9.514022163421262e-07
5301504 9.428056513414423e-07
5306496 9.342867631701165e-07
5311488 9.258448499684289e-07
5316480 9.174792147143091e-07
5321472 9.091891689453271e-07
5326464 9.009740298159384e-07
5331456 8.928331203805423e-07
5336448 8.847657694029804e-07
5341440 8.767713137423103e-07
5346432 8.688490927349847e-07
5351424 8.609984550106886e-07
5356416 8.532187532273109e-07
5361408 8.455093463426803e-07
5366400 8.378695997510595e-07
5371392 8.302988835538153e-07
5376384 8.227965741759512e-07
5381376 8.153620537548946e-07
5386368 8.07994709090203e-07
5391360 8.006939335546606e-07
5396352 7.934591260751753e-07
5401344 7.862896897656066e-07
5406336 7.791850339247672e-07
5411328 7.721445747065008e-07
5416320 7.651677300966748e-07
5421312 7.582539265999297e-07
5426304 7.514025937384371e-07
5431296 7.44613168061747e-07
5436288 7.378850890420321e-07
5441280 7.312178034971111e-07
5446272 7.246107606814523e-07
5451264 7.180634176801401e-07
5456256 7.115752341830479e-07
5461248 7.051456761558857e-07
5466240 6.98774213686751e-07
5471232 6.924603215894732e-07
5476224 6.862034802373253e-07
5481216 6.800031734061386e-07
5486208 6.738588908287237e-07
5491200 6.67770126003522e-07
5496192 6.617363779214957e-07
5501184 6.557571480483661e-07
5506176 6.498319452125903e-07
5511168 6.439602803801772e-07
5516160 6.381416700405293e-07
5521152 6.323756349229978e-07
5526144 6.266617001544919e-07
5531136 6.209993946523795e-07
5536128 6.153882515658798e-07
5541120 6.098278095035018e-07
5546112 6.043176096321467e-07
5551104 5.988571979372893e-07
5556096 5.934461257507139e-07
5561088 5.88083944820125e-07
5566080 5.827702158216455e-07
5571072 5.775045000669781e-07
5576064 5.722863633996346e-07
5581056 5.671153763863994e-07
5586048 5.619911125701445e-07
5591040 5.569131496543946e-07
5596032 5.51881070314006e-07
5601024 5.468944586059384e-07
5606016 5.419529042327887e-07
5611008 5.370560009079126e-07
5616000 5.32203344210276e-07
5620992 5.273945339626832e-07
5625984 5.226291750902449e-07
5630976 5.179068745480302e-07
5635968 5.132272428266304e-07
5640960 5.085898950292531e-07
5645952 5.039944486810949e-07
5650944 4.994405253239928e-07
5655936 4.94927749977464e-07
5660928 4.904557504410454e-07
5665920 4.860241581806593e-07
5670912 4.816326086176245e-07
5675904 4.772807399846065e-07
5680896 4.729681928361369e-07
5685888 4.686946131354627e-07
5690880 4.644596471780135e-07
5695872 4.6026294753840296e-07
5700864 4.561041681076863e-07
5705856 4.5198296568522e-07
5710848 4.478990007512032e-07
5715840 4.4385193809528447e-07
5720832 4.398414431020142e-07
5725824 4.358671852042114e-07
5730816 4.3192883774948815e-07
5735808 4.280260756542633e-07
5740800 4.2415857813795073e-07
5745792 4.203260256788519e-07
5750784 4.1652810286486536e-07
5755776 4.127644969739613e-07
5760768 4.090348976839e-07
5765760 4.0533899794109094e-07
5770752 4.0167649254323586e-07
5775744 3.980470810141652e-07
5780736 3.9445046354150877e-07
5785728 3.908863440456995e-07
5790720 3.8735442866029115e-07
5795712 3.838544260427721e-07
5800704 3.8038604859967645e-07
5805696 3.769490103118846e-07
5810688 3.7354302846141497e-07
5815680 3.70167821207941e-07
5820672 3.6682311123875414e-07
5825664 3.6350862332835363e-07
5830656 3.6022408381996407e-07
5835648 3.569692223477397e-07
5840640 3.5374377036105357e-07
5845632 3.5054746337803184e-07
5850624 3.473800368734056e-07
5855616 3.4424122929223693e-07
5860608 3.411307839823028e-07
5865600 3.380484427451757e-07
5870592 3.349939533731906e-07
5875584 3.3196706266625463e-07
5880576 3.289675218164491e-07
5885568 3.2599508454541753e-07
5890560 3.2304950511224587e-07
5895552 3.2013054040334687e-07
5900544 3.172379509633974e-07
5905536 3.1437149781378114e-07
5910528 3.115309446278097e-07
5915520 3.0871605815876925e-07
5920512 3.05926606097242e-07
5925504 3.031623585788284e-07
5930496 3.004230876813314e-07
5935488 2.9770856792118557e-07
5940480 2.9501857558111275e-07
5945472 2.9235288937675395e-07
5950464 2.897112893397209e-07
5955456 2.8709355777282227e-07
5960448 2.8449947906822586e-07
5965440 2.819288400568971e-07
5970432 2.793814277602721e-07
5975424 2.768570332474151e-07
5980416 2.7435544858780405e-07
5985408 2.7187646741995403e-07
5990400 2.6941988549780925e-07
5995392 2.669854998542998e-07
6000384 2.6457311144997307e-07
6005376 2.6218251972254495e-07
6010368 2.598135288813221e-07
6015360 2.5746594307702864e-07
6020352 2.551395699003454e-07
6025344 2.528342168973687e-07
6030336 2.505496939002403e-07
6035328 2.4828581359804244e-07
6040320 2.4604238845062987e-07
6045312 2.438192342340083e-07
6050304 2.416161682245024e-07
6055296 2.3943300787860925e-07
6060288 2.3726957336354473e-07
6065280 2.3512568782500605e-07
6070272 2.3300117340544932e-07
6075264 2.3089585471235405e-07
6080256 2.288095602116822e-07
6085248 2.2674211559939638e-07
6090240 2.246933523956086e-07
6095232 2.2266310100582873e-07
6100224 2.2065119396874792e-07
6105216 2.1865746623204615e-07
6110208 2.16681752735155e-07
6115200 2.1472389133578693e-07
6120192 2.127837205217792e-07
6125184 2.1086108046320698e-07
6130176 2.0895581288032583e-07
6135168 2.070677605129056e-07
6140160 2.051967676705189e-07
6145152 2.0334268049265644e-07
6150144 2.015053463695785e-07
6155136 1.9968461374314515e-07
6160128 1.9788033277753269e-07
6165120 1.9609235453378631e-07
6170112 1.9432053246321048e-07
6175104 1.9256471895350222e-07
6180096 1.9082477056135817e-07
6185088 1.8910054417926423e-07
6190080 1.8739189749238855e-07
6195072 1.8569868875503594e-07
6200064 1.840207798301765e-07
6205056 1.823580320692267e-07
6210048 1.8071030805349472e-07
6215040 1.7907747159794155e-07
6220032 1.774593900458777e-07
6225024 1.7585592839003293e-07
6230016 1.742669550115466e-07
6235008 1.7269233961269568e-07
6240000 1.711319512687732e-07
6244992 1.6958566205924901e-07
6249984 1.6805334488666168e-07
6254976 1.6653487345571706e-07
6259968 1.6503012184892988e-07
6264960 1.6353896699468636e-07
6269952 1.6206128555329692e-07
6274944 1.6059695601693152e-07
6279936 1.5914585740955282e-07
6284928 1.5770787095961988e-07
6289920 1.5628287700956822e-07
6294912 1.548707594806983e-07
6299904 1.5347140078939903e-07
6304896 1.520846862328946e-07
6309888 1.5071050219547432e-07
6314880 1.493487347233987e-07
6319872 1.4799927094634947e-07
6324864 1.4666200094703283e-07
6329856 1.453368138398744e-07
6334848 1.4402360103846734e-07
6339840 1.4272225402952923e-07
6344832 1.4143266484385058e-07
6349824 1.4015472851374247e-07
6354816 1.3888833924716824e-07
6359808 1.37633392316234e-07
6364800 1.3638978444139425e-07
6369792 1.3515741392869496e-07
6374784 1.339361786292873e-07
6379776 1.3272597738940573e-07
6384768 1.3152671186897994e-07
6389760 1.3033828242437198e-07
6394752 1.291605903016902e-07
6399744 1.2799354058135106e-07
6404736 1.268370353472115e-07
6409728 1.2569097964856965e-07
6414720 1.2455527956444976e-07
6419712 1.234298416528681e-07
6424704 1.2231457234421175e-07
6429696 1.2120938054014564e-07
6434688 1.201141744369935e-07
6439680 1.1902886468068132e-07
6444672 1.1795336106983796e-07
6449664 1.1688757510086979e-07
6454656 1.1583142052458684e-07
6459648 1.1478480711412053e-07
6464640 1.1374765217692901e-07
6469632 1.1271986745468725e-07
6474624 1.1170136996362144e-07
6479616 1.1069207549112898e-07
6484608 1.0969189991737938e-07
6489600 1.0870076252627292e-07
6494592 1.0771857983593808e-07
6499584 1.0674527233620186e-07
6504576 1.0578075892136494e-07
6509568 1.0482496108682644e-07
6514560 1.0387779900109057e-07
6519552 1.0293919542304667e-07
6524544 1.0200907282982962e-07
6529536 1.0108735437616675e-07
6534528 1.0017396395339996e-07
6539520 9.926882709646154e-08
6544512 9.83718682876022e-08
6549504 9.748301434188698e-08
6554496 9.660219171585471e-08
6559488 9.572932793475164e-08
6564480 9.486435114136609e-08
6569472 9.400718940737033e-08
6574464 9.315777384356206e-08
6579456 9.231603206800454e-08
6584448 9.148189654723524e-08
6589440 9.06552978042135e-08
6594432 8.983616826684448e-08
6599424 8.902443992552214e-08
6604416 8.822004597503914e-08
6609408 8.742292023484701e-08
6614400 8.663299753250621e-08
6619392 8.585021154823214e-08
6624384 8.507449905935178e-08
6629376 8.430579565659806e-08
6634368 8.354403773567829e-08
6639360 8.278916279366367e-08
6644352 8.204110888720587e-08
6649344 8.129981347860202e-08
6654336 8.056521687613843e-08
6659328 7.983725780357297e-08
6664320 7.911587590858165e-08
6669312 7.840101266036619e-08
6674304 7.769260839832443e-08
6679296 7.699060516326896e-08
6684288 7.629494446259338e-08
6689280 7.56055703568095e-08
6694272 7.49224243697764e-08
6699264 7.42454513403428e-08
6704256 7.357459548320422e-08
6709248 7.290980074358455e-08
6714240 7.225101331456707e-08
6719232 7.159817837277013e-08
6724224 7.095124222965243e-08
6729216 7.031015158365066e-08
6734208 6.967485363821613e-08
6739200 6.904529552483027e-08
6744192 6.842142667877796e-08
6749184 6.780319435820595e-08
6754176 6.719054775753341e-08
6759168 6.65834377300707e-08
6764160 6.598181267783724e-08
6769152 6.538562391788671e-08
6774144 6.479482256724553e-08
6779136 6.420935937030281e-08
6784128 6.362918598619835e-08
6789120 6.305425446829249e-08
6794112 6.24845186793435e-08
6799104 6.191992993716188e-08
6804096 6.13604430487346e-08
6809088 6.080601132217259e-08
6814080 6.025658920527129e-08
6819072 5.971213201809898e-08
6824064 5.917259359623052e-08
6829056 5.863793101205393e-08
6834048 5.810809887359195e-08
6839040 5.758305469480485e-08
6844032 5.706275352313617e-08
6849024 5.6547155196337436e-08
6854016 5.603621433807144e-08
6859008 5.552989049408273e-08
6864000 5.502814182709783e-08
6868992 5.4530927029652215e-08
6873984 5.403820437509406e-08
6878976 5.3549934072291375e-08
6883968 5.306607499339848e-08
6888960 5.2586588691349755e-08
6893952 5.211143473814736e-08
6898944 5.164057359577139e-08
6903936 5.1173967691506414e-08
6908928 5.071157793408227e-08
6913920 5.025336526895953e-08
6918912 4.979929344728571e-08
6923904 4.934932436106673e-08
6928896 4.890342108338668e-08
6933888 4.846154671387566e-08
6938880 4.802366559082791e-08
6943872 4.7589739796588665e-08
6948864 4.7159735544999525e-08
6953856 4.673361677787597e-08
6958848 4.631134817165712e-08
6963840 4.589289475943165e-08
6968832 4.54782225182243e-08
6973824 4.5067296897379055e-08
6978816 4.466008527800735e-08
6983808 4.42565523433233e-08
6988800 4.385666468636948e-08
6993792 4.346039182952529e-08
6998784 4.306769829195192e-08
7003776 4.2678553923410386e-08
7008768 4.229292545013328e-08
7013760 4.1910781194116245e-08
7018752 4.153209019682683e-08
7023744 4.115682050382344e-08
7028736 4.078494146560681e-08
7033728 4.041642344891098e-08
7038720 4.0051234412820745e-08
7043712 3.968934588731573e-08
7048704 3.9330726271716796e-08
7053696 3.8975347938809395e-08
7058688 3.862317985134165e-08
7063680 3.827419433350345e-08
7068672 3.792836261265031e-08
7073664 3.7585654449128333e-08
7078656 3.724604400296206e-08
7083648 3.6909501763941206e-08
7088640 3.657599996998959e-08
7093632 3.624551260915062e-08
7098624 3.591801028581036e-08
7103616 3.559346793697328e-08
7108608 3.527185769532531e-08
7113600 3.4953153079968256e-08
7118592 3.4637328895545005e-08
7123584 3.432435836104598e-08
7128576 3.401421510098053e-08
7133568 3.370687453784744e-08
7138560 3.3402310893542345e-08
7143552 3.310049918523145e-08
7148544 3.280141481037037e-08
7153536 3.250503224520137e-08
7158528 3.221132816891012e-08
7163520 3.192027789668055e-08
7168512 3.163185749206419e-08
7173504 3.134604309397287e-08
7178496 3.1062811129647387e-08
7183488 3.0782138292528534e-08
7188480 3.050400194951374e-08
7193472 3.0228378022911784e-08
7198464 2.9955245158196844e-08
7203456 2.9684579998998254e-08
7208448 2.941636035353285e-08
7213440 2.9150564448717928e-08
7218432 2.8887170067578506e-08
7223424 2.862615546101604e-08
7228416 2.8367499872911037e-08
7233408 2.8111180863862536e-08
7238400 2.785717821038167e-08
7243392 2.7605470272925767e-08
7248384 2.7356036902662175e-08
7253376 2.710885732856341e-08
7258368 2.686391095559659e-08
7263360 2.662117828031565e-08
7268352 2.638063898989727e-08
7273344 2.6142272124829447e-08
7278336 2.5906059765800896e-08
7283328 2.567198177928887e-08
7288320 2.5440018478650385e-08
7293312 2.521015143421097e-08
7298304 2.4982361421813134e-08
7303296 2.475662928391514e-08
7308288 2.4532937398719037e-08
7313280 2.431126601348553e-08
7318272 2.4091598066184533e-08
7323264 2.3873914511973737e-08
7328256 2.3658198127189477e-08
7333248 2.3444430965921942e-08
7338240 2.323259529202204e-08
7343232 2.3022673792084238e-08
7348224 2.281464892940521e-08
7353216 2.2608503630991514e-08
7358208 2.2404221078622393e-08
7363200 2.2201784286429578e-08
7368192 2.2001177153887774e-08
7373184 2.1802381766776368e-08
7378176 2.1605383086778605e-08
7383168 2.141016430493561e-08
7388160 2.12167096733724e-08
7393152 2.1025002849839325e-08
7398144 2.0835028123096635e-08
7403136 2.0646770150839732e-08
7408128 2.046021307933188e-08
7413120 2.0275341849895767e-08
7418112 2.009214086209965e-08
7423104 1.9910595394634356e-08
7428096 1.973069024006962e-08
7433088 1.955241035744848e-08
7438080 1.9375741677762903e-08
7443072 1.9200669423538025e-08
7448064 1.9027178646664616e-08
7453056 1.8855255671391286e-08
7458048 1.8684886534845344e-08
7463040 1.8516056199949244e-08
7468032 1.8348751752234103e-08
7473024 1.818295859449082e-08
7478016 1.8018663672236812e-08
7483008 1.7855853129411514e-08
7488000 1.7694513965160752e-08
7492992 1.7534632511318314e-08
7497984 1.737619568141617e-08
7502976 1.7219190520484982e-08
7507968 1.706360394619945e-08
7512960 1.6909423227064634e-08
7517952 1.675663532026858e-08
7522944 1.6605228303490094e-08
7527936 1.645518921122857e-08
7532928 1.6306506145369326e-08
7537920 1.6159166038364186e-08
7542912 1.601315735566544e-08
7547904 1.586846812687071e-08
7552896 1.5725086233153718e-08
7557888 1.5582999823734523e-08
7562880 1.5442197520698642e-08
7567872 1.5302666689365196e-08
7572864 1.5164397404454633e-08
7577856 1.5027377120446772e-08
7582848 1.4891595284441458e-08
7587840 1.4757039701329688e-08
7592832 1.4623700581778792e-08
7597824 1.4491565947238882e-08
7602816 1.4360625064214966e-08
7607808 1.4230867373399292e-08
7612800 1.4102281897798719e-08
7617792 1.3974858983314572e-08
7622784 1.384858694386537e-08
7627776 1.3723455767456564e-08
7632768 1.3599455561674745e-08
7637760 1.3476575411175418e-08
7642752 1.3354806038812228e-08
7647744 1.3234136736302118e-08
7652736 1.3114557641628625e-08
7657728 1.2996058784686682e-08
7662720 1.2878631050483591e-08
7667712 1.2762264181688273e-08
7672704 1.2646948932548696e-08
7677696 1.253267556400317e-08
7682688 1.2419434702870547e-08
7687680 1.2307217245322022e-08
7692672 1.2196013310372678e-08
7697664 1.2085814152027545e-08
7702656 1.1976611258290859e-08
7707648 1.1868394711456176e-08
7712640 1.176115593803928e-08
7717632 1.165488627830058e-08
7722624 1.1549576874171107e-08
7727616 1.1445218661698675e-08
7732608 1.1341804006988684e-08
7737600 1.1239323249867539e-08
7742592 1.1137768596292119e-08
7747584 1.1037131653068855e-08
7752576 1.0937403871480456e-08
7757568 1.0838577368943447e-08
7762560 1.0740643795817e-08
7767552 1.0643595338422074e-08
7772544 1.0547423455689347e-08
7777536 1.0452120724480096e-08
7782528 1.0357678492667333e-08
7787520 1.0264090564888073e-08
7792512 1.0171347541998443e-08
7797504 1.00794430030204e-08
7802496 9.988368576685502e-09
7807488 9.898116992701489e-09
7812480 9.808681200681414e-09
7817472 9.720053428807773e-09
7822464 9.632226238842634e-09
7827456 9.545192858340101e-09
7832448 9.458945875120472e-09
7837440 9.373478215835007e-09
7842432 9.288782575140799e-09
7847424 9.204852324806723e-09
7852416 9.121680522028441e-09
7857408 9.039260229215529e-09
7862400 8.957584883798538e-09
7867392 8.876647417110917e-09
7872384 8.796440909009107e-09
7877376 8.716959354335185e-09
7882368 8.638195936327975e-09
7887360 8.560144149072357e-09
7892352 8.48279780061148e-09
7897344 8.406149887285608e-09
7902336 8.3301949782566e-09
7907328 8.254926520123718e-09
7912320 8.180337407459604e-09
7917312 8.106422866305252e-09
7922304 8.033176346344817e-09
7927296 7.960591297262454e-09
7932288 7.888661945898434e-09
7937280 7.81738308337108e-09
7942272 7.746747674284447e-09
7947264 7.676751017585615e-09
7952256 7.607386277977731e-09
7957248 7.538648700678246e-09
7962240 7.470531970810157e-09
7967232 7.403030855002157e-09
7972224 7.336139695723887e-09
7977216 7.269852996445884e-09
7982208 7.204165148342395e-09
7987200 7.1390705569385204e-09
7992192 7.074564489784052e-09
7997184 7.010641247641415e-09
8002176 6.947295416651034e-09
8007168 6.884522285588446e-09
8012160 6.822315934407186e-09
8017152 6.760672022210201e-09
8022144 6.699584682422682e-09
8027136 6.639049976442379e-09
8032128 6.5790618410833665e-09
8037120 6.519615958211489e-09
8042112 6.460706525324156e-09
8047104 6.402330221533248e-09
8052096 6.344480801272986e-09
8057088 6.287154193442511e-09
8062080 6.23034579483317e-09
8067072 6.17405038340627e-09
8072064 6.118263895515952e-09
8077056 6.062981450227767e-09
8082048 6.008198376386568e-09
8087040 5.953910475753332e-09
8092032 5.900112842738281e-09
8097024 5.846801636259021e-09
8102016 5.793971857848135e-09
8107008 5.741619543559512e-09
8112000 5.689740416914702e-09
8116992 5.638329692025934e-09
8121984 5.587383777871935e-09
8126976 5.536898495250853e-09
8131968 5.486868626114472e-09
8136960 5.4372913158199876e-09
8141952 5.3881616945972155e-09
8146944 5.339476194521353e-09
8151936 5.291230820562458e-09
8156928 5.243420808653809e-09
8161920 5.196043167017599e-09
8166912 5.1490936504235326e-09
8171904 5.102568145787245e-09
8176896 5.05646323519204e-09
8181888 5.01077457304433e-09
8186880 4.965499122988604e-09
8191872 4.9206324570505444e-09
8196864 4.876171318387623e-09
8201856 4.832112043828829e-09
8206848 4.788450747028605e-09
8211840 4.745184023491333e-09
8216832 4.702308133408156e-09
8221824 4.65981964126172e-09
8226816 4.6177152964470465e-09
8231808 4.57599103054207e-09
8236800 4.534644215681283e-09
8241792 4.493670546779072e-09
8246784 4.4530672482778755e-09
8251776 4.412831165677286e-09
8256768 4.3729584398022325e-09
8261760 4.333445491333521e-09
8266752 4.294290256723343e-09
8271744 4.2554885175225765e-09
8276736 4.217037228244773e-09
8281728 4.178933865617296e-09
8286720 4.1411742923713746e-09
8291712 4.103756064089117e-09
8296704 4.066676106972977e-09
8301696 4.029930999606849e-09
8306688 3.993517909088564e-09
8311680 3.957433958067104e-09
8316672 3.921675761908716e-09
8321664 3.8862408846540575e-09
8326656 3.851126195719701e-09
8331648 3.816328813938931e-09
8336640 3.781845725470134e-09
8341632 3.7476743930398015e-09
8346624 3.7138119246549195e-09
8351616 3.6802552453477146e-09
8356608 3.6470013675682367e-09
8361600 3.6140486159297325e-09
8366592 3.581393182017223e-09
8371584 3.5490328453846587e-09
8376576 3.5169651635413857e-09
8381568 3.485187027862935e-09
8386560 3.4536960866296145e-09
8391552 3.4224897161476324e-09
8396544 3.3915654729099742e-09
8401536 3.3609203198281534e-09
8406528 3.3305522841932995e-09
8411520 3.300458462085487e-09
8416512 3.2706366503987283e-09
8421504 3.241084511884651e-09
8426496 3.211798937918786e-09
8431488 3.182778274503974e-09
8436480 3.154019895623117e-09
8441472 3.1255213972514184e-09
8446464 3.0972802100848185e-09
8451456 3.0692941521692774e-09
8456448 3.041561225103351e-09
8461440 3.0140787643517797e-09
8466432 2.9868447715131197e-09
8471424 2.9598563600075067e-09
8476416 2.9331121975673113e-09
8481408 2.906609511412049e-09
8486400 2.8803465196801715e-09
8491392 2.8543205576880837e-09
8496384 2.828530520915251e-09
8501376 2.8029722987099603e-09
8506368 2.77764586789154e-09
8511360 2.752548189377535e-09
8516352 2.7276769731798822e-09
8521344 2.7030304661224136e-09
8526336 2.6786069012978157e-09
8531328 2.6544040299114613e-09
8536320 2.630419668453549e-09
8541312 2.6066522273993087e-09
8546304 2.5830991789987934e-09
8551296 2.559759071374401e-09
8556288 2.536630239191595e-09
8561280 2.513710017915116e-09
8566272 2.4909969642550323e-09
8571264 2.4684891908322015e-09
8576256 2.446184810267482e-09
8581248 2.4240822682486396e-09
8586240 2.4021787268330505e-09
8591232 2.3804734849974807e-09
8596224 2.3589645792299052e-09
8601216 2.3376498514693367e-09
8606208 2.3165275257363683e-09
8611200 2.2955962642876995e-09
8616192 2.274854030542723e-09
8621184 2.2542991917617883e-09
8626176 2.2339303740182004e-09
8631168 2.213745432473871e-09
8636160 2.1937424099505165e-09
8641152 2.17392061911907e-09
8646144 2.154277756183376e-09
8651136 2.1348126066960754e-09
8656128 2.115523312085088e-09
8661120 2.0964078251139995e-09
8666112 2.0774657549793574e-09
8671104 2.0586945123591725e-09
8676096 2.0400927613906106e-09
8681088 2.0216591734012468e-09
8686080 2.003391896820972e-09
8691072 1.9852899324490636e-09
8696064 1.9673517259732876e-09
8701056 1.949575631594466e-09
8706048 1.9319601474165893e-09
8711040 1.9145032226219882e-09
8716032 1.8972046156306988e-09
8721024 1.8800621059966716e-09
8726016 1.863074583496882e-09
8731008 1.8462403498909132e-09
8736000 1.829558726740288e-09
8740992 1.813026950792107e-09
8745984 1.7966452769968555e-09
8750976 1.7804112823310652e-09
8755968 1.764324242259363e-09
8760960 1.7483826957881003e-09
8765952 1.7325846506982997e-09
8770944 1.7169297095165348e-09
8775936 1.701416099966706e-09
8780928 1.6860425278153457e-09
8785920 1.6708082435746147e-09
8790912 1.6557114196316585e-09
8795904 1.6407507574811575e-09
8800896 1.6259256163664304e-09
8805888 1.6112342571261706e-09
8810880 1.596676085926768e-09
8815872 1.5822486654215595e-09
8820864 1.5679521014888564e-09
8825856 1.5537844855961528e-09
8830848 1.539745109191415e-09
8835840 1.5258325714029297e-09
8840832 1.5120455998385296e-09
8845824 1.4983834173420973e-09
8850816 1.4848442475567936e-09
8855808 1.4714281031425315e-09
8860800 1.4581329282568569e-09
8865792 1.4449574315290085e-09
8870784 1.431901088897624e-09
8875776 1.418963169186327e-09
8880768 1.4061418696087458e-09
8885760 1.3934364773149355e-09
8890752 1.3808459931041739e-09
8895744 1.368369195731134e-09
8900736 1.3560049216322146e-09
8905728 1.3437525388132772e-09
8910720 1.3316110436534245e-09
8915712 1.3195791126463519e-09
8920704 1.3076555394064826e-09
8925696 1.2958401018892118e-09
8930688 1.284131689871515e-09
8935680 1.2725285269965525e-09
8940672 1.2610302801974171e-09
8945664 1.2496363943625965e-09
8950656 1.2383447894429436e-09
8955648 1.2271554701618714e-09
8960640 1.216067357923123e-09
8965632 1.2050796825834314e-09
8970624 1.1941907462897916e-09
8975616 1.1834007107580646e-09
8980608 1.1727075976963874e-09
8985600 1.1621115181270625e-09
8990592 1.1516112027135539e-09
8995584 1.141205389137126e-09
9000576 1.1308938230314425e-09
9005568 1.1206755523573975e-09
9010560 1.1105498742836062e-09
9015552 1.1005150287382185e-09
9020544 1.0905710322543382e-09
9025536 1.0807170888083082e-09
9030528 1.070952005801158e-09
9035520 1.0612752898708777e-09
9040512 1.0516862936071902e-09
9045504 1.0421833396279112e-09
9050496 1.032766760999948e-09
9055488 1.0234348977960566e-09
9060480 1.0141876227720559e-09
9065472 1.0050238419267998e-09
9070464 9.95942661674576e-10
9075456 9.869436379261742e-10
9080448 9.780258825031751e-10
9085440 9.691888402940663e-10
9090432 9.604319561873353e-10
9095424 9.51753453826143e-10
9100416 9.43153777299699e-10
9105408 9.346319274072812e-10
9110400 9.261868568941686e-10
9115392 9.17818043788543e-10
9120384 9.095249039969916e-10
9125376 9.013068069663177e-10
9130368 8.931626549468774e-10
9135360 8.850926658254821e-10
9140352 8.770957293791071e-10
9145344 8.691701802732155e-10
9150336 8.613165803258485e-10
9155328 8.535341322613021e-10
9160320 8.45821856998441e-10
9165312 8.381794460040252e-10
9170304 8.306057803390147e-10
9175296 8.231007703151472e-10
9180288 8.156633892017005e-10
9185280 8.082934321862467e-10
9190272 8.009898300187501e-10
9195264 7.937523971435212e-10
9200256 7.865805472713398e-10
9205248 7.794729306453974e-10
9210240 7.724301962297671e-10
9215232 7.654508138443816e-10
9220224 7.585343464455718e-10
9225216 7.516803846030484e-10
9230208 7.448886226493023e-10
9235200 7.381580904392567e-10
9240192 7.314884253872833e-10
9245184 7.248787126101774e-10
9250176 7.183289518764013e-10
9255168 7.118386666012459e-10
9260160 7.054066220035793e-10
9265152 6.990328316192063e-10
9270144 6.927167832158509e-10
9275136 6.864574644197679e-10
9280128 6.802548524476038e-10
9285120 6.74108213694069e-10
9290112 6.68017419158673e-10
9295104 6.619812475960885e-10
9300096 6.559999212740474e-10
9305088 6.500725045447693e-10
9310080 6.441988261948706e-10
9315072 6.383780171148601e-10
9320064 6.326097423681176e-10
9325056 6.268938701481375e-10
9330048 6.212295122764999e-10
9335040 6.156162246639951e-10
9340032 6.100535632214132e-10
9345024 6.045414169264518e-10
9350016 5.990790086229936e-10
9355008 5.936657831995262e-10
9360000 5.883016296337473e-10
9364992 5.829859928141445e-10
9369984 5.777185396738105e-10
9374976 5.72498271012023e-10
9379968 5.673255198956895e-10
9384960 5.621993981463902e-10
9389952 5.571194616749153e-10
9394944 5.520857104812649e-10
9399936 5.470969233201117e-10
9404928 5.421536553029682e-10
9409920 5.372547962068097e-10
9414912 5.324005805637302e-10
9419904 5.275901362477094e-10
9424896 5.228226740427999e-10
9429888 5.180987860953223e-10
9434880 5.134173129422449e-10
9439872 5.087783527812917e-10
9444864 5.041811412809238e-10
9449856 4.996254970572777e-10
9454848 4.951111302341027e-10
9459840 4.906375306035216e-10
9464832 4.862044625349378e-10
9469824 4.818111059518143e-10
9474816 4.77457517966684e-10
9479808 4.73143524359898e-10
9484800 4.688682775366715e-10
9489792 4.646319691553677e-10
9494784 4.6043369117398925e-10
9499776 4.562733524338114e-10
9504768 4.5215052581332544e-10
9509760 4.480651181516193e-10
9514752 4.4401660126425213e-10
9519744 4.4000447729786174e-10
9524736 4.360287732422232e-10
9529728 4.3208908912676423e-10
9534720 4.281848503432857e-10
9539712 4.2431569369227873e-10
9544704 4.204819825659456e-10
9549696 4.166827667733603e-10
9554688 4.129174904489693e-10
9559680 4.0918652124177855e-10
9564672 4.0548920682049103e-10
9569664 4.018254617932371e-10
9574656 3.9819458841350297e-10
9579648 3.945966497854153e-10
9584640 3.9103127699082153e-10
9589632 3.874981446827519e-10
9594624 3.8399707433143356e-10
9599616 3.8052705431113054e-10
9604608 3.770890266707738e-10
9609600 3.7368164118589675e-10
9614592 3.7030522680247563e-10
9619584 3.6695912974948897e-10
9624576 3.636435597087484e-10
9629568 3.603576326227653e-10
9634560 3.5710168155844713e-10
9639552 3.5387504038197903e-10
9644544 3.5067770909336105e-10
9649536 3.4750899228763583e-10
9654528 3.4436883111341414e-10
9659520 3.412574667294166e-10
9664512 3.3817397861890185e-10
9669504 3.351181554478444e-10
9674496 3.320903552150867e-10
9679488 3.290897262326861e-10
9684480 3.261162451195787e-10
9689472 3.231694911676186e-10
9694464 3.2024944224081077e-10
9699456 3.173556972768665e-10
9704448 3.1448799120425974e-10
9709440 3.1164685037088843e-10
9714432 3.0883062773767733e-10
9719424 3.0604009631710813e-10
9724416 3.032749607001506e-10
9729408 3.0053448618616585e-10
9734400 2.9781910271253764e-10
9739392 2.9512792210084626e-10
9744384 2.924617844751552e-10
9749376 2.898186607183389e-10
9754368 2.8720004152660294e-10
9759360 2.846052831580308e-10
9764352 2.820335076592073e-10
9769344 2.7948510172848273e-10
9774336 2.769596774143679e-10
9779328 2.744572347168628e-10
9784320 2.719773938973858e-10
9789312 2.6951996190405225e-10
9794304 2.670845766772345e-10
9799296 2.6467139591090927e-10
9804288 2.622798644935642e-10
9809280 2.599098714028969e-10
9814272 2.575614166389073e-10
9819264 2.5523431622023083e-10
9824256 2.5292812289023914e-10
9829248 2.506426177717458e-10
9834240 2.483780685291275e-10
9839232 2.461335590445977e-10
9844224 2.439100033058139e-10
9849216 2.4170613366100866e-10
9854208 2.3952180707194484e-10
9859200 2.3735768905908117e-10
9864192 2.3521330926391856e-10
9869184 2.330875492617679e-10
9874176 2.3098190027326382e-10
9879168 2.2889468098696852e-10
9884160 2.2682633549209186e-10
9889152 2.247766417440289e-10
9894144 2.2274576522767767e-10
9899136 2.207330984660416e-10
9904128 2.1873880484690744e-10
9909120 2.1676224386438685e-10
9914112 2.1480373035842604e-10
9919104 2.1286261642217141e-10
9924096 2.1093948809891572e-10
9929088 2.0903345721023925e-10
9934080 2.0714474580074693e-10
9939072 2.0527311317038978e-10
9944064 2.0341817119629013e-10
9949056 2.0158030800132565e-10
9954048 1.9975887610712562e-10
9959040 1.9795393146588404e-10
9964032 1.9616534620350354e-10
9969024 1.943929461845073e-10
9974016 1.9263635131494539e-10
9979008 1.9089587189008313e-10
9984000 1.8917079014357796e-10
9988992 1.8746160179716753e-10
9993984 1.8576762350619447e-10
9998976 1.840890773152637e-10
10003968 1.8242563015746782e-10
10008960 1.8077748892735567e-10
10013952 1.7914403294128078e-10
10018944 1.775253277713773e-10
10023936 1.7592147601034198e-10
10028928 1.7433166021874058e-10
10033920 1.7275669783600733e-10
10038912 1.7119539119647698e-10
10043904 1.6964880232495133e-10
10048896 1.681157606133393e-10
10053888 1.6659689872504467e-10
10058880 1.650916028034189e-10
10063872 1.6359996944713833e-10
10068864 1.6212153841621557e-10
10073856 1.606566743933225e-10
10078848 1.5920487150822282e-10
10083840 1.5776646655751847e-10
10088832 1.5634094019389977e-10
10093824 1.5492829241736672e-10
10098816 1.5352874527252425e-10
10103808 1.5214118853634773e-10
10108800 1.5076665353263368e-10
10113792 1.494041085564373e-10
10118784 1.480542411129806e-10
10123776 1.467166158045349e-10
10128768 1.4539082001281218e-10
10133760 1.4407709440736828e-10
10138752 1.4277523607830744e-10
10143744 1.4148504590139055e-10
10148736 1.4020691741671268e-10
10153728 1.3893997063973984e-10
10158720 1.3768469580072966e-10
10163712 1.3644085861130861e-10
10168704 1.352078843377869e-10
10173696 1.339859346856313e-10
10178688 1.3277541791229157e-10
10183680 1.315755282504938e-10
10188672 1.3038703450263256e-10
10193664 1.2920886582890034e-10
10198656 1.280411332515996e-10
10203648 1.268842808599402e-10
10208640 1.257377535424098e-10
10213632 1.246015512990084e-10
10218624 1.234757851520385e-10
10223616 1.2236012203459268e-10
10228608 1.2125456055549212e-10
10233600 1.2015879821467763e-10
10238592 1.1907305617736188e-10
10243584 1.1799716759242074e-10
10248576 1.1693090939957074e-10
10253568 1.1587442116933744e-10
10258560 1.1482757315439023e-10
10263552 1.1379027463717456e-10
10268544 1.1276179989749835e-10
10273536 1.1174283720549738e-10
10278528 1.1073331140920573e-10
10283520 1.0973266739711107e-10
10288512 1.0874117171802789e-10
10293504 1.0775868700239114e-10
10298496 1.0678524731133621e-10
10303488 1.058200194137271e-10
10308480 1.0486433943412976e-10
10313472 1.039164310157048e-10
10318464 1.0297740438147684e-10
10323456 1.0204714618867268e-10
10328448 1.0112510828719223e-10
10333440 1.0021134444450159e-10
10338432 9.930600201461297e-11
10343424 9.840828152363201e-11
10348416 9.751932594781465e-11
10353408 9.66380309108672e-11
10358400 9.57650147316897e-11
10363392 9.489966389875895e-11
10368384 9.404214673306763e-11
10373376 9.319234273164057e-11
10378368 9.235057163436977e-11
10383360 9.151590596445658e-11
10388352 9.068923390032069e-11
10393344 8.986944521893747e-11
10398336 8.905765014333156e-11
10403328 8.825305195151771e-11
10408320 8.745544225458248e-11
10413312 8.666521206519706e-11
10418304 8.588207922599622e-11
10423296 8.510681048790047e-11
10428288 8.433720388723032e-11
10433280 8.357501032265269e-11
10438272 8.281997310177758e-11
10443264 8.207168278318022e-11
10448256 8.133013201098001e-11
10453248 8.059519718273123e-11
10458240 7.986728041715043e-11
10463232 7.914535693487323e-11
10468224 7.843025994624363e-11
10473216 7.772155829429354e-11
10478208 7.701935918361229e-11
10483200 7.632336373760699e-11
10488192 7.563377802638383e-11
10493184 7.495028278968816e-11
10498176 7.427314319130573e-11
10503168 7.360190235061737e-11
10508160 7.293698978116936e-11
10513152 7.227801985193503e-11
10518144 7.162470616606242e-11
10523136 7.097755716500842e-11
10528128 7.033640336828739e-11
10533120 6.970091170899195e-11
10538112 6.907108474905183e-11
10543104 6.844691480267784e-11
10548096 6.782840955565916e-11
10553088 6.721558731253331e-11
10558080 6.660836199580957e-11
10563072 6.600641626680614e-11
10568064 6.541012176342065e-11
10573056 6.481893822573856e-11
10578048 6.423328535731798e-11
10583040 6.365286076004395e-11
10588032 6.307787071823139e-11
10593024 6.250788775474803e-11
10598016 6.194333934672613e-11
10603008 6.13833428531052e-11
10608000 6.082852443112683e-11
10612992 6.027911503281302e-11
10617984 5.973446960580503e-11
10622976 5.91948712269641e-11
10627968 5.865974372909477e-11
10632960 5.8129945301743646e-11
10637952 5.760458776649102e-11
10642944 5.7083893167941824e-11
10647936 5.6568156971443225e-11
10652928 5.6057047892466016e-11
10657920 5.555067517093448e-11
10662912 5.504863231919899e-11
10667904 5.455155837195708e-11
10672896 5.405831338123335e-11
10677888 5.3570037295003203e-11
10682880 5.308587092975874e-11
10687872 5.2606252687326105e-11
10692864 5.2130966210484075e-11
10697856 5.165989858113562e-11
10702848 5.119293877697828e-11
10707840 5.073041986491944e-11
10712832 5.0272240857753336e-11
10717824 4.9817927560980024e-11
10722816 4.936806519140191e-11
10727808 4.89218312034824e-11
10732800 4.847967795573028e-11
10737792 4.80417927661847e-11
10742784 4.760768384044739e-11
10747776 4.717737311921155e-11
10752768 4.675104747775549e-11
10757760 4.632871863918808e-11
10762752 4.590996824135526e-11
10767744 4.5495163192299515e-11
10772736 4.508415862858328e-11
10777728 4.46770132917239e-11
10782720 4.427347377600199e-11
10787712 4.3872905308717236e-11
10792704 4.3476793170588984e-11
10797696 4.3083758782813675e-11
10802688 4.2694708103681494e-11
10807680 4.230860106702039e-11
10812672 4.1926684346549337e-11
10817664 4.1547927468341986e-11
10822656 4.117206575671162e-11
10827648 4.080014104346219e-11
10832640 4.043210211079895e-11
10837632 4.006606157958004e-11
10842624 3.9704128873552236e-11
10847616 3.934544267672154e-11
10852608 3.898986239584994e-11
10857600 3.8637858364130566e-11
10862592 3.82884834948527e-11
10867584 3.794298208958935e-11
10872576 3.7599812152677714e-11
10877568 3.725986186253749e-11
10882560 3.6923353263773606e-11
10887552 3.6590100596299e-11
10892544 3.625921785044284e-11
10897536 3.59315119134191e-11
10902528 3.5606789529069135e-11
10907520 3.52848861240318e-11
10912512 3.496632515531929e-11
10917504 3.4650504687760986e-11
10922496 3.433742179481669e-11
10927488 3.40270034371315e-11
10932480 3.371947165931033e-11
10937472 3.341460441674826e-11
10942464 3.311273477635268e-11
10947456 3.2813751715821127e-11
10952448 3.251734915966059e-11
10957440 3.222333511132547e-11
10962432 3.193223463426875e-11
10967424 3.1643798692471137e-11
10972416 3.13577670757519e-11
10977408 3.1074476325443356e-11
10982400 3.079358990021319e-11
10987392 3.051547903254459e-11
10992384 3.023958861092524e-11
10997376 2.996626586200436e-11
11002368 2.9695690351161375e-11
11007360 2.942723842380701e-11
11012352 2.916178409861914e-11
11017344 2.88979951079682e-11
11022336 2.8636870652576363e-11
11027328 2.8377966643233776e-11
11032320 2.8121559315069248e-11
11037312 2.786748609651113e-11
11042304 2.761590955913107e-11
11047296 2.7366331423195334e-11
11052288 2.711922879695688e-11
11057280 2.6873947511774077e-11
11062272 2.6631141736288555e-11
11067264 2.6390611602134258e-11
11072256 2.61520805011628e-11
11077248 2.591595100546409e-11
11082240 2.5681901050234046e-11
11087232 2.544986443808739e-11
11092224 2.5219654512117972e-11
11097216 2.499178641812705e-11
11102208 2.47658581778221e-11
11107200 2.4542368137758785e-11
11112192 2.4320323532833754e-11
11117184 2.4100721418562898e-11
11122176 2.3882895661131442e-11
11127168 2.366715270237766e-11
11132160 2.3453239350601507e-11
11137152 2.3241408797503027e-11
11142144 2.3031354601243947e-11
11147136 2.2823520851034118e-11
11152128 2.2616986236479073e-11
11157120 2.241270826066086e-11
11162112 2.221024173803003e-11
11167104 2.200952435755039e-11
11172096 2.181077540797105e-11
11177088 2.16135485200866e-11
11182080 2.1418311568766057e-11
11187072 2.1224799695573893e-11
11192064 2.103273111231374e-11
11197056 2.084288297510284e-11
11202048 2.0654636181581798e-11
11207040 2.0468071681989386e-11
11212032 2.028288648148191e-11
11217024 2.0099913723607682e-11
11222016 1.991795617328762e-11
11227008 1.9738081487376315e-11
11232000 1.9559696418173107e-11
11236992 1.9383176126672694e-11
11241984 1.9207968549039833e-11
11246976 1.903432966798846e-11
11251968 1.886224509917156e-11
11256960 1.869193688719406e-11
11261952 1.8523071965148574e-11
11266944 1.835573109127098e-11
11271936 1.8189894035458565e-11
11276928 1.8025803072418967e-11
11281920 1.786260028779907e-11
11286912 1.7701395904623496e-11
11291904 1.754147752351875e-11
11296896 1.738300176101471e-11
11301888 1.722577636087408e-11
11306880 1.707001207051917e-11
11311872 1.691560461158405e-11
11316864 1.6763035404210314e-11
11321856 1.6611378939046517e-11
11326848 1.646149883072212e-11
11331840 1.631272894542235e-11
11336832 1.6165180305449667e-11
11341824 1.601918597771146e-11
11346816 1.5874454080122283e-11
11351808 1.5731194125123693e-11
11356800 1.5588863533366748e-11
11361792 1.5448087253844278e-11
11366784 1.5308629957440233e-11
11371776 1.5170109264327622e-11
11376768 1.503286384263447e-11
11381760 1.4897305611327738e-11
11386752 1.4762635558440707e-11
11391744 1.4629408795485688e-11
11396736 1.4497181233252832e-11
11401728 1.4366152705661189e-11
11406720 1.4236389844768382e-11
11411712 1.4107603973911864e-11
11416704 1.3980039348382434e-11
11421696 1.3853806990482553e-11
11426688 1.3728684855607298e-11
11431680 1.3604551016365956e-11
11436672 1.3481660232628201e-11
11441664 1.3359865718370547e-11
11446656 1.3239076501747604e-11
11451648 1.3119505481995475e-11
11456640 1.3001155707570433e-11
11461632 1.2883472066960167e-11
11466624 1.2767342738584375e-11
11471616 1.2651657499418434e-11
11476608 1.2537526572486968e-11
11481600 1.2424283823975202e-11
11486592 1.2311818231580673e-11
11491584 1.2200684906815695e-11
11496576 1.2090328738167955e-11
11501568 1.198108279254484e-11
11506560 1.1872947069946349e-11
11511552 1.1765699525767559e-11
11516544 1.1659423876374257e-11
11521536 1.1554091017274004e-11
11526528 1.1449508008354314e-11
11531520 1.1346089539849167e-11
11536512 1.1243450614983885e-11
11541504 1.1141976230533146e-11
11546496 1.1041474152333587e-11
11551488 1.0941691996890768e-11
11556480 1.0842882147699129e-11
11561472 1.0744738432322265e-11
11566464 1.0647715784799202e-11
11571456 1.0551337581432563e-11
11576448 1.0456191468222187e-11
11581440 1.0361600466524123e-11
11586432 1.026789764324576e-11
11591424 1.017563810989941e-11
11596416 1.0083156531948134e-11
11601408 9.992270607172142e-12
11606400 9.902079156631771e-12
11611392 9.812262113939596e-12
11616384 9.723999383481896e-12
11621376 9.635958697629121e-12
11626368 9.548806190196046e-12
11631360 9.462652883485134e-12
11636352 9.377016251239264e-12
11641344 9.292455693810098e-12
11646336 9.208411810845973e-12
11651328 9.125212338468969e-12
11656320 9.0427665355719e-12
11661312 8.961106921029571e-12
11666304 8.880229884766777e-12
11671296 8.79962769317899e-12
11676288 8.72057981382568e-12
11681280 8.641420912169906e-12
11686272 8.563372233538757e-12
11691264 8.486100711024847e-12
11696256 8.409378667733604e-12
11701248 8.333267559365965e-12
11706240 8.258282946371764e-12
11711232 8.183627082531452e-12
11716224 8.109624083374456e-12
11721216 8.036682430656583e-12
11726208 7.963518733333785e-12
11731200 7.891915900860703e-12
11736192 7.820410985459603e-12
11741184 7.749800801093443e-12
11746176 7.679634705937133e-12
11751168 7.610356789200523e-12
11756160 7.54164063398154e-12
11761152 7.473451970244068e-12
11766144 7.406009884180898e-12
11771136 7.33879623737721e-12
11776128 7.2726269451095504e-12
11781120 7.207117826795486e-12
11786112 7.141842672808707e-12
11791104 7.077338715077985e-12
11796096 7.013167824254651e-12
11801088 6.94999613415348e-12
11806080 6.887330317989642e-12
11811072 6.824762976975762e-12
11816064 6.763367643713991e-12
11821056 6.702194355057145e-12
11826048 6.641806285693409e-12
11831040 6.581846179187778e-12
11836032 6.522005158160482e-12
11841024 6.463274360157811e-12
11846016 6.404876629062528e-12
11851008 6.346922987177095e-12
11856000 6.289524456803974e-12
11860992 6.233014104850554e-12
11865984 6.176281708292208e-12
11870976 6.120659534758488e-12
11875968 6.065530840167506e-12
11880960 6.010648890124585e-12
11885952 5.95612448250904e-12
11890944 5.902611732722107e-12
11895936 5.8491677976602184e-12
11900928 5.796474411567942e-12
11905920 5.744100090794536e-12
11910912 5.691787840041913e-12
11915904 5.640409012614417e-12
11920896 5.589528839777813e-12
11925888 5.5390136921573685e-12
11930880 5.489146103708968e-12
11935872 5.439439758922213e-12
11940864 5.3902438068575975e-12
11945856 5.341398547368156e-12
11950848 5.293321336807821e-12
11955840 5.2453597021440146e-12
11960832 5.198064201294983e-12
11965824 5.151212789655801e-12
11970816 5.104583422621545e-12
11975808 5.058509167099601e-12
11980800 5.013028023335418e-12
11985792 4.967383601442123e-12
11990784 4.92267699929145e-12
11995776 4.878334479514554e-12
12000768 4.8339110492179316e-12
12005760 4.790617714123871e-12
12010752 4.747091608692244e-12
12015744 4.704155338465293e-12
12020736 4.661604435796107e-12
12025728 4.619860050070201e-12
12030720 4.5778936197393705e-12
12035712 4.53637127861839e-12
12040704 4.495404049009721e-12
12045696 4.454769886308441e-12
12050688 4.414704351208185e-12
12055680 4.374722806232967e-12
12060672 4.335642955766161e-12
12065664 4.2959763798351635e-12
12070656 4.2570391656227e-12
12075648 4.2187398894341625e-12
12080640 4.1806558215284895e-12
12085632 4.142797216388772e-12
12090624 4.105271678156441e-12
12095616 4.068190229133961e-12
12100608 4.0314418470188684e-12
12105600 3.995359598718551e-12
12110592 3.9590551545532e-12
12115584 3.923135223653357e-12
12120576 3.887667965329911e-12
12125568 3.852806962356681e-12
12130560 3.817834937080988e-12
12135552 3.783604528678218e-12
12140544 3.749112131856691e-12
12145536 3.715250329605624e-12
12150528 3.681722366630881e-12
12155520 3.648525925825652e-12
12160512 3.615510862522488e-12
12165504 3.582911745070305e-12
12170496 3.5507152773561756e-12
12175488 3.518518809642046e-12
12180480 3.486433364230379e-12
12185472 3.4554581418433372e-12
12190464 3.4238167856415203e-12
12195456 3.393078886716091e-12
12200448 3.362421452379749e-12
12205440 3.331830963045635e-12
12210432 3.301692252932753e-12
12215424 3.2722713427801864e-12
12220416 3.2425288192550255e-12
12225408 3.213207477870128e-12
12230400 3.183915350938432e-12
12235392 3.1552911303969014e-12
12240384 3.126610081949366e-12
12245376 3.0985214394263494e-12
12250368 3.070654841508258e-12
12255360 3.042899265892629e-12
12260352 3.015143690277e-12
12265344 2.9880542484761463e-12
12270336 2.9609648066752925e-12
12275328 2.9342084317818262e-12
12280320 2.9077213923962998e-12
12285312 2.8814728381121313e-12
12290304 2.8557156639408277e-12
12295296 2.829922683614446e-12
12300288 2.8044233602031454e-12
12305280 2.7788988209980702e-12
12310272 2.7535751456753133e-12
12315264 2.72915023913356e-12
12320256 2.7042812433819563e-12
12325248 2.679928720780727e-12
12330240 2.655542452600912e-12
12335232 2.6313395906640835e-12
12340224 2.6079138848444927e-12
12345216 2.5841551121175144e-12
12350208 2.5611337612328273e-12
12355200 2.537572868356855e-12
12360192 2.514766173078442e-12
12365184 2.492062852909365e-12
12370176 2.4696326705817385e-12
12375168 2.4471029504762735e-12
12380160 2.4252821972936545e-12
12385152 2.403188759103614e-12
12390144 2.381625103963908e-12
12395136 2.3601063705544273e-12
12400128 2.3386848013728923e-12
12405120 2.3177230186486662e-12
12410112 2.2967553873006472e-12
12415104 2.275735155876646e-12
12420096 2.255307052223543e-12
12425088 2.2349899708729026e-12
12430080 2.214954339990478e-12
12435072 2.1946888750790094e-12
12440064 2.1749269052406817e-12
12445056 2.155164935402354e-12
12450048 2.135935545797696e-12
12455040 2.1167512187503235e-12
12460032 2.0974333381218457e-12
12465024 2.078337502098293e-12
12470016 2.05975229887053e-12
12475008 2.0410340084708878e-12
12480000 2.022490410769271e-12
12484992 2.0041746040533326e-12
12489984 1.986188991054405e-12
12494976 1.96831440035794e-12
12499968 1.950439809661475e-12
12504960 1.9330611819378745e-12
12509952 1.91535676208332e-12
12514944 1.8980372828991676e-12
12519936 1.880717803715015e-12
12524928 1.863842413740713e-12
12529920 1.8471890683713355e-12
12534912 1.8304247006994956e-12
12539904 1.8138823776325808e-12
12544896 1.797340054565666e-12
12549888 1.7814638653135262e-12
12554880 1.765254609153999e-12
12559872 1.7490453529944716e-12
12564864 1.7335022306497194e-12
12569856 1.7177370637000422e-12
12574848 1.7021891761887417e-12
12579840 1.6869233338310155e-12
12584832 1.6715517858756357e-12
12589824 1.6564527527407336e-12
12594816 1.6413537196058314e-12
12599808 1.6266987756807794e-12
12604800 1.611834701806392e-12
12609792 1.5976109324356003e-12
12614784 1.5830670108130107e-12
12619776 1.5688616073734778e-12
12624768 1.5545342790801442e-12
12629760 1.5403234243649422e-12
12634752 1.5265566588595902e-12
12639744 1.5126865453176195e-12
12644736 1.4990231278488864e-12
12649728 1.4855390392973116e-12
12654720 1.472044708350495e-12
12659712 1.4590550989623807e-12
12664704 1.4455633755726037e-12
12669696 1.432710751787225e-12
12674688 1.4197532038906502e-12
12679680 1.4066525722000733e-12
12684672 1.3940285767635404e-12
12689664 1.3815615318435448e-12
12694656 1.3689629959679792e-12
12699648 1.3568570359946584e-12
12704640 1.344369060518602e-12
12709632 1.3322676295501878e-12
12714624 1.3204992654891612e-12
12719616 1.308397834520747e-12
12724608 1.2965891835809755e-12
12729600 1.2847876646080844e-12
12734592 1.2732037646401295e-12
12739584 1.2617931640756545e-12
12744576 1.2502221480303888e-12
12749568 1.238960189040388e-12
12754560 1.2279066652354231e-12
12759552 1.216693412686709e-12
12764544 1.205924249347845e-12
12769536 1.1948220191015935e-12
12774528 1.1841124745112519e-12
12779520 1.1732836924238654e-12
12784512 1.162847595992389e-12
12789504 1.152078432653525e-12
12794496 1.1416423362220485e-12
12799488 1.1315393066979595e-12
12804480 1.121385473619821e-12
12809472 1.1111112030448567e-12
12814464 1.1010081735207677e-12
12819456 1.0911271886016038e-12
12824448 1.0811803178087824e-12
12829440 1.071587263368201e-12
12834432 1.0617062784490372e-12
12839424 1.052063914397794e-12
12844416 1.042721464727947e-12
12849408 1.0332062067503928e-12
12854400 1.0238476733093194e-12
12859392 1.014748975978384e-12
12864384 1.0053069487980792e-12
12869376 9.963141422986155e-13
12874368 9.876692431394334e-13
12879360 9.784395516021505e-13
12884352 9.696687897076117e-13
12889344 9.60898027813073e-13
12894336 9.522247176930012e-13
12899328 9.435785486289205e-13
12904320 9.351408536417694e-13
12909312 9.267031586546182e-13
12914304 9.183764859699295e-13
12919296 9.099387909827783e-13
12924288 9.019451852054772e-13
12929280 8.936185125207885e-13
12934272 8.857359290459499e-13
12939264 8.776313009661862e-13
12944256 8.696592084351061e-13
12949248 8.618915186869605e-13
12954240 8.538725282392079e-13
12959232 8.461009670668318e-13
12964224 8.385514504993807e-13
12969216 8.311129562343922e-13
12974208 8.235634396669411e-13
12979200 8.162359677044151e-13
12984192 8.087974734394265e-13
12989184 8.01358979174438e-13
12994176 7.941425295143745e-13
12999168 7.86926079854311e-13
13004160 7.7982065249671e-13
13009152 7.728262474415715e-13
13014144 7.657208200839705e-13
13019136 7.588897615338119e-13
13024128 7.52065076881081e-13
13029120 7.455025346925388e-13
13034112 7.385203559806541e-13
13039104 7.31886241139883e-13
13044096 7.251976796851523e-13
13049088 7.186473638398638e-13
13054080 7.124100674205112e-13
13059072 7.060459637251982e-13
13064064 6.994405055138486e-13
13069056 6.932232565759477e-13
13074048 6.86869350637036e-13
13079040 6.80566714095221e-13
13084032 6.743494651573201e-13
13089024 6.685763054292693e-13
13094016 6.623590564913684e-13
13099008 6.564548504219345e-13
13104000 6.505906924303417e-13
13108992 6.445954880973659e-13
13113984 6.388223283693151e-13
13118976 6.329381463388017e-13
13123968 6.274739545331689e-13
13128960 6.216746313768581e-13
13133952 6.158407117595743e-13
13138944 6.104006189389111e-13
13143936 6.048495038157853e-13
13148928 5.997424779025096e-13
13153920 5.942615309406286e-13
13158912 5.88640247656258e-13
13163904 5.833111771380572e-13
13168896 5.780264432241978e-13
13173888 5.728750807065808e-13
13178880 5.676511215426481e-13
13183872 5.624389842751043e-13
13188864 5.574429806642911e-13
13193856 5.527696924865247e-13
13198848 5.475619957451272e-13
13203840 5.424549698318515e-13
13208832 5.375699885235008e-13
13213824 5.327960295176126e-13
13218816 5.278000259067994e-13
13223808 5.230260669009112e-13
13228800 5.185174625524923e-13
13233792 5.137001934940599e-13
13238784 5.091584728789891e-13
13243776 5.045963646921336e-13
13248768 4.998224056862455e-13
13253760 4.953815135877448e-13
13258752 4.909865645237298e-13
13263744 4.864997293907436e-13
13268736 4.82280881897168e-13
13273728 4.777289674962049e-13
13278720 4.733990977001667e-13
13283712 4.694022948115162e-13
13288704 4.64850380410553e-13
13293696 4.607528040796411e-13
13298688 4.565237077258644e-13
13303680 4.525269048372138e-13
13308672 4.483080573436382e-13
13313664 4.4440055858256706e-13
13318656 4.4020342926387457e-13
13323648 4.3668175736157415e-13
13328640 4.3232084578903596e-13
13333632 4.286777543525142e-13
13338624 4.2454928461665986e-13
13343616 4.20834642841229e-13
13348608 4.170221118294229e-13
13353600 4.133360320679458e-13
13358592 4.0945025148175773e-13
13363584 4.060770503210597e-13
13368576 4.020117572167692e-13
13373568 3.984590435379687e-13
13378560 3.949063298591682e-13
13383552 3.9124259387790516e-13
13388544 3.878009025015672e-13
13393536 3.8413716652030416e-13
13398528 3.8080747590500145e-13
13403520 3.7729531643481753e-13
13408512 3.7403413699621524e-13
13413504 3.7070346792233977e-13
13418496 3.6711129065724134e-13
13423488 3.639311074721263e-13
13428480 3.6060043839825084e-13
13433472 3.5726976932437537e-13
13438464 3.5416114485542494e-13
13443456 3.511012423092736e-13
13448448 3.476108290101365e-13
13453440 3.446132268436486e-13
13458432 3.4161562467716067e-13
13463424 3.383959779057477e-13
13468416 3.355093980417223e-13
13473408 3.3228975127030935e-13
13478400 3.2940317140628395e-13
13483392 3.26405569239796e-13
13488384 3.2330957069692277e-13
13493376 3.204103649068202e-13
13498368 3.1752378504279477e-13
13503360 3.149520373702485e-13
13508352 3.11972669919669e-13
13513344 3.091855987630145e-13
13518336 3.064215547965432e-13
13523328 3.0358781257188663e-13
13528320 3.007079848411074e-13
13533312 2.9820590441431705e-13
13538304 2.9543034685275416e-13
13543296 2.9265478929119126e-13
13548288 2.901577306042613e-13
13553280 2.8743674107545303e-13
13558272 2.8488322811881517e-13
13563264 2.822186928597148e-13
13568256 2.795541576006144e-13
13573248 2.771762797740217e-13
13578240 2.749481302324298e-13
13583232 2.7211566333562587e-13
13588224 2.699174285573737e-13
13593216 2.673417043297377e-13
13598208 2.6489921367556235e-13
13603200 2.62456723021387e-13
13608192 2.601252546696742e-13
13613184 2.5779378631796135e-13
13618176 2.55351295663786e-13
13623168 2.531308496145357e-13
13628160 2.5079938126282286e-13
13633152 2.489120021209601e-13
13638144 2.462474668618597e-13
13643136 2.4421306566582455e-13
13648128 2.419789673704899e-13
13653120 2.396971510165713e-13
13658112 2.378032170294329e-13
13663104 2.353672812205332e-13
13668096 2.333688797762079e-13
13673088 2.311484337269576e-13
13678080 2.289819717380052e-13
13683072 2.270406085358445e-13
13688064 2.2493118478905672e-13
13693056 2.2293278334473143e-13
13698048 2.2104540420286867e-13
13703040 2.1882495815361835e-13
13708032 2.1722067768626191e-13
13713024 2.149391775674303e-13
13718016 2.1316282072803006e-13
13723008 2.1105339698124226e-13
13728000 2.091660178393795e-13
13732992 2.0738966099997924e-13
13737984 2.05613304160579e-13
13742976 2.0383694732117874e-13
13747968 2.0182830129142158e-13
13752960 2.00057510783179e-13
13757952 1.9828378698810445e-13
13762944 1.9628743075372768e-13
13767936 1.9462209621678994e-13
13772928 1.928457393773897e-13
13777920 1.9096832088050382e-13
13782912 1.892930256985892e-13
13787904 1.8762769116165146e-13
13792896 1.8596235662471372e-13
13797888 1.8429702208777599e-13
13802880 1.8263168755083825e-13
13807872 1.8096635301390052e-13
13812864 1.7945051396476592e-13
13817856 1.7785772854495008e-13
13822848 1.7611013994821896e-13
13827840 1.744160371686121e-13
13832832 1.729727472365994e-13
13837824 1.7146660212523493e-13
13842816 1.6975310046518644e-13
13847808 1.6863189141347563e-13
13852800 1.6697754290362354e-13
13857792 1.653122083666858e-13
13862784 1.6367208154421057e-13
13867776 1.6231460620019789e-13
13872768 1.6087131626818518e-13
13877760 1.5943736812261044e-13
13882752 1.5787371410169726e-13
13887744 1.5654144647214707e-13
13892736 1.5498713423767185e-13
13897728 1.538769112130467e-13
13902720 1.5232259897857148e-13
13907712 1.5087930904655877e-13
13912704 1.4954704141700859e-13
13917696 1.481244162956395e-13
13922688 1.4699352846037073e-13
13927680 1.4566126083082054e-13
13932672 1.4439050348987525e-13
13937664 1.4299672557172016e-13
13942656 1.417749735873437e-13
13947648 1.4055621480474147e-13
13952640 1.3911094498553211e-13
13957632 1.3777867735598193e-13
13962624 1.3666845433135677e-13
13967616 1.3589129821411916e-13
13972608 1.3422596367718143e-13
13977600 1.328912332718075e-13
13982592 1.3167245072054357e-13
13987584 1.305728047535064e-13
13992576 1.2945200467129325e-13
13997568 1.2811973704174306e-13
14002560 1.270095140171179e-13
14007552 1.2612133559741778e-13
14012544 1.247890679678676e-13
14017536 1.2368523263369113e-13
14022528 1.2256862191861728e-13
14027520 1.213473765915296e-13
14032512 1.2023715356690445e-13
14037504 1.192379528447418e-13
14042496 1.1823287877126064e-13
14047488 1.1723955140041653e-13
14052480 1.1612932837579137e-13
14057472 1.1513012765362873e-13
14062464 1.141309269314661e-13
14067456 1.1290968160437842e-13
14072448 1.1189996727558624e-13
14077440 1.1124434706744069e-13
14082432 1.099120794378905e-13
14087424 1.0880185641326534e-13
14092416 1.0791367799356522e-13
14097408 1.0680345496894006e-13
14102400 1.0591527654923993e-13
14107392 1.0505972332467068e-13
14112384 1.0421212478718843e-13
14117376 1.0307139703115011e-13
14122368 1.021405182655144e-13
14127360 1.0148323934668025e-13
14132352 1.0055021625886757e-13
14137344 9.958700530887654e-14
14142336 9.85878045867139e-14
14147328 9.769962616701378e-14
14152320 9.677275581077717e-14
14157312 9.592326932761353e-14
14162304 9.525713551283843e-14
14167296 9.425793479067579e-14
14172288 9.342150020962392e-14
14177280 9.252706811376395e-14
14182272 9.164561990698093e-14
14187264 9.08162434143378e-14
14192256 8.992806499463768e-14
14197248 8.926193117986259e-14
14202240 8.849137767400324e-14
14207232 8.761393047187216e-14
14212224 8.696055892422684e-14
14217216 8.593126210598712e-14
14222208 8.526512829121202e-14
14227200 8.448797217397441e-14
14232192 8.387675383938545e-14
14237184 8.304468224196171e-14
14242176 8.237854842718662e-14
14247168 8.168975421422439e-14
14252160 8.08242361927114e-14
14257152 7.993605777301127e-14
14262144 7.915890165577366e-14
14267136 7.866401668998513e-14
14272128 7.797460394679793e-14
14277120 7.72715225139109e-14
14282112 7.66053886991358e-14
14287104 7.593925488436071e-14
14292096 7.505107646466058e-14
14297088 7.438494264988549e-14
14302080 7.394085344003543e-14
14307072 7.30526750203353e-14
14312064 7.246765395897592e-14
14317056 7.182433426655873e-14
14322048 7.116529587847253e-14
14327040 7.038813976123492e-14
14332032 6.983302824892235e-14
14337024 6.916689443414725e-14
14342016 6.861178292183467e-14
14347008 6.803589868463403e-14
14352000 6.772360450213455e-14
14356992 6.664114974675759e-14
14361984 6.623994915897936e-14
14366976 6.553908751307375e-14
14371968 6.505906924303417e-14
14376960 6.448085955940143e-14
14381952 6.382692785461482e-14
14386944 6.317169010117141e-14
14391936 6.261657858885883e-14
14396928 6.206146707654625e-14
14401920 6.17284001691587e-14
14406912 6.09512440519211e-14
14411904 6.061817714453355e-14
14416896 5.995204332975845e-14
14421888 5.938016607865777e-14
14426880 5.88418203051333e-14
14431872 5.839773109528323e-14
14436864 5.784261958297066e-14
14441856 5.728750807065808e-14
14446848 5.6621374255882984e-14
14451840 5.619518060657177e-14
14456832 5.573319583618286e-14
14461824 5.517808432387028e-14
14466816 5.482429165986466e-14
14471808 5.417888360170764e-14
14476800 5.362377208939506e-14
14481792 5.3290705182007514e-14
14486784 5.284661597215745e-14
14491776 5.240252676230739e-14
14496768 5.180930916277048e-14
14501760 5.129230373768223e-14
14506752 5.08556343697708e-14
14511744 5.062616992290714e-14
14516736 5.0116572824771296e-14
14521728 4.96269692007445e-14
14526720 4.915053050181852e-14
14531712 4.8627768478581856e-14
14536704 4.8183679268731794e-14
14541696 4.7848818711103496e-14
14546688 4.7359503599369026e-14
14551680 4.696243394164412e-14
14556672 4.6407322429331543e-14
14561664 4.6074255521943996e-14
14566656 4.5630166312093934e-14
14571648 4.5075054799781356e-14
14576640 4.474198789239381e-14
14581632 4.440892098500626e-14
14586624 4.39648317751562e-14
14591616 4.363176486776865e-14
14596608 4.3520742565306136e-14
14601600 4.285460875053104e-14
14606592 4.241051954068098e-14
14611584 4.207745263329343e-14
14616576 4.1744385725905886e-14
14621568 4.138958938183817e-14
14626560 4.088233899900986e-14
14631552 4.06166665669934e-14
14636544 4.063416270128073e-14
14641536 4.0190073491430667e-14
14646528 3.952393967665557e-14
14651520 3.930189507173054e-14
14656512 3.885780586188048e-14
14661504 3.8413716652030416e-14
14666496 3.8191672047105385e-14
14671488 3.774758283725532e-14
14676480 3.7573505037976046e-14
14681472 3.708144902248023e-14
14686464 3.68594044175552e-14
14691456 3.6637359812630166e-14
14696448 3.597122599785507e-14
14701440 3.580823741268258e-14
14706432 3.552713678800501e-14
14711424 3.5416114485542494e-14
14716416 3.5083047578154947e-14
14721408 3.452793606584237e-14
14726400 3.433825699863161e-14
14731392 3.395269815621342e-14
14736384 3.375077994860476e-14
14741376 3.3306690738754696e-14
14746368 3.297362383136715e-14
14751360 3.270463318105021e-14
14756352 3.2466364851981324e-14
14761344 3.219646771412954e-14
14766336 3.1978027156568406e-14
14771328 3.1530333899354446e-14
14776320 3.175237850427948e-14
14781312 3.1308289294429414e-14
14786304 3.084159983183698e-14
14791296 3.086420008457935e-14
14796288 3.019806626980426e-14
14801280 3.064215547965432e-14
14806272 3.019806626980426e-14
14811264 2.930988785010413e-14
14816256 2.930988785010413e-14
14821248 2.886579864025407e-14
14826240 2.886579864025407e-14
14831232 2.858470447389717e-14
14836224 2.8199664825478976e-14
14841216 2.7755575615628914e-14
14846208 2.7644553313166398e-14
14851200 2.731148640577885e-14
14856192 2.708944180085382e-14
14861184 2.7200464103316335e-14
14866176 2.6645352591003757e-14
14871168 2.6645352591003757e-14
14876160 2.6645352591003757e-14
14881152 2.6201263381153694e-14
14886144 2.5757174171303632e-14
14891136 2.5414620155744812e-14
14896128 2.55351295663786e-14
14901120 2.5030581378565675e-14
14906112 2.4868995751603507e-14
14911104 2.4646951146678475e-14
14916096 2.4424906541753444e-14
14921088 2.4202861936828413e-14
14926080 2.398081733190338e-14
14931072 2.3703255692745477e-14
14936064 2.3425705819590803e-14
14941056 2.353672812205332e-14
14946048 2.353672812205332e-14
14951040 2.3092638912203256e-14
14956032 2.3092638912203256e-14
14961024 2.3092638912203256e-14
14966016 2.2211321031895574e-14
14971008 2.2093438190040615e-14
14976000 2.220446049250313e-14
14980992 2.1760371282653068e-14
14985984 2.1760371282653068e-14
14990976 2.1316282072803006e-14
14995968 2.1316282072803006e-14
15000960 2.0872192862952943e-14
15005952 2.1094237467877974e-14
15010944 2.0650148258027912e-14
15015936 2.042810365310288e-14
15020928 2.042810365310288e-14
15025920 2.042810365310288e-14
15030912 1.9761969838327786e-14
15035904 1.965094753586527e-14
15040896 1.9539925233402755e-14
15045888 1.9539925233402755e-14
15050880 1.9317880628477724e-14
15055872 1.9095836023552692e-14
15060864 1.9095836023552692e-14
15065856 1.84297022087776e-14
15070848 1.865174681370263e-14
15075840 1.865174681370263e-14
15080832 1.7985612998927536e-14
15085824 1.7985612998927536e-14
15090816 1.7985612998927536e-14
15095808 1.7541523789077473e-14
15100800 1.7319479184152442e-14
15105792 1.7386797311317435e-14
15110784 1.7541523789077473e-14
15115776 1.7541523789077473e-14
15120768 1.7319479184152442e-14
15125760 1.709743457922741e-14
15130752 1.687538997430238e-14
15135744 1.687538997430238e-14
15140736 1.6431300764452317e-14
15145728 1.687538997430238e-14
15150720 1.6431300764452317e-14
15155712 1.6431300764452317e-14
15160704 1.563229903958749e-14
15165696 1.5987211554602254e-14
15170688 1.5765166949677223e-14
15175680 1.5765166949677223e-14
15180672 1.5654144647214707e-14
15185664 1.5987211554602254e-14
15190656 1.554312234475219e-14
15195648 1.509903313490213e-14
15200640 1.509903313490213e-14
15205632 1.509903313490213e-14
15210624 1.509903313490213e-14
15215616 1.4654943925052066e-14
15220608 1.4654943925052066e-14
15225600 1.4654943925052066e-14
15230592 1.4210854715202004e-14
15235584 1.4210854715202004e-14
15240576 1.4210854715202004e-14
15245568 1.4210854715202004e-14
15250560 1.3381051688577432e-14
15255552 1.3766765505351941e-14
15260544 1.354472090042691e-14
15265536 1.3322676295501878e-14
15270528 1.3766765505351941e-14
15275520 1.3766765505351941e-14
15280512 1.3322676295501878e-14
15285504 1.2878587085651816e-14
15290496 1.3100631690576847e-14
15295488 1.2878587085651816e-14
15300480 1.3322676295501878e-14
15305472 1.2434497875801753e-14
15310464 1.2878587085651816e-14
15315456 1.199040866595169e-14
15320448 1.2212453270876722e-14
15325440 1.199040866595169e-14
15330432 1.2434497875801753e-14
15335424 1.2434497875801753e-14
15340416 1.2434497875801753e-14
15345408 1.1546319456101628e-14
15350400 1.2434497875801753e-14
15355392 1.1546319456101628e-14
15360384 1.199040866595169e-14
15365376 1.2434497875801753e-14
15370368 1.1546319456101628e-14
15375360 1.1546319456101628e-14
15380352 1.2434497875801753e-14
15385344 1.2434497875801753e-14
15390336 1.1546319456101628e-14
15395328 1.1546319456101628e-14
15400320 1.0658141036401503e-14
15405312 1.0658141036401503e-14
15410304 1.0658141036401503e-14
15415296 1.0658141036401503e-14
15420288 1.0658141036401503e-14
15425280 1.0658141036401503e-14
15430272 1.0658141036401503e-14
15435264 1.0658141036401503e-14
15440256 1.0658141036401503e-14
15445248 1.0658141036401503e-14
15450240 1.0658141036401503e-14
15455232 1.021405182655144e-14
15460224 9.769962616701378e-15
15465216 1.0658141036401503e-14
15470208 9.769962616701378e-15
15475200 1.0658141036401503e-14
15480192 1.0658141036401503e-14
15485184 1.0658141036401503e-14
15490176 9.769962616701378e-15
15495168 1.0658141036401503e-14
15500160 9.325873406851315e-15
15505152 9.325873406851315e-15
15510144 9.769962616701378e-15
15515136 1.0658141036401503e-14
15520128 9.769962616701378e-15
15525120 9.769962616701378e-15
15530112 9.769962616701378e-15
15535104 8.881784197001252e-15
15540096 9.769962616701378e-15
15545088 8.881784197001252e-15
15550080 1.0658141036401503e-14
15555072 8.881784197001252e-15
15560064 8.881784197001252e-15
15565056 9.325873406851315e-15
15570048 9.769962616701378e-15
15575040 9.769962616701378e-15
15580032 8.881784197001252e-15
15585024 8.881784197001252e-15
15590016 8.881784197001252e-15
15595008 1.0658141036401503e-14
15600000 1.0658141036401503e-14
15604992 8.881784197001252e-15
15609984 1.0658141036401503e-14
15614976 8.881784197001252e-15
15619968 8.881784197001252e-15
15624960 8.881784197001252e-15
15629952 9.769962616701378e-15
15634944 8.881784197001252e-15
15639936 8.881784197001252e-15
15644928 8.881784197001252e-15
15649920 8.881784197001252e-15
15654912 8.881784197001252e-15
15659904 8.881784197001252e-15
15664896 1.0658141036401503e-14
15669888 8.881784197001252e-15
15674880 8.881784197001252e-15
15679872 1.0658141036401503e-14
15684864 1.0658141036401503e-14
15689856 8.881784197001252e-15
15694848 8.881784197001252e-15
15699840 8.881784197001252e-15
15704832 1.0658141036401503e-14
15709824 8.881784197001252e-15
15714816 8.881784197001252e-15
15719808 8.881784197001252e-15
15724800 7.993605777301127e-15
15729792 8.881784197001252e-15
15734784 8.881784197001252e-15
15739776 8.881784197001252e-15
15744768 7.105427357601002e-15
15749760 7.993605777301127e-15
15754752 8.881784197001252e-15
15759744 8.881784197001252e-15
15764736 8.881784197001252e-15
15769728 8.881784197001252e-15
15774720 8.881784197001252e-15
15779712 7.105427357601002e-15
15784704 1.0658141036401503e-14
15789696 7.105427357601002e-15
15794688 1.0658141036401503e-14
15799680 7.549516567451064e-15
15804672 8.881784197001252e-15
15809664 8.881784197001252e-15
15814656 1.0658141036401503e-14
15819648 8.881784197001252e-15
15824640 7.105427357601002e-15
15829632 8.881784197001252e-15
15834624 8.881784197001252e-15
15839616 1.0658141036401503e-14
15844608 7.105427357601002e-15
15849600 8.881784197001252e-15
15854592 7.105427357601002e-15
15859584 7.105427357601002e-15
15864576 1.0658141036401503e-14
15869568 8.881784197001252e-15
15874560 8.881784197001252e-15
15879552 7.993605777301127e-15
15884544 8.881784197001252e-15
15889536 7.105427357601002e-15
15894528 7.105427357601002e-15
15899520 8.881784197001252e-15
15904512 7.105427357601002e-15
15909504 1.0658141036401503e-14
15914496 7.105427357601002e-15
15919488 7.105427357601002e-15
15924480 7.105427357601002e-15
15929472 7.105427357601002e-15
15934464 8.881784197001252e-15
15939456 7.105427357601002e-15
15944448 7.105427357601002e-15
15949440 8.881784197001252e-15
15954432 8.881784197001252e-15
15959424 7.105427357601002e-15
15964416 7.105427357601002e-15
15969408 7.105427357601002e-15
15974400 8.881784197001252e-15
15979392 7.105427357601002e-15
15984384 8.881784197001252e-15
15989376 8.881784197001252e-15
15994368 8.881784197001252e-15
15999360 8.881784197001252e-15
16004352 8.881784197001252e-15
16009344 8.881784197001252e-15
16014336 7.105427357601002e-15
16019328 8.881784197001252e-15
16024320 7.105427357601002e-15
16029312 8.881784197001252e-15
16034304 7.105427357601002e-15
16039296 8.881784197001252e-15
16044288 7.105427357601002e-15
16049280 8.881784197001252e-15
16054272 8.881784197001252e-15
16059264 8.881784197001252e-15
16064256 7.105427357601002e-15
16069248 8.881784197001252e-15
16074240 7.105427357601002e-15
16079232 8.881784197001252e-15
16084224 7.105427357601002e-15
16089216 1.0658141036401503e-14
16094208 7.105427357601002e-15
16099200 7.105427357601002e-15
16104192 8.881784197001252e-15
16109184 1.0658141036401503e-14
16114176 7.105427357601002e-15
16119168 8.881784197001252e-15
16124160 8.881784197001252e-15
16129152 7.105427357601002e-15
16134144 7.105427357601002e-15
16139136 7.105427357601002e-15
16144128 7.105427357601002e-15
16149120 8.881784197001252e-15
16154112 7.105427357601002e-15
16159104 7.105427357601002e-15
16164096 8.881784197001252e-15
16169088 7.105427357601002e-15
16174080 8.881784197001252e-15
16179072 8.881784197001252e-15
16184064 7.105427357601002e-15
16189056 7.105427357601002e-15
16194048 8.881784197001252e-15
16199040 8.881784197001252e-15
16204032 7.105427357601002e-15
16209024 7.105427357601002e-15
16214016 7.105427357601002e-15
16219008 7.105427357601002e-15
16224000 8.881784197001252e-15
16228992 5.329070518200751e-15
16233984 7.105427357601002e-15
16238976 8.881784197001252e-15
16243968 8.881784197001252e-15
16248960 7.105427357601002e-15
16253952 8.881784197001252e-15
16258944 5.329070518200751e-15
16263936 7.105427357601002e-15
16268928 8.881784197001252e-15
16273920 8.881784197001252e-15
16278912 8.881784197001252e-15
16283904 7.105427357601002e-15
16288896 7.105427357601002e-15
16293888 7.105427357601002e-15
16298880 7.105427357601002e-15
16303872 7.105427357601002e-15
