0 21.13344681157158
4992 6.803158625864516
9984 3.682478045124265
14976 2.3507072689910924
19968 1.8737655899751422
24960 1.5272463501868336
29952 1.2683840185781992
34944 1.0768453519972168
39936 0.9547196924476591
44928 0.8448642358740823
49920 0.7624916187360249
54912 0.689255349171709
59904 0.6303382508719464
64896 0.5855563618054571
69888 0.5435335317281513
74880 0.5088037397179637
79872 0.47705301356898033
84864 0.447419921215662
89856 0.4208449394269098
94848 0.40027614280839074
99840 0.3805884017288128
104832 0.3627583390885336
109824 0.3469972439644269
114816 0.33190344475969
119808 0.3175047639614146
124800 0.30380755103410184
129792 0.2922679170957587
134784 0.2818263413188262
139776 0.2717373762888218
144768 0.26276492194176493
149760 0.25432984864785624
154752 0.2461562768354999
159744 0.23825277656563326
164736 0.23062303656878846
169728 0.22326703374598944
174720 0.21699292339755338
179712 0.21105274637766946
184704 0.2052659490009705
189696 0.19997867746067177
194688 0.19498547722606707
199680 0.19010486054990317
204672 0.18533994172817048
209664 0.18069246591468469
214656 0.17616307383597185
219648 0.17175152188160858
224640 0.16747593079508016
229632 0.16374839726682788
234624 0.1600903404134466
239616 0.15650330849720495
244608 0.1530206042890856
249600 0.14980028031880854
254592 0.14663118177926915
259584 0.14351466703215987
264576 0.1404517416620199
269568 0.13744311181837165
274560 0.13448922954576226
279552 0.131590331318447
284544 0.12874647081678958
289536 0.12595754682708682
294528 0.1232233270129175
299520 0.12054346819150918
304512 0.11808477730680789
309504 0.11567262314577675
314496 0.11329952896314532
319488 0.11096584370191742
324480 0.10867180155662615
329472 0.1064175348757872
334464 0.10420308561823166
339456 0.10202841554586461
344448 0.09989341530981921
349440 0.09779791256521753
354432 0.09574167923109655
359424 0.09372443799627783
364416 0.09174586815828611
369408 0.0898056108709655
374400 0.08790327386652441
379392 0.08603843570919745
384384 0.08421064963066627
389376 0.08241944699100312
394368 0.08066434040363202
399360 0.07894482655828572
404352 0.07726038877184926
409344 0.07561049929364749
414336 0.07399462138882473
419328 0.07241221122067465
424320 0.07087706428819285
429312 0.06939982230482311
434304 0.06795142442681801
439296 0.06653150086919446
444288 0.06513967019180633
449280 0.06377554102364602
454272 0.06243871363980258
459264 0.06112878140278433
464256 0.05984533207882414
469248 0.058587949039027976
474240 0.05735621235440913
479232 0.05614969979303108
484224 0.054967987727070344
489216 0.05381065195670942
494208 0.052677268457448356
499200 0.05156741405689402
504192 0.05048066704641663
509184 0.0494166077330247
514176 0.04837481893598117
519168 0.047354886432681376
524160 0.04635639935774538
529152 0.045378950559170406
534144 0.044422136914869625
539136 0.043485559612892466
544128 0.04256882439824228
549120 0.041671541789019884
554112 0.04079332726445095
559104 0.03993380142707981
564096 0.03909259014131283
569088 0.03826932465032851
574080 0.03746364167315619
579072 0.03667518348366894
584064 0.03590359797299225
589056 0.03514853869686796
594048 0.034409664909257565
599040 0.03368664158342849
604032 0.032979139421700054
609024 0.032286834854816426
614016 0.031609410032063856
619008 0.030946552802867622
624000 0.030297956690802152
628992 0.02966332086072665
633984 0.02904235007978695
638976 0.028434754672849394
643968 0.027840250473058603
648960 0.02725855876802541
653952 0.02668940624206595
658944 0.026132524915112754
663936 0.02558765207856961
668928 0.02505453022860049
673920 0.02453290699712607
678912 0.024022535080956864
683904 0.023523172169228168
688896 0.02303458086953558
693888 0.022556528632939887
698880 0.022088787678116617
703872 0.02163113491479418
708864 0.021183351866776334
713856 0.020745224594587164
718848 0.020316543618010385
723840 0.01989710383862775
728832 0.019486704462400084
733824 0.019086189767047124
738816 0.018694958756711344
743808 0.018312153861923086
748800 0.01793759115685134
753792 0.017571090629425967
758784 0.017212476108681152
763776 0.016861575192605116
768768 0.01651821917646945
773760 0.0161822429818681
778752 0.015853485086355867
783744 0.015531787453856971
788736 0.015216995465829442
793728 0.014908957853315918
798720 0.014607526629755618
803712 0.014312557024773298
808704 0.014023907418857284
813696 0.013741439278954992
818688 0.013465017095082743
823680 0.013194508317845077
828672 0.012929783297018993
833664 0.012670715221069884
838656 0.012417180057705757
843648 0.012169056495452857
848640 0.011926225886199404
853632 0.011688572188790936
858624 0.011455981913646163
863616 0.011228344068325846
868608 0.011005550104166595
873600 0.01078749386386324
878592 0.010574071530095708
883584 0.01036663749304001
888576 0.010164209359598608
893568 0.009966041122281055
898560 0.00977204037434376
903552 0.009582116714817346
908544 0.009396181706611273
913536 0.009214148835300584
918528 0.009035933468703128
923520 0.00886145281716555
928512 0.008690625894650417
933504 0.008523373480453955
938496 0.008359618081755116
943488 0.008199283896796139
948480 0.008042296778807412
953472 0.00788858420066152
958464 0.007738075220149021
963456 0.0075907004460029626
968448 0.007446392004559321
973440 0.007305083507095134
978432 0.0071667100178158805
983424 0.0070312080225178875
988416 0.0068985153978191605
993408 0.006768571381080335
998400 0.00664131654093314
1003392 0.006516692748362196
1008384 0.006394643148469825
1013376 0.006275112132711591
1018368 0.006158045311837945
1023360 0.006043389489298612
1028352 0.0059310926352331705
1033344 0.005821103861051391
1038336 0.0057133733944709775
1043328 0.005607852555135295
1048320 0.005504493730749793
1053312 0.0054032503536785015
1058304 0.005304076878083208
1063296 0.005206928757538698
1068288 0.005111762423108068
1073280 0.005018535261896773
1078272 0.004927205596084505
1083264 0.004837732662370087
1088256 0.004750076591907515
1093248 0.004664198390615937
1098240 0.0045800599199559144
1103232 0.004497623878123136
1108224 0.004416853781599173
1113216 0.0043377139471854065
1118208 0.004260169474337161
1123200 0.004184186227940145
1128192 0.004109730821452828
1133184 0.004036770600391648
1138176 0.00396527362618837
1143168 0.0038952086604222558
1148160 0.0038265451493657565
1153152 0.003759253208863278
1158144 0.003693303609585641
1163136 0.0036286677625456676
1168128 0.003565317704994797
1173120 0.0035032260865639486
1178112 0.003442366155766763
1183104 0.0033827117467568613
1188096 0.0033242372664057385
1193088 0.00326691768163645
1198080 0.003210728507056615
1203072 0.0031556457928658688
1208064 0.0031016461130084494
1213056 0.003048706553597569
1218048 0.0029968047016071253
1223040 0.002945918633804112
1228032 0.002896026905899518
1233024 0.0028471085419941033
1238016 0.002799143024195594
1243008 0.002752110282505882
1248000 0.0027061023187044952
1252992 0.0026616488245805314
1257984 0.0026180457478375274
1262976 0.0025752753532790607
1267968 0.0025333202903068397
1272960 0.0024921635844732393
1277952 0.0024517886292327873
1282944 0.002412179177842866
1287936 0.0023733193354749105
1292928 0.0023351935514712707
1297920 0.0022977866117948054
1302912 0.0022612045285130833
1307904 0.00222594725910108
1312896 0.0021913414486469662
1317888 0.0021573737428277617
1322880 0.0021240310752048686
1327872 0.0020913006609197815
1332864 0.0020591699904937144
1337856 0.002027626823763562
1342848 0.0019966591839666314
1347840 0.0019662553519443904
1352832 0.0019364038605016454
1357824 0.0019070934888287816
1362816 0.001878313257121178
1367808 0.0018500524212603509
1372800 0.0018223004676571897
1377792 0.0017950471081609187
1382784 0.0017682822751190486
1387776 0.0017419961165550113
1392768 0.001716178991381767
1397760 0.0016908214648241326
1402752 0.001665914303858873
1407744 0.0016414484727875767
1412736 0.0016174151289196637
1417728 0.0015938056183308902
1422720 0.0015706114717133346
1427712 0.0015478244003386266
1432704 0.0015254362920944509
1437696 0.0015034392075983227
1442688 0.0014818253764494749
1447680 0.001460587193467866
1452672 0.0014397172151321413
1457664 0.0014192081559945002
1462656 0.0013990528852452222
1467648 0.0013792444233193812
1472640 0.0013597759385790553
1477632 0.0013406407440825774
1482624 0.0013218322944243965
1487616 0.0013033441826215686
1492608 0.001285170137111713
1497600 0.001267304018761628
1502592 0.0012497398180078
1507584 0.0012326465060321645
1512576 0.0012160738713626884
1517568 0.0011997730388784156
1522560 0.0011837388131068494
1527552 0.0011679661069279312
1532544 0.001152449939235911
1537536 0.0011375110239688624
1542528 0.0011229034586937026
1547520 0.0011085251349660652
1552512 0.0010943717976457101
1557504 0.0010804392790468853
1562496 0.001066723497037625
1567488 0.0010532204532047729
1572480 0.0010399262310354374
1577472 0.001026836994165059
1582464 0.0010139489846392458
1587456 0.00100125852122801
1592448 0.0009887619977817508
1597440 0.0009764558816005575
1602432 0.0009643367118683521
1607424 0.0009524010980994646
1612416 0.0009406457186313943
1617408 0.000929067319145549
1622400 0.0009176627112226221
1627392 0.0009064287709219521
1632384 0.0008953624374168356
1637376 0.0008844607116182956
1642368 0.0008737206548699028
1647360 0.0008631393876541438
1652352 0.0008527140883130002
1657344 0.0008424419918262593
1662336 0.0008323203885955976
1667328 0.0008223466232606391
1672320 0.0008125180935385501
1677312 0.000802832249097829
1682304 0.0007932865904463071
1687296 0.0007838786678528997
1692288 0.000774606080285789
1697280 0.0007654664743719231
1702272 0.0007564575433924858
1707264 0.0007475770262841408
1712256 0.0007389202617744672
1717248 0.0007305106554884588
1722240 0.0007222159672028994
1727232 0.00071415623964044
1732224 0.0007063125229660461
1737216 0.0006985709273086282
1742208 0.0006909298280495246
1747200 0.0006833876310108344
1752192 0.0006759427718221467
1757184 0.0006685937153039223
1762176 0.0006613389548786319
1767168 0.0006541770119676826
1772160 0.0006471064354205414
1777152 0.0006401258009585131
1782144 0.0006332337106043084
1787136 0.0006264287921704526
1792128 0.0006197096987052841
1797120 0.0006130751079864716
1802112 0.0006065237220280739
1807104 0.0006000542665605124
1812096 0.0005936654905716043
1817088 0.0005873561658151782
1822080 0.0005811250863598794
1827072 0.0005749710681322018
1832064 0.000568892948466182
1837056 0.0005628895856777394
1842048 0.0005569598586412372
1847040 0.000551102666368708
1852032 0.0005453169275999592
1857024 0.000539601580412441
1862016 0.0005339555818322239
1867008 0.0005283779074478634
1872000 0.0005228675510320357
1876992 0.0005174235241958147
1881984 0.0005120448560096413
1886976 0.0005067305926678145
1891968 0.0005014797971387708
1896960 0.0004962915488406772
1901952 0.0004911649432988163
1906944 0.0004860990918367225
1911936 0.00048109312125599324
1916928 0.000476149495942213
1921920 0.00047136933082736476
1926912 0.0004666859840976034
1931904 0.00046211872849111213
1936896 0.00045760061500510485
1941888 0.0004531310227116059
1946880 0.0004487093402723019
1951872 0.0004443349657526907
1956864 0.000440007306452328
1961856 0.0004357257787418467
1966848 0.000431489807888763
1971840 0.00042729882790670803
1976832 0.0004231522813811228
1981824 0.0004190496193317017
1986816 0.00041499030104674706
1991808 0.00041097379394117173
1996800 0.0004069995734063969
2001792 0.00040306712267290656
2006784 0.0003991759326567035
2011776 0.00039532550184362414
2016768 0.00039151533613202005
2021760 0.00038774494871607335
2026752 0.00038401385994890624
2031744 0.0003803215972201235
2036736 0.00037666769482702644
2041728 0.00037305169385881687
2046720 0.00036947314207158577
2051712 0.0003659315937731833
2056704 0.00036242660971286256
2061696 0.0003589577569617086
2066688 0.00035552460881038694
2071680 0.00035212674464946137
2076672 0.00034876374988168646
2081664 0.00034543521579954994
2086656 0.0003421407394962328
2091648 0.0003388799237585838
2096640 0.00033565237697652517
2101632 0.0003324577130413564
2106624 0.0003292955512542717
2111616 0.0003261655162332122
2116608 0.0003230672378259358
2121600 0.00032000035101464874
2126592 0.00031696449583995534
2131584 0.00031395931730326954
2136576 0.0003109844652947613
2141568 0.0003080395945040948
2146560 0.00030512436434082524
2151552 0.0003022384388623456
2156544 0.00029938148668939846
2161536 0.0002965531809320243
2166528 0.0002937531991190623
2171520 0.00029098122311910224
2176512 0.0002882369390775352
2181504 0.00028552003733861575
2186496 0.00028283021238051376
2191488 0.0002801671627481461
2196480 0.0002775305909855641
2201472 0.0002749282295347877
2206464 0.00027237654600731354
2211456 0.00026987259375951984
2216448 0.0002674016776521883
2221440 0.0002649538168243235
2226432 0.0002625287865781964
2231424 0.0002601263646161006
2236416 0.00025774633100711375
2241408 0.00025538846815904154
2246400 0.0002530525607910873
2251392 0.00025073839590195393
2256384 0.00024844576274309256
2261376 0.000246174452792753
2266368 0.00024392425972658179
2271360 0.00024169497939067856
2276352 0.0002394864097751987
2281344 0.00023729835099085828
2286336 0.00023513060523927543
2291328 0.00023298297678998534
2296320 0.0002308552719547871
2301312 0.0002287472990629997
2306304 0.0002266588684379789
2311296 0.00022458979237276536
2316288 0.00022253988510602743
2321280 0.00022050896279975432
2326272 0.00021849684351584256
2331264 0.00021650334719335203
2336256 0.00021452829562724346
2341248 0.00021257151244497702
2346240 0.00021063282308747197
2351232 0.00020871205478430535
2356224 0.00020680903653515215
2361216 0.00020492359909024538
2366208 0.0002030555749257812
2371200 0.00020120479822820572
2376192 0.00019937110487192565
2381184 0.00019755433240021408
2386176 0.00019575432000695954
2391168 0.0001939709085162205
2396160 0.00019220394036378527
2401152 0.0001904532595805846
2406144 0.00018871871177172234
2411136 0.00018700014409906741
2416128 0.00018529740526637174
2421120 0.0001836103454977006
2426112 0.0001819388165232791
2431104 0.00018028267156071365
2436096 0.00017864176529914025
2441088 0.00017701595388222753
2446080 0.0001754050948917195
2451072 0.00017380904733209877
2456064 0.00017222767161384316
2461056 0.00017066082953868904
2466048 0.00016910838428310128
2471040 0.0001675702003830267
2476032 0.00016604614371981165
2481024 0.000164536081505259
2486016 0.00016303988226499568
2491008 0.0001615574158274763
2496000 0.00016008855330615877
2500992 0.0001586331670873544
2505984 0.00015719113081645066
2510976 0.0001557623193831504
2515968 0.00015434660890786302
2520960 0.00015294387673030208
2525952 0.0001515540013925648
2530944 0.00015017686263104658
2535936 0.00014881234135834254
2540928 0.00014746031965535977
2545920 0.00014612068075376024
2550912 0.00014479330902826028
2555904 0.00014347808998166865
2560896 0.0001421749102334148
2565888 0.00014088365750826882
2570880 0.00013960422062267528
2575872 0.00013833648947605796
2580864 0.0001370803550366194
2585856 0.00013583570933014925
2590848 0.0001346024454330066
2595840 0.0001333804574531394
2600832 0.00013216964052832538
2605824 0.00013096989080743117
2610816 0.00012978110544430762
2615808 0.0001286031825861074
2620800 0.0001274360213640545
2625792 0.00012627952187909894
2630784 0.00012513358519618788
2635776 0.00012399811333370283
2640768 0.00012287300925070948
2645760 0.0001217581768397048
2650752 0.00012065352091575939
2655744 0.00011955894720720381
2660736 0.00011847436234706157
2665728 0.0001173996738631361
2670720 0.00011633479016707072
2675712 0.00011527962054775753
2680704 0.0001142340751613671
2685696 0.00011319806502277201
2690688 0.00011217150199568059
2695680 0.00011115429878449067
2700672 0.00011014636892679296
2705664 0.00010914762678285346
2710656 0.00010815798752848195
2715648 0.0001071773671473663
2720640 0.00010620568242139007
2725632 0.00010524285092345775
2730624 0.00010428879100878637
2735616 0.0001033434218069857
2740608 0.00010240666321614106
2745600 0.00010147843589144567
2750592 0.00010055866124255176
2755584 9.964726141946639e-05
2760576 9.874415931216806e-05
2765568 9.784927853652165e-05
2770560 9.696254343337114e-05
2775552 9.60838790558527e-05
2780544 9.521321116504836e-05
2785536 9.435046622228906e-05
2790528 9.349557138376742e-05
2795520 9.264845448955696e-05
2800512 9.18090440615877e-05
2805504 9.097726929239384e-05
2810496 9.015306004309543e-05
2815488 8.933634683221288e-05
2820480 8.852706083265979e-05
2825472 8.77251338636557e-05
2830464 8.693049838360938e-05
2835456 8.614308748662071e-05
2840448 8.53628348915442e-05
2845440 8.458967494119098e-05
2850432 8.382354259255445e-05
2855424 8.30643734120529e-05
2860416 8.231210356862088e-05
2865408 8.156666982989808e-05
2870400 8.08280095529277e-05
2875392 8.009606068274007e-05
2880384 7.937076174212472e-05
2885376 7.865205182953569e-05
2890368 7.793987061099992e-05
2895360 7.723415831672152e-05
2900352 7.653485573439183e-05
2905344 7.584190420184891e-05
2910336 7.515524560626659e-05
2915328 7.44748223750133e-05
2920320 7.380057747205775e-05
2925312 7.313245439190437e-05
2930304 7.247039715493724e-05
2935296 7.181435030323684e-05
2940288 7.116425889351543e-05
2945280 7.052006849309804e-05
2950272 6.988172517645918e-05
2955264 6.924917551707956e-05
2960256 6.862236658627431e-05
2965248 6.80012459454149e-05
2970240 6.738576164314319e-05
2975232 6.677586220940526e-05
2980224 6.617149665261168e-05
2985216 6.557261445128875e-05
2990208 6.497916555480094e-05
2995200 6.439110037450776e-05
3000192 6.3808369782255e-05
3005184 6.32309251034544e-05
3010176 6.265871811367025e-05
3015168 6.20917010359925e-05
3020160 6.152982653461012e-05
3025152 6.097304771154064e-05
3030144 6.042131810130849e-05
3035136 5.987459166907237e-05
3040128 5.93328228046695e-05
3045120 5.87959663194298e-05
3050112 5.826397744040316e-05
3055104 5.773681181077666e-05
3060096 5.72144254798743e-05
3065088 5.669677490363796e-05
3070080 5.618381694080148e-05
3075072 5.56755088458559e-05
3080064 5.517180826840589e-05
3085056 5.467267324701323e-05
3090048 5.417806220929435e-05
3095040 5.368793396290459e-05
3100032 5.320224769610237e-05
3105024 5.272096297331656e-05
3110016 5.224403973004511e-05
3115008 5.1771438270598134e-05
3120000 5.130311926458773e-05
3124992 5.083904374353614e-05
3129984 5.037917309701429e-05
3134976 4.992346906918226e-05
3139968 4.9471893756170785e-05
3144960 4.902440960236629e-05
3149952 4.858097939617126e-05
3154944 4.814156627014343e-05
3159936 4.770613369196701e-05
3164928 4.727464546687519e-05
3169920 4.684706573200191e-05
3174912 4.642335895385565e-05
3179904 4.6003489923516876e-05
3184896 4.558742375596406e-05
3189888 4.517512588592381e-05
3194880 4.4766562065670385e-05
3199872 4.436169836038312e-05
3204864 4.3960501146489764e-05
3209856 4.356293710959438e-05
3214848 4.316897323778648e-05
3219840 4.2778576826023405e-05
3224832 4.239171546342041e-05
3229824 4.200835703963707e-05
3234816 4.162846973794531e-05
3239808 4.1252022030747754e-05
3244800 4.087898268127603e-05
3249792 4.0509320736813615e-05
3254784 4.014300552898772e-05
3259776 3.978000666952008e-05
3264768 3.942029404821598e-05
3269760 3.906383782973548e-05
3274752 3.871060845155212e-05
3279744 3.836057662263189e-05
3284736 3.801371331766008e-05
3289728 3.7669989777784196e-05
3294720 3.732937750700613e-05
3299712 3.6991848269369784e-05
3304704 3.665737408600723e-05
3309696 3.6325927235479616e-05
3314688 3.59974802474918e-05
3319680 3.567200590399392e-05
3324672 3.534947723385145e-05
3329664 3.5029867514279386e-05
3334656 3.4713150264930074e-05
3339648 3.439929924654579e-05
3344640 3.408828846078937e-05
3349632 3.378009214583845e-05
3354624 3.3474684774775646e-05
3359616 3.3172041053098136e-05
3364608 3.287213591760571e-05
3369600 3.2574944533852014e-05
3374592 3.2280442292762944e-05
3379584 3.198860481080034e-05
3384576 3.169940792555753e-05
3389568 3.141282769554294e-05
3394560 3.112884039759749e-05
3399552 3.084742252413772e-05
3404544 3.0568550782129455e-05
3409536 3.0292202090326367e-05
3414528 3.0018353578271408e-05
3419520 2.974698258370297e-05
3424512 2.9478066650043006e-05
3429504 2.921158352693371e-05
3434496 2.8947511163435668e-05
3439488 2.868582771318128e-05
3444480 2.8426511525544377e-05
3449472 2.8169541149068895e-05
3454464 2.7914895326171035e-05
3459456 2.7662552993817317e-05
3464448 2.741249327933436e-05
3469440 2.716469550115958e-05
3474432 2.691913916536351e-05
3479424 2.6675803963936316e-05
3484416 2.643466977524057e-05
3489408 2.61957166586722e-05
3494400 2.5958924856354015e-05
3499392 2.572427478919723e-05
3504384 2.549174705638907e-05
3509376 2.526132243441245e-05
3514368 2.5032981873484997e-05
3519360 2.480670649638206e-05
3524352 2.4582477599567956e-05
3529344 2.4360276647601275e-05
3534336 2.4140085274517017e-05
3539328 2.3921885280790397e-05
3544320 2.3705658632085453e-05
3549312 2.3491387458734634e-05
3554304 2.327905405299425e-05
3559296 2.306864086731495e-05
3564288 2.2860130514951258e-05
3569280 2.26535057657577e-05
3574272 2.244874954678358e-05
3579264 2.224584494043072e-05
3584256 2.2044775181727545e-05
3589248 2.1845523658921718e-05
3594240 2.1648073910463883e-05
3599232 2.145240962450677e-05
3604224 2.1258514637464065e-05
3609216 2.106637293278115e-05
3614208 2.0875968638135256e-05
3619200 2.0687286026573656e-05
3624192 2.0500309512951845e-05
3629184 2.031502365360807e-05
3634176 2.0131413146484527e-05
3639168 1.9949462826953637e-05
3644160 1.9769157667615285e-05
3649152 1.9590482778883162e-05
3654144 1.941342340574452e-05
3659136 1.9237964926440473e-05
3664128 1.906409285265813e-05
3669120 1.8891792826370574e-05
3674112 1.8721050621477034e-05
3679104 1.8551852140099917e-05
3684096 1.8384183411580173e-05
3689088 1.8218030592910984e-05
3694080 1.8053379966476765e-05
3699072 1.78902179388072e-05
3704064 1.7728531040453206e-05
3709056 1.756830592211699e-05
3714048 1.7409529357040212e-05
3719040 1.7252188239973783e-05
3724032 1.709626958185681e-05
3729024 1.6941760511481724e-05
3734016 1.67886482758758e-05
3739008 1.663692023698112e-05
3744000 1.648656387191424e-05
3748992 1.633756676924531e-05
3753984 1.618991663331266e-05
3758976 1.6043601276638595e-05
3763968 1.58986086246783e-05
3768960 1.5754926710786002e-05
3773952 1.5612543677000364e-05
3778944 1.547144777398887e-05
3783936 1.53316273577127e-05
3788928 1.5193070890050925e-05
3793920 1.5055766936697781e-05
3798912 1.4919704168344793e-05
3803904 1.478487135782411e-05
3808896 1.465125737878264e-05
3813888 1.4518851207344558e-05
3818880 1.438764191709211e-05
3823872 1.4257618683173752e-05
3828864 1.4128770777706171e-05
3833856 1.4001087569074635e-05
3838848 1.3874558523974015e-05
3843840 1.37491732025702e-05
3848832 1.3624921261136771e-05
3853824 1.3501792448424878e-05
3858816 1.3379776606482134e-05
3863808 1.3258863669210084e-05
3868800 1.3139043662617586e-05
3873792 1.3020306702157466e-05
3878784 1.2902642991992623e-05
3883776 1.2786042826922546e-05
3888768 1.2670496588796125e-05
3893760 1.2555994745517434e-05
3898752 1.2442527853386747e-05
3903744 1.2330086551715731e-05
3908736 1.2218661567141385e-05
3913728 1.2108243708059741e-05
3918720 1.199882386762564e-05
3923712 1.1890393020403951e-05
3928704 1.1782942223775134e-05
3933696 1.1676462615239913e-05
3938688 1.1570945412273884e-05
3943680 1.146638191243084e-05
3948672 1.1362763492285023e-05
3953664 1.1260081606567231e-05
3958656 1.1158327785843651e-05
3963648 1.1057493638745304e-05
3968640 1.0957570850215863e-05
3973632 1.085855117898861e-05
3978624 1.0760426459766547e-05
3983616 1.0663188599996029e-05
3988608 1.0566829581510847e-05
3993600 1.0471341458048863e-05
3998592 1.0376716354819956e-05
4003584 1.0282946469473996e-05
4008576 1.019002406931922e-05
4013568 1.0097941492646033e-05
4018560 1.0006691145710012e-05
4023552 9.916265503951078e-06
4028544 9.826657111779375e-06
4033536 9.73785858083328e-06
4038528 9.649862587779445e-06
4043520 9.562661878352325e-06
4048512 9.476249261240462e-06
4053504 9.390617613286105e-06
4058496 9.305759872512602e-06
4063488 9.22166904267468e-06
4068480 9.1383381910199e-06
4073472 9.055760446429026e-06
4078464 8.9739290011835e-06
4083456 8.89283710739765e-06
4088448 8.812478080348228e-06
4093440 8.732845294813702e-06
4098432 8.65393218453124e-06
4103424 8.57573224386887e-06
4108416 8.498239026523088e-06
4113408 8.421446143440814e-06
4118400 8.345347262811486e-06
4123392 8.269936112258278e-06
4128384 8.19520647383186e-06
4133376 8.121152187389412e-06
4138368 8.047767147638016e-06
4143360 7.975045305783936e-06
4148352 7.902980664783164e-06
4153344 7.831567286032412e-06
4158336 7.760799281259715e-06
4163328 7.69067081704929e-06
4168320 7.621176111962714e-06
4173312 7.55230943810212e-06
4178304 7.484065117908825e-06
4183296 7.416437525616267e-06
4188288 7.349421086726604e-06
4193280 7.283010277644476e-06
4198272 7.217199623242695e-06
4203264 7.151983698156135e-06
4208256 7.087357127810853e-06
4213248 7.0233145846812116e-06
4218240 6.9598507904065085e-06
4223232 6.896960512267972e-06
4228224 6.834638567652419e-06
4233216 6.772879818958948e-06
4238208 6.711679175520576e-06
4243200 6.65103159347484e-06
4248192 6.5909320737586184e-06
4253184 6.531375661888094e-06
4258176 6.47235744929243e-06
4263168 6.413872572055444e-06
4268160 6.355916209524796e-06
4273152 6.298483583961245e-06
4278144 6.241569962133354e-06
4283136 6.185170653005151e-06
4288128 6.129281008294984e-06
4293120 6.073896421407963e-06
4298112 6.019012326948772e-06
4303104 5.964624202758342e-06
4308096 5.910727564111906e-06
4313088 5.857317971341214e-06
4318080 5.80439101970651e-06
4323072 5.751942349559354e-06
4328064 5.699967636824685e-06
4333056 5.648462598133489e-06
4338048 5.5974229886020786e-06
4343040 5.546844601897255e-06
4348032 5.496723269195582e-06
4353024 5.447054859710908e-06
4358016 5.397835280754261e-06
4363008 5.3490604742633795e-06
4368000 5.300726422121532e-06
4372992 5.252829140063814e-06
4377984 5.205364680788973e-06
4382976 5.158329132553738e-06
4387968 5.11171861919136e-06
4392960 5.065529299272712e-06
4397952 5.0197573662282046e-06
4402944 4.974399047955795e-06
4407936 4.9294506056852855e-06
4412928 4.884908336059068e-06
4417920 4.8407685678890605e-06
4422912 4.79702766406436e-06
4427904 4.753682018688839e-06
4432896 4.710728060931476e-06
4437888 4.668162250116598e-06
4442880 4.625981078963204e-06
4447872 4.5841810704585085e-06
4452864 4.5427587808089215e-06
4457856 4.5017107964709065e-06
4462848 4.461033733302159e-06
4467840 4.420724241677659e-06
4472832 4.380778997503882e-06
4477824 4.341194709354425e-06
4482816 4.301968116672181e-06
4487808 4.263095985346065e-06
4492800 4.224575112899868e-06
4497792 4.186402324238693e-06
4502784 4.148574474522899e-06
4507776 4.111088445829953e-06
4512768 4.073941149026388e-06
4517760 4.0371295236852635e-06
4522752 4.00065053563666e-06
4527744 3.964501179173051e-06
4532736 3.92867847491703e-06
4537728 3.893179471997822e-06
4542720 3.858001243631855e-06
4547712 3.823140892567138e-06
4552704 3.7885955448898093e-06
4557696 3.754362355001817e-06
4562688 3.7204385008827653e-06
4567680 3.6868211879571844e-06
4572672 3.653507645051782e-06
4577664 3.6204951284143656e-06
4582656 3.587780916591691e-06
4587648 3.5553623145721184e-06
4592640 3.5232366502529555e-06
4597632 3.4914012775531756e-06
4602624 3.459853571602785e-06
4607616 3.4285909342315966e-06
4612608 3.3976107886840698e-06
4617600 3.366910581901095e-06
4622592 3.3364877848918748e-06
4627584 3.30633989044802e-06
4632576 3.2764644145128147e-06
4637568 3.246858894397894e-06
4642560 3.217520892094696e-06
4647552 3.188447988988622e-06
4652544 3.159637789689173e-06
4657536 3.131087920866545e-06
4662528 3.10279602952997e-06
4667520 3.0747597842289585e-06
4672512 3.0469768749116213e-06
4677504 3.019445013067296e-06
4682496 2.9921619288364703e-06
4687488 2.965125374804298e-06
4692480 2.938333123128628e-06
4697472 2.9117829667872435e-06
4702464 2.8854727166842072e-06
4707456 2.8594002059182853e-06
4712448 2.833563286216517e-06
4717440 2.8079598280696333e-06
4722432 2.782587722148023e-06
4727424 2.7574448776662144e-06
4732416 2.7325292236818593e-06
4737408 2.7078387063668484e-06
4742400 2.6833712909315815e-06
4747392 2.6591249625498186e-06
4752384 2.635097722288179e-06
4757376 2.6112875907890662e-06
4762368 2.587692606791954e-06
4767360 2.564310825387846e-06
4772352 2.5411403198825596e-06
4777344 2.5181791817135122e-06
4782336 2.495425518926175e-06
4787328 2.4728774558538792e-06
4792320 2.45053313555177e-06
4797312 2.4283907166717286e-06
4802304 2.4064483745025013e-06
4807296 2.384704301945672e-06
4812288 2.3631567059957724e-06
4817280 2.3418038122022613e-06
4822272 2.3206438608949027e-06
4827264 2.2996751089795293e-06
4832256 2.2788958281500036e-06
4837248 2.2583043066763653e-06
4842240 2.23789884758367e-06
4847232 2.2176777696392635e-06
4852224 2.1976394076982222e-06
4857216 2.177782109305518e-06
4862208 2.158104238811947e-06
4867200 2.138604175542765e-06
4872192 2.1192803115960897e-06
4877184 2.1001310557393777e-06
4882176 2.0811548298589854e-06
4887168 2.062350070216611e-06
4892160 2.0437152276068295e-06
4897152 2.0252487670886836e-06
4902144 2.006949166762976e-06
4907136 1.988814918584309e-06
4912128 1.9708445285733587e-06
4917120 1.9530365161851763e-06
4922112 1.9353894142105818e-06
4927104 1.9179017686198345e-06
4932096 1.9005721385709955e-06
4937088 1.8833990952893365e-06
4942080 1.8663812252941157e-06
4947072 1.849517126263796e-06
4952064 1.8328054077376872e-06
4957056 1.8162446931954858e-06
4962048 1.7998336185695465e-06
4967040 1.7835708314542417e-06
4972032 1.7674549918789563e-06
4977024 1.7514847715526297e-06
4982016 1.7356588555250788e-06
4987008 1.719975939326669e-06
4992000 1.7044347308245363e-06
4996992 1.6890339496785349e-06
5001984 1.673772327186792e-06
5006976 1.6586486054684098e-06
5011968 1.6436615390375638e-06
5016960 1.6288098917111417e-06
5021952 1.6140924417891022e-06
5026944 1.5995079749119131e-06
5031936 1.585055290729561e-06
5036928 1.5707331979282067e-06
5041920 1.5565405159247668e-06
5046912 1.542476076743518e-06
5051904 1.5285387201858277e-06
5056896 1.5147272985122675e-06
5061888 1.5010406743109903e-06
5066880 1.4874777189862034e-06
5071872 1.4740373155062688e-06
5076864 1.4607183567794731e-06
5081856 1.4475197445907917e-06
5086848 1.4344403927086288e-06
5091840 1.4214792226864618e-06
5096832 1.4086351661756613e-06
5101824 1.395907165873707e-06
5106816 1.383294173010221e-06
5111808 1.3707951477923993e-06
5116800 1.3584090614206782e-06
5121792 1.3461348919593073e-06
5126784 1.3339716297360146e-06
5131776 1.3219182710042215e-06
5136768 1.3099738240649497e-06
5141760 1.2981373032502447e-06
5146752 1.286407735797722e-06
5151744 1.2747841525930393e-06
5156736 1.263265597860631e-06
5161728 1.2518511216024012e-06
5166720 1.2405397838573771e-06
5171712 1.2293306524460544e-06
5176704 1.2182228033775415e-06
5181696 1.2072153224187531e-06
5186688 1.1963073020423808e-06
5191680 1.1854978440723732e-06
5196672 1.1747860572037155e-06
5201664 1.1641710592958423e-06
5206656 1.1536519761224165e-06
5211648 1.1432279398036684e-06
5216640 1.132898092767162e-06
5221632 1.1226615838303154e-06
5226624 1.112517569032119e-06
5231616 1.1024652127111109e-06
5236608 1.0925036864159628e-06
5241600 1.0826321703034242e-06
5246592 1.0728498505527164e-06
5251584 1.0631559209774434e-06
5256576 1.0535495831561701e-06
5261568 1.0440300455286385e-06
5266560 1.0345965235877456e-06
5271552 1.0252482406230965e-06
5276544 1.0159844261043436e-06
5281536 1.0068043166386724e-06
5286528 9.977071564015892e-07
5291520 9.886921955204909e-07
5296512 9.797586908091776e-07
5301504 9.709059071415035e-07
5306496 9.621331148507888e-07
5311488 9.534395907158952e-07
5316480 9.44824618924417e-07
5321472 9.362874895863489e-07
5326464 9.27827499228658e-07
5331456 9.194439509073362e-07
5336448 9.111361540201993e-07
5341440 9.029034238442374e-07
5346432 8.947450823963834e-07
5351424 8.866604571598533e-07
5356416 8.786488823245276e-07
5361408 8.707096977951572e-07
5366400 8.628422488946103e-07
5371392 8.55045889044278e-07
5376384 8.473199737525793e-07
5381376 8.39663868302558e-07
5386368 8.320769405538306e-07
5391360 8.245585664213984e-07
5396352 8.171081260908471e-07
5401344 8.097250050839071e-07
5406336 8.024085962823072e-07
5411328 7.951582966029256e-07
5416320 7.879735081809126e-07
5421312 7.808536391695333e-07
5426304 7.73798103588115e-07
5431296 7.668063192648144e-07
5436288 7.598777109440224e-07
5441280 7.530117072041464e-07
5446272 7.462077424201657e-07
5451264 7.394652565939196e-07
5456256 7.327836934740742e-07
5461248 7.261625029457238e-07
5466240 7.196011393305045e-07
5471232 7.130990627941054e-07
5476224 7.066557367712005e-07
5481216 7.002706303128815e-07
5486208 6.939432180443135e-07
5491200 6.876729780970524e-07
5496192 6.814593941305066e-07
5501184 6.753019541399241e-07
5506176 6.692001507861865e-07
5511168 6.631534816135779e-07
5516160 6.571614487747295e-07
5521152 6.512235571658935e-07
5526144 6.453393193926231e-07
5531136 6.39508248879464e-07
5536128 6.337298666562744e-07
5541120 6.280036956187433e-07
5546112 6.223292643969114e-07
5551104 6.167061059401727e-07
5556096 6.111337569686135e-07
5561088 6.056117569911324e-07
5566080 6.001396525265096e-07
5571072 5.947169926910707e-07
5576064 5.893433295900833e-07
5581056 5.840182218177448e-07
5586048 5.787412294268229e-07
5591040 5.735119186183179e-07
5596032 5.683298583553708e-07
5601024 5.6319462078474e-07
5606016 5.581057849596261e-07
5611008 5.530629286223617e-07
5616000 5.480656389557462e-07
5620992 5.431135024099021e-07
5625984 5.382061123650097e-07
5630976 5.333430644962918e-07
5635968 5.285239566910893e-07
5640960 5.237483930840514e-07
5645952 5.190159795080064e-07
5650944 5.143263271393511e-07
5655936 5.096790486687501e-07
5660928 5.050737612374772e-07
5665920 5.005100856638745e-07
5670912 4.959876461419342e-07
5675904 4.915060704291362e-07
5680896 4.870649879351626e-07
5685888 4.82664034557104e-07
5690880 4.783028458093207e-07
5695872 4.739810639076132e-07
5700864 4.6969833205048593e-07
5705856 4.654542978808996e-07
5710848 4.6124861105949493e-07
5715840 4.5708092562330146e-07
5720832 4.529508976902444e-07
5725824 4.4885818768043776e-07
5730816 4.448024582656564e-07
5735808 4.4078337442088317e-07
5740800 4.368006059647775e-07
5745792 4.32853824199848e-07
5750784 4.289427051956981e-07
5755776 4.250669250903409e-07
5760768 4.212261652993705e-07
5765760 4.174201092242397e-07
5770752 4.13648443765325e-07
5775744 4.0991085790039516e-07
5780736 4.0620704305286063e-07
5785728 4.025366948814592e-07
5790720 3.9889951074644845e-07
5795712 3.9529519129252396e-07
5800704 3.91723439274913e-07
5805696 3.881839603367915e-07
5810688 3.846764623609583e-07
5815680 3.8120065765621e-07
5820672 3.777562593936262e-07
5825664 3.7434298314615693e-07
5830656 3.7096054784428566e-07
5835648 3.6760867503430304e-07
5840640 3.6428708952050356e-07
5845632 3.6099551590472727e-07
5850624 3.5773368470136846e-07
5855616 3.545013251435757e-07
5860608 3.51298173040414e-07
5865600 3.4812396320915435e-07
5870592 3.449784343270068e-07
5875584 3.4186132765373417e-07
5880576 3.387723859601179e-07
5885568 3.3571135545202064e-07
5890560 3.326779827993909e-07
5895552 3.296720187674935e-07
5900544 3.266932154724007e-07
5905536 3.237413282225333e-07
5910528 3.2081611218981115e-07
5915520 3.179173287894848e-07
5920512 3.150447366995298e-07
5925504 3.1219810063618574e-07
5930496 3.0937718589895235e-07
5935488 3.065817606308325e-07
5940480 3.038115931793808e-07
5945472 3.0106645568147224e-07
5950464 2.9834612328071507e-07
5955456 2.956503702403894e-07
5960448 2.929789754420801e-07
5965440 2.9033171791116114e-07
5970432 2.87708381234953e-07
5975424 2.851087468315926e-07
5980416 2.8253260215213786e-07
5985408 2.799797354598971e-07
5990400 2.7744993488735273e-07
5995392 2.749429928605192e-07
6000384 2.724587027594208e-07
6005376 2.6999685979059313e-07
6010368 2.675572610562316e-07
6015360 2.6513970632810504e-07
6020352 2.6274399520524505e-07
6025344 2.6036993093893354e-07
6030336 2.5801731842428753e-07
6035328 2.5568596273452966e-07
6040320 2.5337567309590375e-07
6045312 2.5108625745721614e-07
6050304 2.488175293220051e-07
6055296 2.4656929967249844e-07
6060288 2.4434138433218146e-07
6065280 2.4213360026848117e-07
6070272 2.399457643859832e-07
6075264 2.3777769759080756e-07
6080256 2.3562922032317063e-07
6085248 2.3350015661468472e-07
6090240 2.3139032951829013e-07
6095232 2.292995666690332e-07
6100224 2.2722769490889177e-07
6105216 2.2517454415917948e-07
6110208 2.231399446442343e-07
6115200 2.211237292561939e-07
6120192 2.1912573193183323e-07
6125184 2.1714578747261408e-07
6130176 2.1518373319707687e-07
6135168 2.1323940734118004e-07
6140160 2.1131264980580153e-07
6145152 2.0940330187314027e-07
6150144 2.0751120616014462e-07
6155136 2.0563620683461251e-07
6160128 2.0377814920884772e-07
6165120 2.0193688051642633e-07
6170112 2.00112248428173e-07
6175104 1.9830410377638323e-07
6180096 1.9651229664416715e-07
6185088 1.9473667933312258e-07
6190080 1.9297710619575467e-07
6195072 1.9123343198466797e-07
6200064 1.89505512568787e-07
6205056 1.8779320664357505e-07
6210048 1.860963719357811e-07
6215040 1.8441487024039582e-07
6220032 1.8274856124938623e-07
6225024 1.8109730822754675e-07
6230016 1.7946097585001719e-07
6235008 1.778394286833884e-07
6240000 1.762325334884613e-07
6244992 1.7464015688271714e-07
6249984 1.7306216931092332e-07
6254976 1.7149843926395232e-07
6259968 1.699488390751552e-07
6264960 1.6841324000885627e-07
6269952 1.6689151686284554e-07
6274944 1.6538354279883841e-07
6279936 1.6388919460352094e-07
6284928 1.6240834825337183e-07
6289920 1.609408828655714e-07
6294912 1.5948667694802582e-07
6299904 1.5804561029496744e-07
6304896 1.5661756541426475e-07
6309888 1.552024236535611e-07
6314880 1.5380006807011225e-07
6319872 1.5241038401713293e-07
6324864 1.5103325669128588e-07
6329856 1.4966857262292619e-07
6334848 1.4831621965816788e-07
6339840 1.4697608557793735e-07
6344832 1.4564806051420764e-07
6349824 1.4433203551107754e-07
6354816 1.4302790100066962e-07
6359808 1.417355508062147e-07
6364800 1.404548776670091e-07
6369792 1.3918577593129498e-07
6374784 1.379281416107602e-07
6379776 1.3668187067779787e-07
6384768 1.3544686093158097e-07
6389760 1.3422301026040562e-07
6394752 1.330102172789478e-07
6399744 1.3180838347661758e-07
6404736 1.3061740878093358e-07
6409728 1.2943719538914675e-07
6414720 1.2826764564417655e-07
6419712 1.271086634841579e-07
6424704 1.2596015425934563e-07
6429696 1.2482202211430594e-07
6434688 1.2369417340560015e-07
6439680 1.2257651596658735e-07
6444672 1.2146895679364537e-07
6449664 1.2037140605906655e-07
6454656 1.1928377128047925e-07
6459648 1.1820596528441791e-07
6464640 1.171378966984722e-07
6469632 1.160794796008202e-07
6474624 1.1503062562477932e-07
6479616 1.139912489776646e-07
6484608 1.129612639045196e-07
6489600 1.1194058492561768e-07
6494592 1.1092912884262823e-07
6499584 1.0992681182240499e-07
6504576 1.0893355131805259e-07
6509568 1.0794926571178269e-07
6514560 1.0697387350089164e-07
6519552 1.0600729517053676e-07
6524544 1.0504944991656585e-07
6529536 1.0410025914710482e-07
6534528 1.0315964559208976e-07
6539520 1.0222753099263555e-07
6544512 1.013038385945366e-07
6549504 1.003884924468913e-07
6554496 9.948141676376028e-08
6559488 9.858253753383983e-08
6564480 9.769177982608992e-08
6569472 9.680907101605217e-08
6574464 9.593433763517364e-08
6579456 9.506750843989261e-08
6584448 9.420851159183202e-08
6589440 9.335727626398401e-08
6594432 9.251373242294283e-08
6599424 9.16778105411076e-08
6604416 9.084944145936813e-08
6609408 9.002855764667506e-08
6614400 8.921509105079713e-08
6619392 8.840897400992936e-08
6624384 8.761014188469633e-08
6629376 8.681852662453373e-08
6634368 8.60340649830008e-08
6639360 8.525669088034937e-08
6644352 8.448634119267892e-08
6649344 8.372295206733401e-08
6654336 8.296646059729098e-08
6659328 8.221680467931386e-08
6664320 8.147392208032502e-08
6669312 8.073775220059653e-08
6674304 8.000823388208887e-08
6679296 7.928530704082825e-08
6684288 7.85689131231304e-08
6689280 7.78589917790481e-08
6694272 7.715548483412053e-08
6699264 7.64583345909468e-08
6704256 7.576748354313793e-08
6709248 7.508287516302945e-08
6714240 7.440445251808191e-08
6719232 7.373215953955671e-08
6724224 7.306594127580176e-08
6729216 7.240574317752001e-08
6734208 7.175151008746162e-08
6739200 7.110318825804707e-08
6744192 7.046072463384475e-08
6749184 6.982406621714834e-08
6754176 6.919316015632488e-08
6759168 6.856795470212475e-08
6764160 6.794839899593396e-08
6769152 6.733444061435826e-08
6774144 6.672603036167408e-08
6779136 6.612311683600975e-08
6784128 6.552565171385187e-08
6789120 6.493358445127868e-08
6794112 6.43468671385977e-08
6799104 6.37654514002695e-08
6804096 6.318928886566787e-08
6809088 6.261833293535567e-08
6814080 6.205253449826606e-08
6819072 6.1491849799847e-08
6824064 6.093623095740139e-08
6829056 6.038563250321154e-08
6834048 5.98400090615988e-08
6839040 5.929931533087453e-08
6844032 5.8763507654192815e-08
6849024 5.8232540747843286e-08
6854016 5.7706371664247284e-08
6859008 5.718495722432018e-08
6864000 5.666825371854287e-08
6868992 5.615621929694486e-08
6873984 5.564881140603125e-08
6878976 5.514598807826422e-08
6883968 5.46477076934678e-08
6888960 5.415393038961166e-08
6893952 5.3664614736646105e-08
6898944 5.317971970943667e-08
6903936 5.269920608992464e-08
6908928 5.222303463037168e-08
6913920 5.175116508599191e-08
6918912 5.1283559784180574e-08
6923904 5.0820179757079784e-08
6928896 5.0360985748733723e-08
6933888 4.990594140956372e-08
6938880 4.945500885196307e-08
6943872 4.900815098763999e-08
6948864 4.856532990738972e-08
6953856 4.8126510802081584e-08
6958848 4.769165623845735e-08
6963840 4.726073136539849e-08
6968832 4.683369936328658e-08
6973824 4.641052661145059e-08
6978816 4.5991176804474446e-08
6983808 4.557561709516669e-08
6988800 4.5163811456694035e-08
6993792 4.47557271622373e-08
6998784 4.4351330052946975e-08
7003776 4.3950586885821155e-08
7008768 4.355346476391155e-08
7013760 4.315993082286115e-08
7018752 4.276995246714978e-08
7023744 4.238349832847289e-08
7028736 4.2000535357479364e-08
7033728 4.1621033746514396e-08
7038720 4.124496040423097e-08
7043712 4.087228511987046e-08
7048704 4.050297758567116e-08
7053696 4.013700665652214e-08
7058688 3.9774342521047995e-08
7063680 3.9414955782344334e-08
7068672 3.9058815933891064e-08
7073664 3.8705893898798345e-08
7078656 3.8356161094439546e-08
7083648 3.80095881238171e-08
7088640 3.7666146866909305e-08
7093632 3.7325808334135087e-08
7098624 3.6988545539766324e-08
7103616 3.665432968148399e-08
7108608 3.632313451406539e-08
7113600 3.599493134900562e-08
7118592 3.5669693476616545e-08
7123584 3.5347394377507e-08
7128576 3.502800777910105e-08
7133568 3.4711506834053314e-08
7138560 3.439786566201811e-08
7143552 3.408705867160171e-08
7148544 3.3779059642150874e-08
7153536 3.347384389347816e-08
7158528 3.317138614490947e-08
7163520 3.2871661392683144e-08
7168512 3.257464382509388e-08
7173504 3.22803107965477e-08
7178496 3.1988636948354326e-08
7183488 3.1699599244623936e-08
7188480 3.1413172572076054e-08
7193472 3.1129333920766746e-08
7198464 3.08480600770576e-08
7203456 3.05693278741113e-08
7208448 3.02931142244567e-08
7213440 3.001939623819348e-08
7218432 2.9748151275654777e-08
7223424 2.9479357703347645e-08
7228416 2.9212992269153384e-08
7233408 2.8949033734889746e-08
7238400 2.8687460646940338e-08
7243392 2.842825037925731e-08
7248384 2.8171382560060465e-08
7253376 2.791683574229622e-08
7258368 2.7664589325529738e-08
7263360 2.7414621529935085e-08
7268352 2.7166912523704768e-08
7273344 2.6921441610355284e-08
7278336 2.6678189144895646e-08
7283328 2.643713425756101e-08
7288320 2.6198257535083617e-08
7293312 2.596153934511317e-08
7298304 2.572695956271076e-08
7303296 2.5494500193185733e-08
7308288 2.5264140582293367e-08
7313280 2.5035862494249272e-08
7318272 2.480964718168318e-08
7323264 2.4585476138708194e-08
7328256 2.436332990907175e-08
7333248 2.4143191668102304e-08
7338240 2.3925042088935592e-08
7343232 2.370886379392583e-08
7348224 2.3494638456966754e-08
7353216 2.32823491597145e-08
7358208 2.3071978110164506e-08
7363200 2.2863507878314612e-08
7368192 2.2656921117025774e-08
7373184 2.245220107088833e-08
7378176 2.224933082217717e-08
7383168 2.204829351691998e-08
7388160 2.18490727732501e-08
7393152 2.165165224887744e-08
7398144 2.145601553965118e-08
7403136 2.126214662083769e-08
7408128 2.1070029271449405e-08
7413120 2.087964764012763e-08
7418112 2.069098647972112e-08
7423104 2.0504030061127892e-08
7428096 2.0318762672388857e-08
7433088 2.0135169690098937e-08
7438080 1.9953234953185017e-08
7443072 1.977294461497081e-08
7448064 1.959428318197794e-08
7453056 1.941723581921906e-08
7458048 1.9241788606905175e-08
7463040 1.9067926890332284e-08
7468032 1.889563542406396e-08
7473024 1.872490109563038e-08
7478016 1.8555709413448085e-08
7483008 1.8388046307826755e-08
7488000 1.8221898447778372e-08
7492992 1.8057251582881406e-08
7497984 1.789409265207098e-08
7502976 1.7732407875392653e-08
7507968 1.7572184090677576e-08
7512960 1.7413407826794014e-08
7517952 1.725606636617701e-08
7522944 1.7100146632031965e-08
7527936 1.6945635672449555e-08
7532928 1.6792520596276006e-08
7537920 1.664078944552898e-08
7542912 1.6490429175607485e-08
7547904 1.6341427433452793e-08
7552896 1.6193771767980536e-08
7557888 1.604745070160618e-08
7562880 1.5902451577787247e-08
7567872 1.5758762575134034e-08
7572864 1.5616371973337095e-08
7577856 1.5475267537207843e-08
7582848 1.533543869669529e-08
7587840 1.5196872760192548e-08
7592832 1.5059559176038453e-08
7597824 1.492348627833452e-08
7602816 1.478864297688176e-08
7607808 1.4655017865905506e-08
7612800 1.4522600315862565e-08
7617792 1.4391379033798505e-08
7622784 1.4261343883603672e-08
7627776 1.4132483182277773e-08
7632768 1.4004786885735143e-08
7637760 1.3878244553566788e-08
7642752 1.3752845522838205e-08
7647744 1.3628579487168224e-08
7652736 1.3505436546878968e-08
7657728 1.3383406153498674e-08
7662720 1.3262478226749863e-08
7667712 1.3142643195962478e-08
7672704 1.3023890986962971e-08
7677696 1.2906211876995144e-08
7682688 1.2789595382756147e-08
7687680 1.2674033156301334e-08
7692672 1.255951528218351e-08
7697664 1.2446031649737677e-08
7702656 1.2333573495837413e-08
7707648 1.2222131751116194e-08
7712640 1.2111696872559164e-08
7717632 1.2002259889984496e-08
7722624 1.18938113314632e-08
7727616 1.1786343061099925e-08
7732608 1.1679845979273296e-08
7737600 1.1574310843087687e-08
7742592 1.146972927745793e-08
7747584 1.1366092955711338e-08
7752576 1.1263392886185754e-08
7757568 1.1161620842200415e-08
7762560 1.1060768301263124e-08
7767552 1.0960827134809392e-08
7772544 1.086178902376389e-08
7777536 1.0763645414054493e-08
7782528 1.0666388983240294e-08
7787520 1.0570011532706758e-08
7792512 1.0474504374968774e-08
7797504 1.0379860304610133e-08
7802496 1.0286071439047362e-08
7807488 1.0193130117741589e-08
7812480 1.0101028624439612e-08
7817472 1.0009759243700955e-08
7822464 9.91931414784375e-09
7827456 9.829687227388012e-09
7832448 9.74086944438568e-09
7837440 9.652854562950975e-09
7842432 9.565634617736407e-09
7847424 9.479202645046314e-09
7852416 9.39355193629865e-09
7857408 9.308675281211213e-09
7862400 9.224565333809664e-09
7867392 9.141215246603956e-09
7872384 9.058618567645025e-09
7877376 8.976768217650033e-09
7882368 8.895656988805456e-09
7887360 8.815278729201736e-09
7892352 8.735627261793297e-09
7897344 8.656694916453489e-09
7902336 8.578475929610363e-09
7907328 8.50096404381162e-09
7912320 8.424152153629905e-09
7917312 8.348034485905487e-09
7922304 8.272604601344824e-09
7927296 8.197856393721281e-09
7932288 8.123783267469401e-09
7937280 8.050379712260338e-09
7942272 7.977639215894783e-09
7947264 7.90555598761955e-09
7952256 7.834124104284383e-09
7957248 7.763337778467158e-09
7962240 7.693190973157016e-09
7967232 7.62367791118379e-09
7972224 7.554793069043304e-09
7977216 7.486530728684215e-09
7982208 7.4188848397938045e-09
7987200 7.351850683789962e-09
7992192 7.285421710356843e-09
7997184 7.219593145535441e-09
8002176 7.154359434730069e-09
8007168 7.089715085789685e-09
8012160 7.025654965158986e-09
8017152 6.962173615399081e-09
8022144 6.899265825310863e-09
8027136 6.836926469411253e-09
8032128 6.775150748759385e-09
8037120 6.713932521051902e-09
8042112 6.653267930698272e-09
8047104 6.593151136158326e-09
8052096 6.5335775678576624e-09
8057088 6.474542901813152e-09
8062080 6.416040920775856e-09
8067072 6.358067688358147e-09
8072064 6.300618582422146e-09
8077056 6.24368823309851e-09
8082048 6.18727253943122e-09
8087040 6.131366487553271e-09
8092032 6.075965718971187e-09
8097024 6.021065312999951e-09
8102016 5.96666083207964e-09
8107008 5.91274829098154e-09
8112000 5.859323026768948e-09
8116992 5.806380043438253e-09
8121984 5.753915677253474e-09
8126976 5.701925154255605e-09
8131968 5.65040458866406e-09
8136960 5.599349428564437e-09
8141952 5.548756016173334e-09
8146944 5.498619004562499e-09
8151936 5.448935623017231e-09
8156928 5.399701352715169e-09
8161920 5.350911058844068e-09
8166912 5.3025619450863815e-09
8171904 5.254650048414078e-09
8176896 5.207170694632168e-09
8181888 5.160120656969275e-09
8186880 5.113495848974026e-09
8191872 5.067291808380503e-09
8196864 5.021505762647695e-09
8201856 4.976132839118463e-09
8206848 4.931170582977984e-09
8211840 4.8866140023307025e-09
8216832 4.842460210596755e-09
8221824 4.7987055440401605e-09
8226816 4.755346116880332e-09
8231808 4.7123782653812896e-09
8236800 4.669799114494039e-09
8241792 4.627604188733869e-09
8246784 4.585790858158134e-09
8251776 4.544355428399653e-09
8256768 4.503294182001127e-09
8261760 4.4626040640594056e-09
8266752 4.4222812429616055e-09
8271744 4.382323171014946e-09
8276736 4.34272632389358e-09
8281728 4.303487010375388e-09
8286720 4.264602037419564e-09
8291712 4.226068495150059e-09
8296704 4.187883151374194e-09
8301696 4.150042765060157e-09
8306688 4.112544394387823e-09
8311680 4.0753849558718156e-09
8316672 4.0385615134135325e-09
8321664 4.0020704528132e-09
8326656 3.965908934588924e-09
8331648 3.930074374369306e-09
8336640 3.894563712969098e-09
8341632 3.859373598480431e-09
8346624 3.8245016042992575e-09
8351616 3.78994502447938e-09
8356608 3.755700195284817e-09
8361600 3.7217651183141243e-09
8366592 3.688136351875926e-09
8371584 3.6548122306356845e-09
8376576 3.6217882026789994e-09
8381568 3.589062976743741e-09
8386560 3.5566335514145862e-09
8391552 3.5244968055181403e-09
8396544 3.492650835212885e-09
8401536 3.4610924615543905e-09
8406528 3.4298193174464586e-09
8411520 3.398828773981677e-09
8416512 3.3681179379360285e-09
8421504 3.3376846841903784e-09
8426496 3.307526696971763e-09
8431488 3.2776412695056933e-09
8436480 3.2480252931677e-09
8441472 3.2186773246678513e-09
8446464 3.1895943664039805e-09
8451456 3.160774308952341e-09
8456448 3.1322147098222786e-09
8461440 3.103913348567744e-09
8466432 3.075867116564268e-09
8471424 3.048074792566524e-09
8476416 3.0205336010169503e-09
8481408 2.9932408767538803e-09
8486400 2.9661950673443016e-09
8491392 2.9393938394406405e-09
8496384 2.9128341960671378e-09
8501376 2.8865149055737255e-09
8506368 2.86043344566167e-09
8511360 2.834587453648396e-09
8516352 2.8089752746041086e-09
8521344 2.783594345046246e-09
8526336 2.758442585459875e-09
8531328 2.7335181895793426e-09
8536320 2.708819613062019e-09
8541312 2.684343192171923e-09
8546304 2.6600884663394686e-09
8551296 2.636052931492827e-09
8556288 2.612234428767124e-09
8561280 2.5886313362385783e-09
8566272 2.5652412329360433e-09
8571264 2.5420625159517337e-09
8576256 2.5190932673169186e-09
8581248 2.4963318236726067e-09
8586240 2.473775739808559e-09
8591232 2.4514235086314784e-09
8596224 2.429273280205023e-09
8601216 2.407323451691923e-09
8606208 2.385571518104257e-09
8611200 2.364016427058857e-09
8616192 2.3426560691319764e-09
8621184 2.3214884644766392e-09
8626176 2.3005122251618104e-09
8631168 2.279725852538661e-09
8636160 2.2591267718152314e-09
8641152 2.23871432503131e-09
8646144 2.21848606152264e-09
8651136 2.1984405407238228e-09
8656128 2.178576220557989e-09
8661120 2.1588912879622058e-09
8666112 2.1393843363526344e-09
8671104 2.1200537037660746e-09
8676096 2.1008977444926577e-09
8681088 2.081914529661333e-09
8686080 2.0631032437989916e-09
8691072 2.0444617357729657e-09
8696064 2.0259884880857726e-09
8701056 2.0076824647219382e-09
8706048 1.9895418086644947e-09
8711040 1.971564800307135e-09
8716032 1.953750716765512e-09
8721024 1.9360975045401574e-09
8726016 1.9186033872742314e-09
8731008 1.901267724413957e-09
8736000 1.8840882690331956e-09
8740992 1.86706450300278e-09
8745984 1.8501942200543908e-09
8750976 1.833476475146037e-09
8755968 1.8169097337761286e-09
8760960 1.8004928659109964e-09
8765952 1.7842243238419542e-09
8770944 1.7681025532567674e-09
8775936 1.7521266659770163e-09
8780928 1.7362949307775637e-09
8785920 1.7206065461294884e-09
8790912 1.70505953800415e-09
8795904 1.6896536278445465e-09
8800896 1.6743861852575037e-09
8805888 1.6592571761009367e-09
8810880 1.6442645113010917e-09
8815872 1.6294077198608647e-09
8820864 1.6146847011482213e-09
8825856 1.6000949900912778e-09
8830848 1.585637177115018e-09
8835840 1.5713099710268352e-09
8840832 1.5571122169433238e-09
8845824 1.5430425825968541e-09
8850816 1.5291004018536114e-09
8855808 1.5152836763121513e-09
8860800 1.501592183927869e-09
8865792 1.488024148343925e-09
8870784 1.4745792151089004e-09
8875776 1.4612553389525829e-09
8880768 1.4480520199764424e-09
8885760 1.4349678112424158e-09
8890752 1.4220021343749794e-09
8895744 1.409153460585344e-09
8900736 1.396420534760523e-09
8905728 1.383803072130263e-09
8910720 1.3712997404269345e-09
8915712 1.3589092073829079e-09
8920704 1.3466303627751586e-09
8925696 1.3344624294475693e-09
8930688 1.3224048746279439e-09
8935680 1.310456188008402e-09
8940672 1.2986152153615649e-09
8945664 1.286881285298665e-09
8950656 1.2752536804327974e-09
8955648 1.263731018337437e-09
8960640 1.2523122428797597e-09
8965632 1.240996749807266e-09
8970624 1.2297836082808544e-09
8975616 1.218671830116591e-09
8980608 1.207660194069149e-09
8985600 1.1967482544282294e-09
8990592 1.185934683789469e-09
8995584 1.175219255244997e-09
9000576 1.164600402379179e-09
9005568 1.1540773892093625e-09
9010560 1.1436496194505708e-09
9015552 1.1333158855819647e-09
9020544 1.1230756852417236e-09
9025536 1.1129279720023533e-09
9030528 1.1028720159345085e-09
9035520 1.0929066684310592e-09
9040512 1.0830316903912143e-09
9045504 1.0732457145223862e-09
9050496 1.0635480274245879e-09
9055488 1.0539384920349448e-09
9060480 1.04441544301892e-09
9065472 1.0349783252650013e-09
9070464 1.0256266946839787e-09
9075456 1.0163596630974325e-09
9080448 1.0071761202823382e-09
9085440 9.980754001048808e-10
9090432 9.890572586778582e-10
9095424 9.80120429261433e-10
9100416 9.712644159197336e-10
9105408 9.62488421894613e-10
9110400 9.537919343216572e-10
9115392 9.451735553473102e-10
9120384 9.366332965084716e-10
9125376 9.281702073593578e-10
9130368 9.197837971007037e-10
9135360 9.114728971582053e-10
9140352 9.03237040716931e-10
9145344 8.95075680240609e-10
9150336 8.869883491408161e-10
9155328 8.789735439091761e-10
9160320 8.710316912186045e-10
9165312 8.631609871301293e-10
9170304 8.553617814044401e-10
9175296 8.476330748408145e-10
9180288 8.399741698035083e-10
9185280 8.323847167091003e-10
9190272 8.248635108287772e-10
9195264 8.174103616198636e-10
9200256 8.100243809039398e-10
9205248 8.027051574225879e-10
9210240 7.954524311347277e-10
9215232 7.88264786777404e-10
9220224 7.811424840298287e-10
9225216 7.740842075082601e-10
9230208 7.670899471179382e-10
9235200 7.601589357975058e-10
9240192 7.532907631002672e-10
9245184 7.464837636916855e-10
9250176 7.397386037055753e-10
9255168 7.330548537793146e-10
9260160 7.264312484878133e-10
9265152 7.198672808624766e-10
9270144 7.133628132649505e-10
9275136 7.069174781513603e-10
9280128 7.005297210687118e-10
9285120 6.94200030793013e-10
9290112 6.879277147930907e-10
9295104 6.817118679833837e-10
9300096 6.755520587375941e-10
9305088 6.694479556887235e-10
9310080 6.633991080101033e-10
9315072 6.574046862439786e-10
9320064 6.514648820399316e-10
9325056 6.455782282703922e-10
9330048 6.397449277204279e-10
9335040 6.339646585473702e-10
9340032 6.282361954051737e-10
9345024 6.225595594600009e-10
9350016 6.169343924611326e-10
9355008 6.113603417379508e-10
9360000 6.058360479954672e-10
9364992 6.003618713279479e-10
9369984 5.94937210607327e-10
9374976 5.895615372774947e-10
9379968 5.842344386053355e-10
9384960 5.789555501678478e-10
9389952 5.737242902981166e-10
9394944 5.685405407160838e-10
9399936 5.634033239942937e-10
9404928 5.583123546183283e-10
9409920 5.532676539132808e-10
9414912 5.482687114577723e-10
9419904 5.433148227373435e-10
9424896 5.384056686757189e-10
9429888 5.335407671225312e-10
9434880 5.287197802063531e-10
9439872 5.239422667370609e-10
9444864 5.192083429861327e-10
9449856 5.145168735509742e-10
9454848 5.098679256576588e-10
9459840 5.052609441946743e-10
9464832 5.006954850728107e-10
9469824 4.961712152251607e-10
9474816 4.916886897632367e-10
9479808 4.872456882409892e-10
9484800 4.828430680475413e-10
9489792 4.784801482656995e-10
9494784 4.74156713892171e-10
9499776 4.698725852847474e-10
9504768 4.656268703939759e-10
9509760 4.6141992831236724e-10
9514752 4.572505165678131e-10
9519744 4.531187027606001e-10
9524736 4.490248173283362e-10
9529728 4.4496728524023865e-10
9534720 4.409470566457685e-10
9539712 4.3696273512954227e-10
9544704 4.3301451313482175e-10
9549696 4.291018651514378e-10
9554688 4.252245222602369e-10
9559680 4.213821513943117e-10
9564672 4.1757488110056015e-10
9569664 4.1380177062677603e-10
9574656 4.1006276152444343e-10
9579648 4.0635750320205943e-10
9584640 4.026861066819265e-10
9589632 3.9904735071871755e-10
9594624 3.954421234908523e-10
9599616 3.91868612528632e-10
9604608 3.88327863763805e-10
9609600 3.848191765243314e-10
9614592 3.8134206903350787e-10
9619584 3.7789626983197877e-10
9624576 3.744817789197441e-10
9629568 3.71098333229179e-10
9634560 3.677450566286211e-10
9639552 3.6442257813284675e-10
9644544 3.6112943336848637e-10
9649536 3.5786629215550647e-10
9654528 3.546327675962857e-10
9659520 3.514286639472175e-10
9664512 3.4825309302988217e-10
9669504 3.45106609955792e-10
9674496 3.4198799347961994e-10
9679488 3.388980207574832e-10
9684480 3.3583613549159654e-10
9689472 3.328014121490531e-10
9694464 3.297946360447668e-10
9699456 3.2681451416998007e-10
9704448 3.2386159545168686e-10
9709440 3.2093527835286295e-10
9714432 3.180352647902396e-10
9719424 3.1516145249099736e-10
9724416 3.1231395247743876e-10
9729408 3.0949198759344654e-10
9734400 3.066959715921161e-10
9739392 3.0392433014725384e-10
9744384 3.011782111663934e-10
9749376 2.9845681481788233e-10
9754368 2.9576030513567275e-10
9759360 2.930876356726399e-10
9764352 2.9043933924555176e-10
9769344 2.878151050822453e-10
9774336 2.8521474071396824e-10
9779328 2.8263758000690586e-10
9784320 2.800837339833606e-10
9789312 2.7755275855412265e-10
9794304 2.7504531985300673e-10
9799296 2.725598635677784e-10
9804288 2.700970558322524e-10
9809280 2.6765687320301187e-10
9814272 2.6523805374267795e-10
9819264 2.628415263217221e-10
9824256 2.6046653722744395e-10
9829248 2.581129754375411e-10
9834240 2.557810355882105e-10
9839232 2.534699117262562e-10
9844224 2.51179718880296e-10
9849216 2.4891000371951577e-10
9854208 2.466606918716252e-10
9859200 2.4443213684671655e-10
9864192 2.4222346350910584e-10
9869184 2.400347698383598e-10
9874176 2.3786624955995457e-10
9879168 2.3571664281867544e-10
9884160 2.335869275782443e-10
9889152 2.3147617156382694e-10
9894144 2.2938473343003807e-10
9899136 2.2731224993397652e-10
9904128 2.2525825649211129e-10
9909120 2.2322291099972172e-10
9914112 2.21205831429927e-10
9919104 2.1920698589639187e-10
9924096 2.1722692573983813e-10
9929088 2.1526369575752824e-10
9934080 2.1331836297378004e-10
9939072 2.113914270076737e-10
9944064 2.0948087708916319e-10
9949056 2.0758827989908468e-10
9954048 2.057127801435854e-10
9959040 2.0385404475575797e-10
9964032 2.0201185169099745e-10
9969024 2.0018653401621123e-10
9974016 1.9837775866449192e-10
9979008 1.9658541355894796e-10
9984000 1.9480894675183436e-10
9988992 1.9304879916859363e-10
9993984 1.9130456074609706e-10
9998976 1.8957591052526368e-10
10003968 1.8786294742056953e-10
10008960 1.8616552743822012e-10
10013952 1.8448342853361055e-10
10018944 1.8281653968443834e-10
10023936 1.8116467143114007e-10
10028928 1.7952750600137125e-10
10033920 1.7790535413900047e-10
10038912 1.7629808723995666e-10
10043904 1.7470502822192202e-10
10048896 1.7312651312550997e-10
10053888 1.7156209786151067e-10
10058880 1.7001200447452902e-10
10063872 1.6847574951487068e-10
10068864 1.6695345106398918e-10
10073856 1.654450455561729e-10
10078848 1.6395018676007567e-10
10083840 1.6246870688861183e-10
10088832 1.6100061784360842e-10
10093824 1.595461540659926e-10
10098816 1.5810446214040068e-10
10103808 1.5667585108876763e-10
10108800 1.5525991603482225e-10
10113792 1.5385721517414864e-10
10118784 1.5246692797177275e-10
10123776 1.5108938356211586e-10
10128768 1.497245175943628e-10
10133760 1.4837131523393055e-10
10138752 1.470306099093932e-10
10143744 1.457023919234246e-10
10148736 1.443857255978287e-10
10153728 1.430813245661966e-10
10158720 1.4178843388106404e-10
10163712 1.4050705043899825e-10
10168704 1.3923756339530418e-10
10173696 1.3797940567883415e-10
10178688 1.3673273624448257e-10
10183680 1.354972348423832e-10
10188672 1.342728150888206e-10
10193664 1.330596743898127e-10
10198656 1.3185745099486254e-10
10203648 1.306659225264184e-10
10208640 1.29485311362032e-10
10213632 1.2831535833868202e-10
10218624 1.2715606345636843e-10
10223616 1.260070985913912e-10
10228608 1.2486833789182583e-10
10233600 1.2374001823189928e-10
10238592 1.2262213466840421e-10
10243584 1.2151416470640193e-10
10248576 1.2041621594407662e-10
10253568 1.1932810295434138e-10
10258560 1.1824993724484855e-10
10263552 1.1718151246907468e-10
10268544 1.1612277805994609e-10
10273536 1.1507350627937285e-10
10278528 1.14033449349904e-10
10283520 1.1300350419965408e-10
10288512 1.1198242333421149e-10
10293504 1.109703440249632e-10
10298496 1.0996760097082409e-10
10303488 1.0897416302668717e-10
10308480 1.0798939520384465e-10
10313472 1.0701358898151494e-10
10318464 1.0604661593305309e-10
10323456 1.0508849346280158e-10
10328448 1.0413903073214215e-10
10333440 1.0319800569646986e-10
10338432 1.0226541835578473e-10
10343424 1.0134149075469168e-10
10348416 1.0042577880398085e-10
10353408 9.951839352595471e-11
10358400 9.861956696226912e-11
10363392 9.772829458816144e-11
10368384 9.684529194305102e-11
10373376 9.597012073925271e-11
10378368 9.510281451241553e-11
10383360 9.424350189135566e-11
10388352 9.339207185377063e-11
10393344 9.254800262538383e-11
10398336 9.171197689329286e-11
10403328 9.088330088502516e-11
10408320 9.006206891370994e-11
10413312 8.92482754366597e-11
10418304 8.844192045387445e-11
10423296 8.76428405661904e-11
10428288 8.685079774660844e-11
10433280 8.606604318117661e-11
10438272 8.528844297472915e-11
10443264 8.45176151287319e-11
10448256 8.375411475469718e-11
10453248 8.299738674111268e-11
10458240 8.224743112618338e-11
10463232 8.15042477952943e-11
10468224 8.076774196041866e-11
10473216 8.003808726897432e-11
10478208 7.931477696843103e-11
10483200 7.859827954973076e-11
10488192 7.788791833718278e-11
10493184 7.718448102878028e-11
10498176 7.648681688010583e-11
10503168 7.579570304727667e-11
10508160 7.511090758152188e-11
10513152 7.443212712843206e-11
10518144 7.37596650424166e-11
10523136 7.309308713843166e-11
10528128 7.243272648338461e-11
10533120 7.177836103267055e-11
10538112 7.112968350812981e-11
10543104 7.048714224209281e-11
10548096 6.985012568350157e-11
10553088 6.921913553028922e-11
10558080 6.859357526423082e-11
10563072 6.797362672728013e-11
10568064 6.735956237235996e-11
10573056 6.675104913256291e-11
10578048 6.61477539409816e-11
10583040 6.555012415899853e-11
10588032 6.495781690318836e-11
10593024 6.437076207911178e-11
10598016 6.378919614746792e-11
10603008 6.321276835308254e-11
10608000 6.26418172762559e-11
10612992 6.20757326062493e-11
10617984 6.151479325922082e-11
10622976 6.095906406444222e-11
10627968 6.040811950549582e-11
10632960 5.986227160571289e-11
10637952 5.932144977636408e-11
10642944 5.878530995317988e-11
10647936 5.825429028050166e-11
10652928 5.772780670582138e-11
10657920 5.7206239745255516e-11
10662912 5.6689430927292506e-11
10667904 5.617728504603292e-11
10672896 5.56696910791743e-11
10677888 5.516647693858797e-11
10682880 5.466804786635748e-11
10687872 5.4174220665004214e-11
10692864 5.368461231114452e-11
10697856 5.319966689398825e-11
10702848 5.27191775776428e-11
10707840 5.2242543624458904e-11
10712832 5.1770365772085825e-11
10717824 5.1302961878718634e-11
10722816 5.0839160426378294e-11
10727808 5.0379811433742816e-11
10732800 4.992463742131589e-11
10737792 4.94735363787413e-11
10742784 4.9026394892485084e-11
10747776 4.8583581602201775e-11
10752768 4.814471044056745e-11
10757760 4.770966734418942e-11
10762752 4.727840341445244e-11
10767744 4.685118959457668e-11
10772736 4.6427836990795625e-11
10777728 4.600830827428126e-11
10782720 4.559241872925668e-11
10787712 4.5180573573813466e-11
10792704 4.4772519025571e-11
10797696 4.4367890606425786e-11
10802688 4.396711047762603e-11
10807680 4.356981442299457e-11
10812672 4.317627458958969e-11
10817664 4.278599696760921e-11
10822656 4.239942067815666e-11
10827648 4.2016168322334124e-11
10832640 4.163691613712217e-11
10837632 4.126042544507244e-11
10842624 4.0887737640105115e-11
10847616 4.05181443952074e-11
10852608 4.015216328383405e-11
10857600 3.978950502414591e-11
10862592 3.9429570719562435e-11
10867584 3.9073411173262684e-11
10872576 3.8720494486667303e-11
10877568 3.837063999867496e-11
10882560 3.80240902640874e-11
10887552 3.7680154122163866e-11
10892544 3.734013098721789e-11
10897536 3.70026058011328e-11
10902528 3.666789094580736e-11
10907520 3.633660039525921e-11
10912512 3.600862776665087e-11
10917504 3.5683234145267306e-11
10922496 3.5360603334311236e-11
10927488 3.5041081147824116e-11
10932480 3.472446282386896e-11
10937472 3.441069651444195e-11
10942464 3.410007494186217e-11
10947456 3.379168304139255e-11
10952448 3.3486324824139047e-11
10957440 3.3183900072231154e-11
10962432 3.2883806788674974e-11
10967424 3.2586822129587745e-11
10972416 3.229261302806208e-11
10977408 3.200084641719059e-11
10982400 3.1711579088628835e-11
10987392 3.142521142778521e-11
10992384 3.1140978684618403e-11
10997376 3.085977844016245e-11
11002368 3.058087116869501e-11
11007360 3.030442563556335e-11
11012352 3.0030887375259326e-11
11017344 2.975952817507732e-11
11022336 2.9490521136210646e-11
11027328 2.922417863260307e-11
11032320 2.8959945552742283e-11
11037312 2.8698162274799404e-11
11042304 2.8438806864983235e-11
11047296 2.8181984594053723e-11
11052288 2.7927438139840888e-11
11057280 2.7675054470529597e-11
11062272 2.7424830389339546e-11
11067264 2.7177149419799207e-11
11072256 2.6931790131357047e-11
11077248 2.668811349157806e-11
11082240 2.6447177781108167e-11
11087232 2.620859085311622e-11
11092224 2.597123984241176e-11
11097216 2.5736524023045604e-11
11102208 2.5504059171706888e-11
11107200 2.5273672044079376e-11
11112192 2.5045521212518906e-11
11117184 2.4819035715495374e-11
11122176 2.4594770664521093e-11
11127168 2.4372504014991137e-11
11132160 2.4152252082378035e-11
11137152 2.3934076942566662e-11
11142144 2.371813856427707e-11
11147136 2.3503421431314564e-11
11152128 2.3291291261193995e-11
11157120 2.3080648503537304e-11
11162112 2.2872370664117625e-11
11167104 2.2665425092327496e-11
11172096 2.2460699966586617e-11
11177088 2.2257529153080213e-11
11182080 2.2056643406874614e-11
11187072 2.1857293752702844e-11
11192064 2.165978507662203e-11
11197056 2.146409907982951e-11
11202048 2.12700967949786e-11
11207040 2.1077917189415984e-11
11212032 2.088751394069277e-11
11217024 2.0698776026506494e-11
11222016 2.0511629531852776e-11
11227008 2.0326407224047216e-11
11232000 2.0142665313471753e-11
11236992 1.996072466451811e-11
11241984 1.9780399540536564e-11
11246976 1.9601772503503318e-11
11251968 1.9424571188139495e-11
11256960 1.924926884555589e-11
11261952 1.9075074852992202e-11
11266944 1.8902768239570378e-11
11271936 1.873212696068549e-11
11276928 1.85629377879944e-11
11281920 1.839484120580437e-11
11286912 1.8228924123665955e-11
11291904 1.8063994744466072e-11
11296896 1.79010140044511e-11
11301888 1.773914348746075e-11
11306880 1.757882728270488e-11
11311872 1.742011712728098e-11
11316864 1.7262595772249286e-11
11321856 1.7106538408029337e-11
11326848 1.6952044397261342e-11
11331840 1.679900663020817e-11
11336832 1.6647350165044372e-11
11341824 1.6496769600658685e-11
11346816 1.6347700970698043e-11
11351808 1.6199796515666014e-11
11356800 1.6053491869172376e-11
11361792 1.5908385719853868e-11
11366784 1.5764722860467373e-11
11371776 1.5622281246407965e-11
11376768 1.5481182294703157e-11
11381760 1.5341162696380152e-11
11386752 1.520272796540212e-11
11391744 1.5065282354953524e-11
11396736 1.4929018128908818e-11
11401728 1.4794276914642523e-11
11406720 1.4660495040175192e-11
11411712 1.4528156455639873e-11
11416704 1.4396817071826717e-11
11421696 1.4266809955643112e-11
11426688 1.4138002453931167e-11
11431680 1.4010126392349775e-11
11436672 1.3883338922937583e-11
11441664 1.3758105765759865e-11
11446656 1.3633982831606772e-11
11451648 1.3510752236785732e-11
11456640 1.338851252086215e-11
11461632 1.3267387188875546e-11
11466624 1.314758644712456e-11
11471616 1.3028911283186062e-11
11476608 1.291100559797087e-11
11481600 1.2794654224990154e-11
11486592 1.267885796352175e-11
11491584 1.2564171925077972e-11
11496576 1.2450929176566206e-11
11501568 1.233813051726429e-11
11506560 1.2226742404057372e-11
11511552 1.2116530001549108e-11
11516544 1.200693129588691e-11
11521536 1.1898482199512728e-11
11526528 1.1791012610729013e-11
11531520 1.1684224781543366e-11
11536512 1.157899049394855e-11
11541504 1.1474377004105918e-11
11546496 1.137034910669854e-11
11551488 1.1267875521525639e-11
11556480 1.1165974221586888e-11
11561472 1.106492675262416e-11
11566464 1.0965054259652165e-11
11571456 1.0865974786611332e-11
11576448 1.0767831071234468e-11
11581440 1.0670575534277305e-11
11586432 1.0574305462966209e-11
11591424 1.047839592871469e-11
11596416 1.0383693904714164e-11
11601408 1.0289826908071083e-11
11606400 1.0197065414274675e-11
11611392 1.0104883078209879e-11
11616384 1.0013767592909062e-11
11621376 9.923395438704574e-12
11626368 9.833467373709937e-12
11631360 9.744538509437461e-12
11636352 9.656625916207276e-12
11641344 9.569456338454074e-12
11646336 9.482687550560361e-12
11651328 9.397260747334713e-12
11656320 9.312106641345963e-12
11661312 9.227951736079376e-12
11666304 9.14504209717587e-12
11671296 9.062135886636252e-12
11676288 8.980510619962565e-12
11681280 8.899103676185405e-12
11686272 8.818612506900081e-12
11691264 8.739009516034457e-12
11696256 8.660191231980644e-12
11701248 8.581690913445073e-12
11706240 8.50423431290601e-12
11711232 8.427702979929563e-12
11716224 8.351097591230427e-12
11721216 8.275872844730326e-12
11726208 8.201439527510956e-12
11731200 8.127080432696391e-12
11736192 8.053557820630886e-12
11741184 7.980616167913013e-12
11746176 7.90879336510997e-12
11751168 7.837286375433905e-12
11756160 7.766121079555433e-12
11761152 7.696076969145039e-12
11766144 7.626686620265276e-12
11771136 7.557775780851402e-12
11776128 7.489564524121306e-12
11781120 7.421618875014246e-12
11786112 7.35467242662935e-12
11791104 7.288392112059228e-12
11796096 7.222555886698956e-12
11801088 7.157475130972806e-12
11806080 7.09254877051535e-12
11811072 7.028377879692016e-12
11816064 6.965095167288382e-12
11821056 6.901812454884748e-12
11826048 6.839639965505739e-12
11831040 6.777911565336581e-12
11836032 6.716627254377272e-12
11841024 6.655676010325351e-12
11846016 6.595834989298055e-12
11851008 6.536327035178147e-12
11856000 6.477263170268088e-12
11860992 6.4185323722654175e-12
11865984 6.360911797287372e-12
11870976 6.303180200006864e-12
11875968 6.246114736541131e-12
11880960 6.189679517358649e-12
11885952 6.13383546338232e-12
11890944 6.078471059822732e-12
11895936 6.023403997801324e-12
11900928 5.969003069594692e-12
11905920 5.915397514831697e-12
11910912 5.8615334808109765e-12
11915904 5.8085758425363565e-12
11920896 5.756358423686271e-12
11925888 5.704103855919129e-12
11930880 5.653033596786372e-12
11935872 5.601519248443765e-12
11940864 5.550893078520858e-12
11945856 5.5007109978078006e-12
11950848 5.451084028607056e-12
11955840 5.401901148616162e-12
11960832 5.353051335532655e-12
11965824 5.3045345893565354e-12
11970816 5.256731430840534e-12
11975808 5.2092223060252426e-12
11980800 5.16220399759959e-12
11985792 5.115463608262871e-12
11990784 5.06950037504339e-12
11995776 5.023426119521446e-12
12000768 4.978240042419202e-12
12005760 4.9329429430144955e-12
12010752 4.888540416573513e-12
12015744 4.844377870153517e-12
12020736 4.800604358479177e-12
12025728 4.757194638216333e-12
12030720 4.71422900716334e-12
12035712 4.671699752041258e-12
12040704 4.629407968081978e-12
12045696 4.587552560053609e-12
12050688 4.546141241235091e-12
12055680 4.5050250109495285e-12
12060672 4.4644288266226795e-12
12065664 4.424120863437098e-12
12070656 4.384048679639818e-12
12075648 4.3443026953582375e-12
12080640 4.3051118225889695e-12
12085632 4.2663650390295516e-12
12090624 4.227951322377521e-12
12095616 4.189426583423028e-12
12100608 4.151679000585773e-12
12105600 4.114388037936854e-12
12110592 4.0769609910285e-12
12115584 4.040101586610945e-12
12120576 4.0036862714032395e-12
12125568 3.967531395057056e-12
12130560 3.931743819407529e-12
12135552 3.896327704921987e-12
12140544 3.860981987765131e-12
12145536 3.825939565160752e-12
12150528 3.791633673699835e-12
12155520 3.757216759936455e-12
12160512 3.7231329130804625e-12
12165504 3.689516251241526e-12
12170496 3.6561864646955655e-12
12175488 3.623545907771586e-12
12180480 3.5906833062426813e-12
12185472 3.5582332945354605e-12
12190464 3.525846281604572e-12
12195456 3.4943159477052177e-12
12200448 3.4625635692009382e-12
12205440 3.4313392617690197e-12
12210432 3.4001690352170044e-12
12215424 3.369304835132425e-12
12220416 3.3389957465601583e-12
12225408 3.3089087025928166e-12
12230400 3.2790149629737615e-12
12235392 3.2492532929510193e-12
12240384 3.220090860622804e-12
12245376 3.190832439822691e-12
12250368 3.162137218737371e-12
12255360 3.133658150317353e-12
12260352 3.105293799876563e-12
12265344 3.0770799645261252e-12
12270336 3.0494162242504e-12
12275328 3.021641577928518e-12
12280320 2.9944935420189722e-12
12285312 2.9675967646503325e-12
12290304 2.9408523955766833e-12
12295296 2.9141054489120856e-12
12300288 2.887690087050032e-12
12305280 2.8617108682738035e-12
12310272 2.835731649497575e-12
12315264 2.8104185645361213e-12
12320256 2.7846613903648176e-12
12325248 2.7594593277058266e-12
12330240 2.7347013542566856e-12
12335232 2.7101812960514865e-12
12340224 2.6856294965682537e-12
12345216 2.6614266346314253e-12
12350208 2.637223772694597e-12
12355200 2.6134625923670422e-12
12360192 2.589928271845565e-12
12365184 2.5662805214210493e-12
12370176 2.5433152334727417e-12
12375168 2.5202062658991053e-12
12380160 2.497779760801677e-12
12385152 2.4747981441919364e-12
12390144 2.452400080247471e-12
12395136 2.4302348141660413e-12
12400128 2.408575554747236e-12
12405120 2.386424391431774e-12
12410112 2.3648839414466315e-12
12415104 2.3436808049837055e-12
12420096 2.3225865675158275e-12
12425088 2.3014923300479495e-12
12430080 2.280703334467963e-12
12435072 2.2599699889269687e-12
12440064 2.2395418852738658e-12
12445056 2.219381659133977e-12
12450048 2.1995871660798017e-12
12455040 2.1795898419441073e-12
12460032 2.159705915895061e-12
12465024 2.1401769245699143e-12
12470016 2.120932408422996e-12
12475008 2.1018589445654103e-12
12480000 2.0827783941967937e-12
12484992 2.063904602778166e-12
12489984 2.045495680855696e-12
12494976 2.0268231537556858e-12
12499968 2.0086154961518332e-12
12504960 1.9904078385479806e-12
12509952 1.9725332478515156e-12
12514944 1.9546586571550506e-12
12519936 1.937117133365973e-12
12524928 1.919464587274433e-12
12529920 1.9024781749976682e-12
12534912 1.8849366512085908e-12
12539904 1.8678392166293634e-12
12544896 1.8511496287620683e-12
12549888 1.8343104812856836e-12
12554880 1.8175461136138438e-12
12559872 1.801225835151854e-12
12564864 1.7852386235972517e-12
12569856 1.7690293674377244e-12
12574848 1.7528201112781971e-12
12579840 1.73705494432852e-12
12584832 1.7211787550763802e-12
12589824 1.7059686996390155e-12
12594816 1.6904585629092949e-12
12599808 1.6751277962043779e-12
12604800 1.660005466419534e-12
12609792 1.6452645263724877e-12
12614784 1.6301404670571173e-12
12619776 1.6153745008296028e-12
12624768 1.6007195569045507e-12
12629760 1.5864445135443236e-12
12634752 1.5719530363065958e-12
12639744 1.5578649481540197e-12
12644736 1.5437599627667147e-12
12649728 1.5297886410644583e-12
12654720 1.5158985178231887e-12
12659712 1.5022762767688718e-12
12664704 1.4885870314174099e-12
12669696 1.475264355121908e-12
12674688 1.4620351623240292e-12
12679680 1.4486442832932537e-12
12684672 1.43562939314279e-12
12689664 1.4226469853254311e-12
12694656 1.4097611966690238e-12
12699648 1.3969936318858345e-12
12704640 1.3842260671026452e-12
12709632 1.3719751188293033e-12
12714624 1.3597440363811642e-12
12719616 1.3470335957777024e-12
12724608 1.3351542094142133e-12
12729600 1.323052778445799e-12
12734592 1.3111809182140257e-12
12739584 1.2991829834163582e-12
12744576 1.287525641657794e-12
12749568 1.2758187261745546e-12
12754560 1.2642109581406658e-12
12759552 1.2528528547434732e-12
12764544 1.2415624084383126e-12
12769536 1.2305712004945235e-12
12774528 1.2191359033408844e-12
12779520 1.2083667400020204e-12
12784512 1.1972645097557688e-12
12789504 1.1867084011035342e-12
12794496 1.1759482276829658e-12
12799488 1.1650680420416393e-12
12804480 1.1546020188583458e-12
12809472 1.1443829334041919e-12
12814464 1.1338788346980587e-12
12819456 1.1237633064419561e-12
12824448 1.113331649094107e-12
12829440 1.103450664174943e-12
12834432 1.093600900820357e-12
12839424 1.0834666497316903e-12
12844416 1.0738077094174514e-12
12849408 1.0640872305260291e-12
12854400 1.0545259733120007e-12
12859392 1.0448308884747348e-12
12864384 1.035616037370346e-12
12869376 1.0259570970561072e-12
12874368 1.0169258718340601e-12
12879360 1.0077494394522546e-12
12884352 9.986456106503283e-13
12889344 9.896588578631948e-13
12894336 9.805411172927002e-13
12899328 9.717782134543995e-13
12904320 9.628964292573983e-13
12909312 9.54236689665322e-13
12914304 9.457095643213275e-13
12919296 9.369172104811696e-13
12924288 9.28590537796481e-13
12929280 9.201528428093297e-13
12934272 9.12048214729566e-13
12939264 9.039435866498025e-13
12944256 8.955058916626513e-13
12949248 8.875127291248533e-13
12954240 8.79296635503124e-13
12959232 8.715250743307479e-13
12964224 8.635563864195252e-13
12969216 8.557599073810707e-13
12974208 8.480993685111571e-13
12979200 8.404388296412435e-13
12984192 8.327782907713299e-13
12989184 8.255618411112664e-13
12994176 8.177902799388903e-13
12999168 8.104628079763643e-13
13004160 8.032022837038926e-13
13009152 7.95888197711648e-13
13014144 7.889244812986362e-13
13019136 7.815970093361102e-13
13024128 7.743805596760467e-13
13029120 7.673960273680301e-13
13034112 7.605027718682322e-13
13039104 7.538099019628894e-13
13044096 7.469842889839105e-13
13049088 7.400955322269913e-13
13054080 7.336353746723034e-13
13059072 7.2686301422209e-13
13064064 7.200906537718765e-13
13069056 7.136875677739022e-13
13074048 7.073230889886872e-13
13079040 7.008837954458613e-13
13084032 6.945555242054979e-13
13089024 6.883382752675971e-13
13094016 6.821508615724155e-13
13099008 6.759037773917953e-13
13104000 6.701306176637445e-13
13108992 6.638023464233811e-13
13113984 6.576961197879427e-13
13118976 6.519229600598919e-13
13123968 6.460851262171253e-13
13128960 6.402438877209036e-13
13133952 6.343842088624514e-13
13138944 6.284972542403011e-13
13143936 6.228739488137196e-13
13148928 6.17284001691587e-13
13153920 6.115968867005636e-13
13158912 6.061817714453355e-13
13163904 6.007416786246722e-13
13168896 5.955663002378398e-13
13173888 5.898614929833457e-13
13178880 5.844214001626824e-13
13183872 5.793143742494067e-13
13188864 5.743023476376382e-13
13193856 5.689893001203927e-13
13198848 5.635698442045013e-13
13203840 5.586642259913788e-13
13208832 5.536557106086247e-13
13213824 5.486722187697524e-13
13218816 5.435651928564766e-13
13223808 5.38837839805075e-13
13228800 5.336842079373127e-13
13233792 5.290212712338871e-13
13238784 5.24273561320395e-13
13243776 5.195843755245733e-13
13248768 5.148104165186851e-13
13253760 5.102585021177219e-13
13258752 5.054845431118338e-13
13263744 5.009326287108706e-13
13268736 4.9649173661237e-13
13273728 4.921728613276395e-13
13278720 4.874989301129062e-13
13283712 4.833911049217932e-13
13288704 4.787281682183675e-13
13293696 4.745950847620302e-13
13298688 4.701794509287538e-13
13303680 4.659487314270957e-13
13308672 4.617292682151979e-13
13313664 4.574318271081674e-13
13318656 4.533040609544514e-13
13323648 4.4941828036826337e-13
13328640 4.4519943287468777e-13
13333632 4.412026299860372e-13
13338624 4.3721210255145507e-13
13343616 4.332090242087361e-13
13348608 4.2943426592501055e-13
13353600 4.255484853388225e-13
13358592 4.2166270475263445e-13
13363584 4.178879464689089e-13
13368576 4.1400216588272087e-13
13373568 4.1056151058289653e-13
13378560 4.065636716177323e-13
13383552 4.030046870040613e-13
13388544 3.994487873041557e-13
13393536 3.956834859764058e-13
13398528 3.922417946000678e-13
13403520 3.888508761586809e-13
13408512 3.852473895449293e-13
13413504 3.8193003445813316e-13
13418496 3.7836400679225335e-13
13423488 3.7470027081099033e-13
13428480 3.7125857943465235e-13
13433472 3.680389326632394e-13
13438464 3.6470215447836985e-13
13443456 3.6126657221302594e-13
13448448 3.58046925441613e-13
13453440 3.5504932327512506e-13
13458432 3.517186542012496e-13
13463424 3.483879851273741e-13
13468416 3.452793606584237e-13
13473408 3.422985360177875e-13
13478400 3.3942083332592815e-13
13483392 3.360645095540349e-13
13488384 3.3306690738754696e-13
13493376 3.3006930522105904e-13
13498368 3.2729374765949615e-13
13503360 3.241851231905457e-13
13508352 3.2149813885610236e-13
13513344 3.183009411600324e-13
13518336 3.1541436129600697e-13
13523328 3.12536938344921e-13
13528320 3.097522238704187e-13
13533312 3.070599907434799e-13
13538304 3.040900864448304e-13
13543296 3.015365734881925e-13
13548288 2.987232136681947e-13
13553280 2.9598545836506673e-13
13558272 2.935429677108914e-13
13563264 2.90656387846866e-13
13568256 2.882540175144347e-13
13573248 2.8554936193359026e-13
13578240 2.828848266744899e-13
13583232 2.802202914153895e-13
13588224 2.775574099165869e-13
13593216 2.752242878045763e-13
13598208 2.726754371184983e-13
13603200 2.7027673203276395e-13
13608192 2.6778579353958776e-13
13613184 2.653433028854124e-13
13618176 2.631228568361621e-13
13623168 2.607560259368696e-13
13628160 2.582378755278114e-13
13633152 2.560174294785611e-13
13638144 2.537969834293108e-13
13643136 2.5135449277513544e-13
13648128 2.490343047968598e-13
13653120 2.469136006766348e-13
13658112 2.4491519923230953e-13
13663104 2.4236168627567167e-13
13668096 2.402522625288839e-13
13673088 2.381428387820961e-13
13678080 2.360068799047595e-13
13683072 2.3370194668359545e-13
13688064 2.3170354523927017e-13
13693056 2.2948309919001986e-13
13698048 2.275957200481571e-13
13703040 2.254862963013693e-13
13708032 2.2323192858496114e-13
13713024 2.2137847111025621e-13
13718016 2.1938006966593093e-13
13723008 2.1749269052406817e-13
13728000 2.1582735598713043e-13
13732992 2.1364390804421848e-13
13737984 2.1149748619109232e-13
13742976 2.0983215165415459e-13
13747968 2.077227279073668e-13
13752960 2.0605739337042905e-13
13757952 2.038413731112042e-13
13762944 2.02171612784241e-13
13767936 2.0051989167952712e-13
13772928 1.98507876802978e-13
13777920 1.9684254226604025e-13
13782912 1.9517720772910252e-13
13787904 1.9317880628477724e-13
13792896 1.91402449445377e-13
13797888 1.8962609260597674e-13
13802880 1.8807178037150152e-13
13807872 1.8656781158086383e-13
13812864 1.8474111129762605e-13
13817856 1.830731559452974e-13
13822848 1.8146954496790306e-13
13827840 1.7963408538435033e-13
13832832 1.7830181775480014e-13
13837824 1.7653667179551329e-13
13842816 1.7485307851227387e-13
13847808 1.7330581414398694e-13
13852800 1.7192134842426164e-13
13857792 1.701971896750365e-13
13862784 1.6864287744056128e-13
13867776 1.6723700426129432e-13
13872768 1.6564527527407336e-13
13877760 1.6431300764452317e-13
13882752 1.6275869541004795e-13
13887744 1.6131540547803525e-13
13892736 1.596500709410975e-13
13897728 1.5842051380946885e-13
13902720 1.5687451337953462e-13
13907712 1.5550913904712372e-13
13912704 1.5396033295502187e-13
13917696 1.5276668818842154e-13
13922688 1.5143442055887135e-13
13927680 1.4988010832439613e-13
13932672 1.4865886299730846e-13
13937664 1.4721557306529576e-13
13942656 1.4588330543574557e-13
13947648 1.446179033009489e-13
13952640 1.432187701766452e-13
13957632 1.4204688922029496e-13
13962624 1.407249651034333e-13
13967616 1.3963648476509814e-13
13972608 1.3811791696080675e-13
13977600 1.3700152123874432e-13
13982592 1.3566925360919413e-13
13987584 1.3461099563871258e-13
13992576 1.3322676295501878e-13
13997568 1.3233858453531866e-13
14002560 1.3085722268773385e-13
14007552 1.2967404927621828e-13
14012544 1.2878587085651816e-13
14017536 1.2745360322696797e-13
14022528 1.2612133559741778e-13
14027520 1.2501111257279263e-13
14032512 1.2390088954816747e-13
14037504 1.227907356103747e-13
14042496 1.2168748638130347e-13
14047488 1.20570220474292e-13
14052480 1.1957101975212936e-13
14057472 1.1857181902996672e-13
14062464 1.1746159600534156e-13
14067456 1.164019793376884e-13
14072448 1.1513012765362873e-13
14077440 1.1426545150360703e-13
14082432 1.1313172620930345e-13
14087424 1.1213252548714081e-13
14092416 1.1102230246251565e-13
14097408 1.1013412404281553e-13
14102400 1.0913492332065289e-13
14107392 1.0802470029602773e-13
14112384 1.0746958878371515e-13
14117376 1.0624834345662748e-13
14122368 1.0547118733938987e-13
14127360 1.0436096431476471e-13
14132352 1.0347278589506459e-13
14137344 1.0259570458280428e-13
14142336 1.0147438445073931e-13
14147328 1.0049039852979747e-13
14152320 9.986439822511926e-14
14157312 9.869882688917642e-14
14162304 9.781064846947629e-14
14167296 9.708793357344105e-14
14172288 9.614531393253856e-14
14177280 9.533936566619365e-14
14182272 9.43689570931383e-14
14187264 9.370282327836321e-14
14192256 9.270362255620057e-14
14197248 9.181544413650045e-14
14202240 9.103828801926284e-14
14207232 9.009076539612099e-14
14212224 8.93729534823251e-14
14217216 8.876931135588304e-14
14222208 8.770761894538737e-14
14227200 8.714062866390477e-14
14232192 8.637535131583718e-14
14237184 8.548717289613705e-14
14242176 8.459899447643693e-14
14247168 8.393286066166183e-14
14252160 8.315570454442422e-14
14257152 8.254792604789839e-14
14262144 8.1601392309949e-14
14267136 8.12855606154465e-14
14272128 8.01581023779363e-14
14277120 7.938094626069869e-14
14282112 7.882583474838611e-14
14287104 7.80025945717841e-14
14292096 7.738254481637341e-14
14297088 7.66053886991358e-14
14302080 7.593925488436071e-14
14307072 7.513112311391849e-14
14312064 7.474820760358841e-14
14317056 7.394085344003543e-14
14322048 7.354421353472511e-14
14327040 7.249756350802272e-14
14332032 7.194245199571014e-14
14337024 7.149836278586008e-14
14342016 7.061018436615996e-14
14347008 6.994405055138486e-14
14352000 6.94999613415348e-14
14356992 6.872280522429719e-14
14361984 6.80566714095221e-14
14366976 6.772360450213455e-14
14371968 6.734020335760982e-14
14376960 6.628031457012185e-14
14381952 6.556663822474327e-14
14386944 6.508856105621769e-14
14391936 6.461498003318411e-14
14396928 6.394884621840902e-14
14401920 6.328271240363392e-14
14406912 6.283862319378386e-14
14411904 6.229360486572131e-14
14416896 6.161737786669619e-14
14421888 6.124825832131677e-14
14426880 6.061817714453355e-14
14431872 5.995204332975845e-14
14436864 5.96189764223709e-14
14441856 5.895284260759581e-14
14446848 5.850875339774575e-14
14451840 5.808041750658813e-14
14456832 5.75438332512542e-14
14461824 5.684341886080802e-14
14466816 5.639932965095795e-14
14471808 5.595524044110789e-14
14476800 5.512169424791208e-14
14481792 5.484501741648273e-14
14486784 5.440092820663267e-14
14491776 5.3734794391857577e-14
14496768 5.340172748447003e-14
14501760 5.295763827461997e-14
14506752 5.240252676230739e-14
14511744 5.1958437552457326e-14
14516736 5.133631792877581e-14
14521728 5.10702591327572e-14
14526720 5.062616992290714e-14
14531712 5.007105841059456e-14
14536704 4.951594689828198e-14
14541696 4.929390229335695e-14
14546688 4.873879078104437e-14
14551680 4.8353304778081356e-14
14556672 4.811441736800678e-14
14561664 4.773959005888173e-14
14566656 4.707345624410664e-14
14571648 4.6629367034256575e-14
14576640 4.6387848935469986e-14
14581632 4.596323321948148e-14
14586624 4.529709940470639e-14
14591616 4.4853010194856324e-14
14596608 4.463096558993129e-14
14601600 4.4271806848086525e-14
14606592 4.39648317751562e-14
14611584 4.3520742565306136e-14
14616576 4.3019280172719776e-14
14621568 4.2743586448068527e-14
14626560 4.218847493575595e-14
14631552 4.1744385725905886e-14
14636544 4.1300296516055823e-14
14641536 4.1300296516055823e-14
14646528 4.107825191113079e-14
14651520 4.030109579389318e-14
14656512 3.991238264387197e-14
14661504 3.9745984281580604e-14
14666496 3.9190872769268026e-14
14671488 3.885780586188048e-14
14676480 3.863576125695545e-14
14681472 3.8191672047105385e-14
14686464 3.7969627442180354e-14
14691456 3.752553823233029e-14
14696448 3.730349362740526e-14
14701440 3.68594044175552e-14
14706432 3.6415315207705135e-14
14711424 3.6193270602780103e-14
14716416 3.574918139293004e-14
14721408 3.552713678800501e-14
14726400 3.5337716163719875e-14
14731392 3.5083047578154947e-14
14736384 3.4638958368304884e-14
14741376 3.419486915845482e-14
14746368 3.4083846855992306e-14
14751360 3.3777936494290854e-14
14756352 3.352873534367973e-14
14761344 3.297113376788392e-14
14766336 3.2862601528904634e-14
14771328 3.26405569239796e-14
14776320 3.241851231905457e-14
14781312 3.200153147034381e-14
14786304 3.186340080674199e-14
14791296 3.1530333899354446e-14
14796288 3.108624468950438e-14
14801280 3.086420008457935e-14
14806272 3.086420008457935e-14
14811264 3.019806626980426e-14
14816256 3.008704396734174e-14
14821248 2.9811211895639695e-14
14826240 2.9531932455029164e-14
14831232 2.911791108060067e-14
14836224 2.90878432451791e-14
14841216 2.886579864025407e-14
14846208 2.8443850443528175e-14
14851200 2.8199664825478976e-14
14856192 2.7977620220553945e-14
14861184 2.7977620220553945e-14
14866176 2.7632195151372607e-14
14871168 2.7422508708241367e-14
14876160 2.708944180085382e-14
14881152 2.6645352591003757e-14
14886144 2.6446261963621655e-14
14891136 2.609024107869118e-14
14896128 2.6008310599739994e-14
14901120 2.5757174171303632e-14
14906112 2.55351295663786e-14
14911104 2.531308496145357e-14
14916096 2.5091040356528538e-14
14921088 2.475797344914099e-14
14926080 2.4868995751603507e-14
14931072 2.4424906541753444e-14
14936064 2.4202861936828413e-14
14941056 2.4202861936828413e-14
14946048 2.398081733190338e-14
14951040 2.353672812205332e-14
14956032 2.353672812205332e-14
14961024 2.3314683517128287e-14
14966016 2.2870594307278225e-14
14971008 2.2870594307278225e-14
14976000 2.2648549702353193e-14
14980992 2.2209466111921158e-14
14985984 2.220446049250313e-14
14990976 2.220446049250313e-14
14995968 2.1871393585115584e-14
15000960 2.1538326677728037e-14
15005952 2.1760371282653068e-14
15010944 2.1316282072803006e-14
15015936 2.1316282072803006e-14
15020928 2.0872192862952943e-14
15025920 2.0650148258027912e-14
15030912 2.042810365310288e-14
15035904 2.042810365310288e-14
15040896 2.0650148258027912e-14
15045888 1.9984014443252818e-14
15050880 1.9560916182243056e-14
15055872 1.9539925233402755e-14
15060864 1.9539925233402755e-14
15065856 1.9206858326015208e-14
15070848 1.9095836023552692e-14
15075840 1.9095836023552692e-14
15080832 1.887379141862766e-14
15085824 1.865174681370263e-14
15090816 1.865174681370263e-14
15095808 1.865174681370263e-14
15100800 1.8207657603852567e-14
15105792 1.8207657603852567e-14
15110784 1.7763568394002505e-14
15115776 1.7985612998927536e-14
15120768 1.7430501486614958e-14
15125760 1.7342532095078745e-14
15130752 1.7319479184152442e-14
15135744 1.7319479184152442e-14
15140736 1.687538997430238e-14
15145728 1.7319479184152442e-14
15150720 1.6542323066914832e-14
15155712 1.687538997430238e-14
15160704 1.6209256159527285e-14
15165696 1.5987211554602254e-14
15170688 1.6431300764452317e-14
15175680 1.6431300764452317e-14
15180672 1.5987211554602254e-14
15185664 1.554312234475219e-14
15190656 1.6209256159527285e-14
15195648 1.6431300764452317e-14
15200640 1.554312234475219e-14
15205632 1.5765166949677223e-14
15210624 1.554312234475219e-14
15215616 1.4876988529977098e-14
15220608 1.509903313490213e-14
15225600 1.4654943925052066e-14
15230592 1.4654943925052066e-14
15235584 1.4654943925052066e-14
15240576 1.509903313490213e-14
15245568 1.4210854715202004e-14
15250560 1.4654943925052066e-14
15255552 1.4210854715202004e-14
15260544 1.4210854715202004e-14
15265536 1.3877787807814457e-14
15270528 1.354472090042691e-14
15275520 1.3766765505351941e-14
15280512 1.3766765505351941e-14
15285504 1.3322676295501878e-14
15290496 1.3322676295501878e-14
15295488 1.3322676295501878e-14
15300480 1.2878587085651816e-14
15305472 1.2878587085651816e-14
15310464 1.2878587085651816e-14
15315456 1.2878587085651816e-14
15320448 1.2434497875801753e-14
15325440 1.2434497875801753e-14
15330432 1.2434497875801753e-14
15335424 1.2878587085651816e-14
15340416 1.2434497875801753e-14
15345408 1.2434497875801753e-14
15350400 1.199040866595169e-14
15355392 1.2434497875801753e-14
15360384 1.199040866595169e-14
15365376 1.199040866595169e-14
15370368 1.1546319456101628e-14
15375360 1.1546319456101628e-14
15380352 1.2434497875801753e-14
15385344 1.2434497875801753e-14
15390336 1.1546319456101628e-14
15395328 1.1546319456101628e-14
15400320 1.0658141036401503e-14
15405312 1.1102230246251565e-14
15410304 1.1546319456101628e-14
15415296 1.2434497875801753e-14
15420288 1.0658141036401503e-14
15425280 1.0658141036401503e-14
15430272 1.0658141036401503e-14
15435264 1.0658141036401503e-14
15440256 1.0658141036401503e-14
15445248 1.0658141036401503e-14
15450240 1.021405182655144e-14
15455232 9.769962616701378e-15
15460224 1.0658141036401503e-14
15465216 9.769962616701378e-15
15470208 1.0658141036401503e-14
15475200 1.0658141036401503e-14
15480192 1.0658141036401503e-14
15485184 9.769962616701378e-15
15490176 9.769962616701378e-15
15495168 9.769962616701378e-15
15500160 9.769962616701378e-15
15505152 1.0658141036401503e-14
15510144 1.0658141036401503e-14
15515136 9.769962616701378e-15
15520128 9.325873406851315e-15
15525120 9.103828801926284e-15
15530112 1.0658141036401503e-14
15535104 9.769962616701378e-15
15540096 9.325873406851315e-15
15545088 9.769962616701378e-15
15550080 9.325873406851315e-15
15555072 1.0658141036401503e-14
15560064 1.0658141036401503e-14
15565056 1.0658141036401503e-14
15570048 8.881784197001252e-15
15575040 1.0658141036401503e-14
15580032 8.881784197001252e-15
15585024 8.881784197001252e-15
15590016 8.881784197001252e-15
15595008 1.0658141036401503e-14
15600000 1.0658141036401503e-14
15604992 8.881784197001252e-15
15609984 8.881784197001252e-15
15614976 1.1546319456101628e-14
15619968 1.0658141036401503e-14
15624960 9.769962616701378e-15
15629952 8.881784197001252e-15
15634944 8.881784197001252e-15
15639936 7.993605777301127e-15
15644928 8.881784197001252e-15
15649920 8.881784197001252e-15
15654912 8.881784197001252e-15
15659904 8.881784197001252e-15
15664896 8.881784197001252e-15
15669888 8.881784197001252e-15
15674880 8.881784197001252e-15
15679872 8.881784197001252e-15
15684864 8.881784197001252e-15
15689856 8.881784197001252e-15
15694848 8.881784197001252e-15
15699840 8.881784197001252e-15
15704832 8.881784197001252e-15
15709824 8.881784197001252e-15
15714816 8.881784197001252e-15
15719808 1.0658141036401503e-14
15724800 1.0658141036401503e-14
15729792 7.993605777301127e-15
15734784 8.881784197001252e-15
15739776 8.881784197001252e-15
15744768 7.105427357601002e-15
15749760 8.881784197001252e-15
15754752 7.993605777301127e-15
15759744 8.881784197001252e-15
15764736 8.881784197001252e-15
15769728 8.881784197001252e-15
15774720 7.105427357601002e-15
15779712 7.105427357601002e-15
15784704 8.881784197001252e-15
15789696 8.881784197001252e-15
15794688 7.105427357601002e-15
15799680 1.0658141036401503e-14
15804672 8.881784197001252e-15
15809664 8.881784197001252e-15
15814656 7.105427357601002e-15
15819648 8.881784197001252e-15
15824640 7.993605777301127e-15
15829632 1.0658141036401503e-14
15834624 8.881784197001252e-15
15839616 8.881784197001252e-15
15844608 8.881784197001252e-15
15849600 8.881784197001252e-15
15854592 7.105427357601002e-15
15859584 7.105427357601002e-15
15864576 7.105427357601002e-15
15869568 7.105427357601002e-15
15874560 8.881784197001252e-15
15879552 7.105427357601002e-15
15884544 8.881784197001252e-15
15889536 7.105427357601002e-15
15894528 8.881784197001252e-15
15899520 8.881784197001252e-15
15904512 8.881784197001252e-15
15909504 7.993605777301127e-15
15914496 7.105427357601002e-15
15919488 8.881784197001252e-15
15924480 8.881784197001252e-15
15929472 8.881784197001252e-15
15934464 7.105427357601002e-15
15939456 8.881784197001252e-15
15944448 8.881784197001252e-15
15949440 8.881784197001252e-15
15954432 7.105427357601002e-15
15959424 7.105427357601002e-15
15964416 7.105427357601002e-15
15969408 7.105427357601002e-15
15974400 8.881784197001252e-15
15979392 7.105427357601002e-15
15984384 7.105427357601002e-15
15989376 1.0658141036401503e-14
15994368 8.881784197001252e-15
15999360 8.881784197001252e-15
16004352 8.881784197001252e-15
16009344 7.105427357601002e-15
16014336 7.105427357601002e-15
16019328 8.881784197001252e-15
16024320 8.881784197001252e-15
16029312 8.881784197001252e-15
16034304 8.881784197001252e-15
16039296 8.881784197001252e-15
16044288 7.105427357601002e-15
16049280 7.105427357601002e-15
16054272 7.105427357601002e-15
16059264 7.105427357601002e-15
16064256 7.105427357601002e-15
16069248 7.105427357601002e-15
16074240 7.105427357601002e-15
16079232 7.105427357601002e-15
16084224 8.881784197001252e-15
16089216 7.105427357601002e-15
16094208 6.217248937900877e-15
16099200 8.881784197001252e-15
16104192 7.105427357601002e-15
16109184 1.0658141036401503e-14
16114176 8.881784197001252e-15
16119168 7.105427357601002e-15
16124160 1.0658141036401503e-14
16129152 8.881784197001252e-15
16134144 8.881784197001252e-15
16139136 7.105427357601002e-15
16144128 7.105427357601002e-15
16149120 7.105427357601002e-15
16154112 7.105427357601002e-15
16159104 7.105427357601002e-15
16164096 7.105427357601002e-15
16169088 7.105427357601002e-15
16174080 7.105427357601002e-15
16179072 5.329070518200751e-15
16184064 7.105427357601002e-15
16189056 8.881784197001252e-15
16194048 8.881784197001252e-15
16199040 5.329070518200751e-15
16204032 7.993605777301127e-15
16209024 7.105427357601002e-15
16214016 7.993605777301127e-15
16219008 8.881784197001252e-15
16224000 8.881784197001252e-15
16228992 7.105427357601002e-15
16233984 7.105427357601002e-15
16238976 7.105427357601002e-15
16243968 8.881784197001252e-15
16248960 7.105427357601002e-15
16253952 7.105427357601002e-15
16258944 7.105427357601002e-15
16263936 1.0658141036401503e-14
16268928 6.217248937900877e-15
16273920 7.105427357601002e-15
16278912 7.105427357601002e-15
16283904 7.105427357601002e-15
16288896 7.105427357601002e-15
16293888 5.329070518200751e-15
16298880 8.881784197001252e-15
16303872 7.105427357601002e-15
