0 22.507783457552005
154177 1.942363862707369
308354 0.8014854943766352
462531 0.45273753630111013
616708 0.3093793831354663
770885 0.22367671157761926
925062 0.1801725196199877
1079239 0.1462339933299317
1233416 0.12347115155448307
1387593 0.10658115956305902
1541770 0.09286445377009045
1695947 0.08243394195659359
1850124 0.07420202327619219
2004301 0.06707850340657373
2158478 0.06106146600155604
2312655 0.056413539920733946
2466832 0.05204913480375151
2621009 0.04823495038665193
2775186 0.04482670776355313
2929363 0.042056518525736664
3083540 0.03942365539794235
3237717 0.03695871213378332
3391894 0.03478762847450234
3546071 0.03288899211517826
3700248 0.03113566295485537
3854425 0.029457615048464447
4008602 0.027857469235460286
4162779 0.026335864802882192
4316956 0.024938939115114245
4471133 0.02366017428728462
4625310 0.022492334607596476
4779487 0.0213712051099888
4933664 0.020297071669827638
5087841 0.01926983557582229
5242018 0.018288944480924663
5396195 0.01735350605593844
5550372 0.01646237767801395
5704549 0.015614237059073943
5858726 0.01482578528321632
6012903 0.014084504194641134
6167080 0.013377386757287724
6321257 0.012703412907996814
6475434 0.012061491205222374
6629611 0.01145048278117411
6783788 0.010869220683876968
6937965 0.010316525429843182
7092142 0.009791217441260436
7246319 0.00929212692120096
7400496 0.008818101622209973
7554673 0.008368012882976394
7708850 0.007940760242421518
7863027 0.007535274886299348
8017204 0.007150522137385984
8171381 0.006785503163945883
8325558 0.006439256051154807
8479735 0.006110856355521221
8633912 0.005799417241840743
8788089 0.005504648201412721
8942266 0.0052259010396360495
9096443 0.004961522154333764
9250620 0.00471079048918277
9404797 0.0044730166319837394
9558974 0.0042490030362056785
9713151 0.004036524357964311
9867328 0.0038349224210030286
10021505 0.003643648631131313
10175682 0.003462179792602882
10329859 0.003290017289729441
10484036 0.003126686236840648
10638213 0.002971734608866683
10792390 0.0028247323626784393
10946567 0.0026852705574880176
11100744 0.0025530125928101555
11254921 0.0024282333256646638
11409098 0.002309826378946944
11563275 0.0021974627444460992
11717452 0.0020908299444490908
11871629 0.0019896312912024428
12025806 0.001893585165484879
12179983 0.0018024243162129139
12334160 0.0017158951825235746
12488337 0.001633757239146938
12642514 0.0015557823657497138
12796691 0.00148175424051189
12950868 0.0014114677580208124
13105045 0.001344728471276646
13259222 0.0012813520576360204
13413399 0.0012211638081014442
13567576 0.0011639981396402987
13721753 0.0011096981297651354
13875930 0.0010581150727988486
14030107 0.0010091080571497102
14184284 0.0009625435627800272
14338461 0.0009182950782706811
14492638 0.0008762427365720526
14646815 0.0008362729687974024
14800992 0.0007982781752771118
14955169 0.0007621564131179426
15109346 0.0007278110995763143
15263523 0.000695150730487093
15417700 0.0006642505668583709
15571877 0.0006351015902712476
15726054 0.0006073575700691336
15880231 0.0005809470435584885
16034408 0.0005558022714433619
16188585 0.0005318590434661985
16342762 0.0005090564939127518
16496939 0.0004873369266462646
16651116 0.0004666456490394211
16805293 0.0004469308145562678
16959470 0.0004281432734005719
17113647 0.0004102364309641615
17267824 0.0003931661135965214
17422001 0.0003768904413874452
17576178 0.0003613697075701694
17730355 0.00034656626423856807
17884532 0.0003324444140719862
18038709 0.00031897030769023615
18192886 0.00030611184643980494
18347063 0.00029402878346207473
18501240 0.00028251372131293806
18655417 0.0002715114448408329
18809594 0.00026099698281978334
18963771 0.0002509466439226671
19117948 0.00024133794945768727
19272125 0.00023214956974193512
19426302 0.00022336126377009435
19580479 0.00021496841855617177
19734656 0.00020709136202778922
19888833 0.00019954621283702068
20043010 0.00019231738787395258
20197187 0.00018539008630469311
20351364 0.00017875024892211044
20505541 0.00017238451965306822
20659718 0.00016628020907116792
20813895 0.00016042525985859868
20968072 0.00015480821405011724
21122249 0.00014941818203295654
21276426 0.00014424481316188675
21430603 0.0001392782679268123
21584780 0.0001345091915756491
21738957 0.00012995506192936546
21893134 0.00012565233865746706
22047311 0.00012151391281944868
22201488 0.00011753261412472682
22355665 0.00011370161701762527
22509842 0.00011001442313851584
22664019 0.00010653100257895787
22818196 0.00010319250099666277
22972373 9.997371262215893e-05
23126550 9.68696902976518e-05
23280727 9.387571602248457e-05
23434904 9.098728953871316e-05
23589081 8.820011750954038e-05
23743258 8.55101032515293e-05
23897435 8.291333699483872e-05
24051612 8.040608665815796e-05
24205789 7.7984789087715e-05
24359966 7.564604175902545e-05
24514143 7.338659488631549e-05
24668320 7.120334396093497e-05
24822497 6.912881411613725e-05
24976674 6.713147079429049e-05
25130851 6.519841075425248e-05
25285028 6.332725537516737e-05
25439205 6.151585110214519e-05
25593382 5.9799255692105646e-05
25747559 5.813504120255608e-05
25901736 5.652139081191443e-05
26055913 5.495656044307573e-05
26210090 5.343887547359927e-05
26364267 5.196672760265919e-05
26518444 5.053857186987365e-05
26672621 4.91529238317856e-05
26826798 4.7808356859802004e-05
26980975 4.650349958357225e-05
27135152 4.5237033448719544e-05
27289329 4.400769040335817e-05
27443506 4.281425067409472e-05
27597683 4.16555406821395e-05
27751860 4.0544670068864974e-05
27906037 3.9469030464145405e-05
28060214 3.842349278437851e-05
28214391 3.740733981716371e-05
28368568 3.643497051852851e-05
28522745 3.548878402059863e-05
28676922 3.456802780354984e-05
28831099 3.367197337578176e-05
28985276 3.2799915393955104e-05
29139453 3.195117081766785e-05
29293630 3.11250781012129e-05
29447807 3.0320996422972257e-05
29601984 2.953830493546139e-05
29756161 2.8776402062002937e-05
29910338 2.8034704807944344e-05
30064515 2.7312648110733306e-05
30218692 2.66096842078678e-05
30372869 2.5925282035488273e-05
30527046 2.525892665083962e-05
30681223 2.4610118676271497e-05
30835400 2.3978373768218653e-05
30989577 2.3363222100059033e-05
31143754 2.2764207874725884e-05
31297931 2.2180888849754332e-05
31452108 2.161283588342222e-05
31606285 2.1059632498321434e-05
31760462 2.0520874459917238e-05
31914639 1.9996169375313677e-05
32068816 1.9485136301899963e-05
32222993 1.8987405373205313e-05
32377170 1.8502617443627578e-05
32531347 1.803042373693664e-05
32685524 1.757048551465079e-05
32839701 1.7122473754960232e-05
32993878 1.668606884375201e-05
33148055 1.6260960274627756e-05
33302232 1.5846846364686584e-05
33456409 1.5443433975859122e-05
33610586 1.5050438248120912e-05
33764763 1.4667582341254537e-05
33918940 1.429597623131551e-05
34073117 1.3936701444228206e-05
34227294 1.3586454358560651e-05
34381471 1.3245008201823172e-05
34535648 1.2912141893139939e-05
34689825 1.2587639902250647e-05
34844002 1.2271292108845255e-05
34998179 1.1962893668671093e-05
35152356 1.1662244879362405e-05
35306533 1.1369151053153281e-05
35460710 1.1083422390367748e-05
35614887 1.0804873856629094e-05
35769064 1.053332506395499e-05
35923241 1.026860015368447e-05
36077418 1.001052768362376e-05
36231595 9.758940516524373e-06
36385772 9.513675711836367e-06
36539949 9.27457442179147e-06
36694126 9.041481787375183e-06
36848303 8.814246838795281e-06
37002480 8.592722397837704e-06
37156657 8.37676498316453e-06
37310834 8.166234716611154e-06
37465011 7.96099523342475e-06
37619188 7.76091359394604e-06
37773365 7.565860197900065e-06
37927542 7.375708699908223e-06
38081719 7.190335928775049e-06
38235896 7.009621806552957e-06
38390073 6.833449272325431e-06
38544250 6.661704205213059e-06
38698427 6.494275351431877e-06
38852604 6.331054251906831e-06
39006781 6.17193517210568e-06
39160958 6.016815033815792e-06
39315135 5.86559334841974e-06
39469312 5.718172151669698e-06
39623489 5.574455940571266e-06
39777666 5.4343516115440416e-06
39931843 5.297768399692426e-06
40086020 5.164617821018513e-06
40240197 5.0348136144684474e-06
40394374 4.908271686032695e-06
40548551 4.7849100545116485e-06
40702728 4.664648798780036e-06
40856905 4.5474100055509226e-06
41011082 4.433117719249147e-06
41165259 4.321697892606391e-06
41319436 4.213078339310172e-06
41473613 4.107188686042207e-06
41627790 4.003960328347045e-06
41781967 3.9033263855570155e-06
41936144 3.8052216571604625e-06
42090321 3.7095825812238914e-06
42244498 3.616347192869629e-06
42398675 3.525455084363305e-06
42552852 3.4368473657009346e-06
42707029 3.3504666269723593e-06
42861206 3.266256900613662e-06
43015383 3.1841636253804317e-06
43169560 3.1041336112647144e-06
43323737 3.0261150047450336e-06
43477914 2.9500572553686766e-06
43632091 2.87591108322216e-06
43786268 2.803628446068629e-06
43940445 2.7331625097604118e-06
44094622 2.664467616708688e-06
44248799 2.597499256296043e-06
44402976 2.532214037231917e-06
44557153 2.4685696579651584e-06
44711330 2.40652488031623e-06
44865507 2.346039502498787e-06
45019684 2.287074332807393e-06
45173861 2.2295911644709676e-06
45328038 2.1735527512278807e-06
45482215 2.1189227820683776e-06
45636392 2.0656658591966526e-06
45790569 2.0137474743830985e-06
45944746 1.963133985927179e-06
46098923 1.9137925985623916e-06
46253100 1.86569134041914e-06
46407277 1.8187990436513424e-06
46561454 1.7730853232866828e-06
46715631 1.728520558130775e-06
46869808 1.685075871504793e-06
47023985 1.6427231124827024e-06
47178162 1.6014348372950238e-06
47332339 1.5611842923979324e-06
47486516 1.5219453958770224e-06
47640693 1.4836927224037844e-06
47794870 1.4464014843618145e-06
47949047 1.4100475180245375e-06
48103224 1.374607266679817e-06
48257401 1.3400577654754109e-06
48411578 1.306376626930561e-06
48565755 1.273542026170027e-06
48719932 1.2415326867132315e-06
48874109 1.2103278669295392e-06
49028286 1.179907346438025e-06
49182463 1.1502514131733754e-06
49336640 1.1213408502297462e-06
49490817 1.0931569238703531e-06
49644994 1.0656813710929747e-06
49799171 1.038896388028121e-06
49953348 1.0127846180041367e-06
50107525 9.873291408890594e-07
50261702 9.62513461599812e-07
50415879 9.383214996105949e-07
50570056 9.147375786833223e-07
50724233 8.91746416431527e-07
50878410 8.693331147169303e-07
51032587 8.474831496019242e-07
51186764 8.261823624677866e-07
51340941 8.054169504112529e-07
51495118 7.8517345730722e-07
51649295 7.654387654820738e-07
51803472 7.462000866098606e-07
51957649 7.274449542182815e-07
52111826 7.091612148624193e-07
52266003 6.913370204642e-07
52420180 6.739608211514536e-07
52574357 6.57021356875731e-07
52728534 6.405076508619878e-07
52882711 6.244090021700899e-07
53036888 6.087149787004087e-07
53191065 5.934154106990164e-07
53345242 5.78500383874303e-07
53499419 5.639602332907501e-07
53653596 5.497855367631033e-07
53807773 5.359671090277018e-07
53961950 5.224959955252295e-07
54116127 5.093634671271552e-07
54270304 4.965610133633724e-07
54424481 4.840803387029524e-07
54578658 4.719133550046273e-07
54732835 4.6005217846367685e-07
54887012 4.4848912267303476e-07
55041189 4.372166944044409e-07
55195366 4.262275895561274e-07
55349543 4.155146867135251e-07
55503720 4.050710438185945e-07
55657897 3.948898933403555e-07
55812074 3.8496463777848433e-07
55966251 3.7528884533344353e-07
56120428 3.65856246187235e-07
56274605 3.566607278404632e-07
56428782 3.476963312820658e-07
56582959 3.3895724776966674e-07
56737136 3.304378140001063e-07
56891313 3.2213250961143913e-07
57045490 3.1403595202039725e-07
57199667 3.0614289536767814e-07
57353844 2.984482242451847e-07
57508021 2.9094695269682447e-07
57662198 2.836342196665953e-07
57816375 2.765052862785389e-07
57970552 2.6955553322771664e-07
58124729 2.6278045683891804e-07
58278906 2.561756665131476e-07
58433083 2.4973688256269e-07
58587260 2.4345993238084063e-07
58741437 2.3734074855452647e-07
58895614 2.3137536570017048e-07
59049791 2.255599180212009e-07
59203968 2.1989063730964986e-07
59358145 2.1436384944895082e-07
59512322 2.0897597319269323e-07
59666499 2.0372351716702042e-07
59820676 1.9860307748365003e-07
59974853 1.936113361855618e-07
60129030 1.8874505841592892e-07
60283207 1.8400109103033913e-07
60437384 1.7937635954368147e-07
60591561 1.7486786718645675e-07
60745738 1.7047269229575335e-07
60899915 1.661879869274685e-07
61054092 1.6201097430279532e-07
61208269 1.5793894769799977e-07
61362446 1.5396926855704152e-07
61516623 1.500993641601056e-07
61670800 1.4632672706849092e-07
61824977 1.4264891223803033e-07
61979154 1.3906353657500148e-07
62133331 1.3556827666016957e-07
62287508 1.3216086752754208e-07
62441685 1.2883910094352302e-07
62595862 1.2560082462975686e-07
62750039 1.22443939876149e-07
62904216 1.1936640109677654e-07
63058393 1.1636621399802038e-07
63212570 1.1344143424629749e-07
63366747 1.1059016680192713e-07
63520924 1.0781056375419595e-07
63675101 1.0510082398829113e-07
63829278 1.0245919163098804e-07
63983455 9.988395466287159e-08
64137632 9.737344430771344e-08
64291809 9.492603381122677e-08
64445986 9.254013716430975e-08
64600163 9.02142083814006e-08
64754340 8.794673994616531e-08
64908517 8.573626275598656e-08
65062694 8.358134423458452e-08
65216871 8.148058805446112e-08
65371048 7.943263274912127e-08
65525225 7.743615132449477e-08
65679402 7.548985009320219e-08
65833579 7.35924675643318e-08
65987756 7.174277444343957e-08
66141933 6.993957196721468e-08
66296110 6.818169173694599e-08
66450287 6.64679943862545e-08
66604464 6.479736963660443e-08
66758641 6.3168734742991e-08
66912818 6.158103460496278e-08
67066995 6.003324010128708e-08
67221172 5.8524348089949996e-08
67375349 5.7053381075089504e-08
67529526 5.561938570819436e-08
67683703 5.42214328991264e-08
67837880 5.285861648385293e-08
67992057 5.153005361302476e-08
68146234 5.023488303113055e-08
68300411 4.897226568711943e-08
68454588 4.7741383235599955e-08
68608765 4.654143820337353e-08
68762942 4.537165287921141e-08
68917119 4.423126931385468e-08
69071296 4.31195483763247e-08
69225473 4.2035769864945394e-08
69379650 4.0979231175075626e-08
69533827 3.9949247798709564e-08
69688004 3.894515249180941e-08
69842181 3.796629427510467e-08
69996358 3.701203893369254e-08
70150535 3.608176812885944e-08
70304712 3.5174879009503e-08
70458889 3.4290783879065145e-08
70613066 3.342890991797631e-08
70767243 3.2588698517521664e-08
70921420 3.1769604835751863e-08
71075597 3.097109901872841e-08
71229774 3.019266286985456e-08
71383951 2.9433792125832525e-08
71538128 2.8693995013373552e-08
71692305 2.797279230470906e-08
71846482 2.7269716373901076e-08
72000659 2.6584311696442597e-08
72154836 2.5916134294146076e-08
72309013 2.5264751069009606e-08
72463190 2.4629739858728072e-08
72617367 2.4010689048115097e-08
72771544 2.3407197735636487e-08
72925721 2.281887490074297e-08
73079898 2.2245338793247527e-08
73234075 2.1686218321104178e-08
73388252 2.1141150940984232e-08
73542429 2.0609783379921254e-08
73696606 2.0091771357755306e-08
73850783 1.958677908753259e-08
74004960 1.9094479608572357e-08
74159137 1.8614553731755024e-08
74313314 1.814669037258909e-08
74467491 1.7690586273655384e-08
74621668 1.7245946282162805e-08
74775845 1.6812481906658405e-08
74930022 1.6389912316228106e-08
75084199 1.5977963785385185e-08
75238376 1.557636919446992e-08
75392553 1.5184868418227637e-08
75546730 1.480320760416376e-08
75700907 1.4431139783166458e-08
75855084 1.4068423481727876e-08
76009261 1.3714823721144853e-08
76163438 1.337011157342971e-08
76317615 1.303406349517644e-08
76471792 1.2706461716138762e-08
76625969 1.2387094017185518e-08
76780146 1.2075753286211466e-08
76934323 1.1772238017737635e-08
77088500 1.1476351258199458e-08
77242677 1.1187901383102883e-08
77396854 1.0906701597424018e-08
77551031 1.0632569547031068e-08
77705208 1.0365327596240093e-08
77859385 1.0104802661281553e-08
78013562 9.850825766211102e-09
78167739 9.603232320465338e-09
78321916 9.361862007839505e-09
78476093 9.126558342398283e-09
78630270 8.89716883500924e-09
78784447 8.67354499334283e-09
78938624 8.455541600227434e-09
79092801 8.243017768361227e-09
79246978 8.035835441511097e-09
79401155 7.833860504735668e-09
79555332 7.636962007229187e-09
79709509 7.445012606410728e-09
79863686 7.257887568723476e-09
80017863 7.075465824346594e-09
80172040 6.897629079016809e-09
80326217 6.724262147095317e-09
80480394 6.555252618500873e-09
80634571 6.3904911362655525e-09
80788748 6.22987061937863e-09
80942925 6.073287428520757e-09
81097102 5.9206397562405755e-09
81251279 5.771828737177742e-09
81405456 5.6267579484625685e-09
81559633 5.485333465227171e-09
81713810 5.347463638560868e-09
81867987 5.213058984487873e-09
82022164 5.082032461523056e-09
82176341 4.9542993041384875e-09
82330518 4.829776467651925e-09
82484695 4.708383682938688e-09
82638872 4.590041791097121e-09
82793049 4.47467440878313e-09
82947226 4.362206706964855e-09
83101403 4.252565632967276e-09
83255580 4.145680521094874e-09
83409757 4.041481926897461e-09
83563934 3.939902182281685e-09
83718111 3.840875562044488e-09
83872288 3.7443378397838956e-09
84026465 3.6502266764770752e-09
84180642 3.5584809543465212e-09
84334819 3.46904099890466e-09
84488996 3.3818491340653623e-09
84643173 3.2968487939655233e-09
84797350 3.213984911543122e-09
84951527 3.133203807514917e-09
85105704 3.0544529683318444e-09
85259881 2.9776814347570735e-09
85414058 2.9028395243102523e-09
85568235 2.829878831267507e-09
85722412 2.758752004616838e-09
85876589 2.6894126925469664e-09
86030766 2.621816097558849e-09
86184943 2.555918643398769e-09
86339120 2.4916775864802787e-09
86493297 2.4290510158841983e-09
86647474 2.3679985750035826e-09
86801651 2.3084806288764526e-09
86955828 2.2504586527638537e-09
87110005 2.1938950101052512e-09
87264182 2.1387530635408325e-09
87418359 2.0849970638892046e-09
87572536 2.032592094636243e-09
87726713 1.981504349490848e-09
87880890 1.931700799318037e-09
88035067 1.8831487480497344e-09
88189244 1.8358171649524024e-09
88343421 1.7896751858259563e-09
88497598 1.7446930011821848e-09
88651775 1.7008414121555404e-09
88805952 1.6580919970365926e-09
88960129 1.6164171112720283e-09
89114306 1.5757896099088953e-09
89268483 1.5361832916838125e-09
89422660 1.4975723439114574e-09
89576837 1.4599320641295321e-09
89731014 1.423237583342285e-09
89885191 1.3874655313550477e-09
90039368 1.352592593484303e-09
90193545 1.3185962322026512e-09
90347722 1.2854544095830533e-09
90501899 1.2531453652542268e-09
90656076 1.2216483935567624e-09
90810253 1.190943121898158e-09
90964430 1.1610096772862732e-09
91118607 1.1318286308181769e-09
91272784 1.1033808866578454e-09
91426961 1.0756481261253725e-09
91581138 1.0486124746300618e-09
91735315 1.0222564461592754e-09
91889492 9.965626657226778e-10
92043669 9.715148685529584e-10
92197846 9.470964013047478e-10
92352023 9.232919429003061e-10
92506200 9.000856171503813e-10
92660377 8.774626580887457e-10
92814554 8.554082997491719e-10
92968731 8.339081647434909e-10
93122908 8.129485418173488e-10
93277085 7.925155531829375e-10
93431262 7.725963202531716e-10
93585439 7.531776313740579e-10
93739616 7.342471075588719e-10
93893793 7.157922587985865e-10
94047970 6.978013167291408e-10
94202147 6.802626240087761e-10
94356324 6.631647453403389e-10
94510501 6.464965229824315e-10
94664678 6.302474098163202e-10
94818855 6.144064701452123e-10
94973032 5.989638229841887e-10
95127209 5.839094208148765e-10
95281386 5.692331606077516e-10
95435563 5.549259385340122e-10
95589740 5.409782621867976e-10
95743917 5.273812497819108e-10
95898094 5.141258530017012e-10
96052271 5.012035786400304e-10
96206448 4.886063220688186e-10
96360625 4.76325479059625e-10
96514802 4.643533890735796e-10
96668979 4.5268216952720763e-10
96823156 4.4130432641509287e-10
96977333 4.302125322652728e-10
97131510 4.1939951511693607e-10
97285687 4.0885822505387637e-10
97439864 3.98581778693341e-10
97594041 3.8856379225293836e-10
97748218 3.787973823499158e-10
97902395 3.6927666480224275e-10
98056572 3.599951448052252e-10
98210749 3.5094693817683265e-10
98364926 3.421261052238833e-10
98519103 3.3352698380895163e-10
98673280 3.2514402281691446e-10
98827457 3.1697178215495114e-10
98981634 3.0900487724139225e-10
99135811 3.0123831207262697e-10
99289988 2.9366686860043956e-10
99444165 2.8628599491042905e-10
99598342 2.790902509097748e-10
99752519 2.720754177509832e-10
99906696 2.6523716556425825e-10
100060873 2.5857060936829157e-10
100215050 2.520715303155896e-10
100369227 2.4573587609211245e-10
100523404 2.39559538872669e-10
100677581 2.335382998097657e-10
100831758 2.276685506785725e-10
100985935 2.219461836538983e-10
101140112 2.1636775704436673e-10
101294289 2.1092955160284532e-10
101448466 2.0562795910450404e-10
101602643 2.0045959336911778e-10
101756820 1.9542123474991513e-10
101910997 1.9050944155551974e-10
102065174 1.8572121618376514e-10
102219351 1.810531724544262e-10
102373528 1.7650253480994138e-10
102527705 1.7206625013699295e-10
102681882 1.6774159838917058e-10
102836059 1.6352547094200531e-10
102990236 1.5941536979369175e-10
103144413 1.5540868592012202e-10
103298590 1.5150242171912964e-10
103452767 1.4769468981157274e-10
103606944 1.439824370841336e-10
103761121 1.4036344309076298e-10
103915298 1.368355984077141e-10
104069475 1.3339629401087905e-10
104223652 1.3004353149881354e-10
104377829 1.267749238920146e-10
104532006 1.2358858381134041e-10
104686183 1.2048223529959046e-10
104840360 1.174540464887741e-10
104994537 1.1450190795514459e-10
105148714 1.1162393231956003e-10
105302891 1.0881839873633226e-10
105457068 1.0608330880401695e-10
105611245 1.0341688616577471e-10
105765422 1.0081757650937107e-10
105919599 9.828360347796661e-11
106073776 9.58133017370244e-11
106227953 9.340517248546121e-11
106382130 9.105743936643762e-11
106536307 8.876877011232409e-11
106690484 8.653783245549107e-11
106844661 8.4362572483343e-11
106998838 8.224226855091388e-11
107153015 8.01751443013643e-11
107307192 7.815997848936718e-11
107461369 7.619549435844419e-11
107615546 7.428041515211703e-11
107769723 7.241346411390737e-11
107923900 7.059330897618565e-11
108078077 6.881906156053219e-11
108232254 6.70893340881662e-11
108386431 6.540301633606305e-11
108540608 6.375922012580304e-11
108694785 6.215672421205909e-11
108848962 6.05944738829578e-11
109003139 5.907141442662578e-11
109157316 5.7586657664643326e-11
109311493 5.613931541859074e-11
109465670 5.4728221954292167e-11
109619847 5.335276664908406e-11
109774024 5.2011839279941796e-11
109928201 5.0704551668445674e-11
110082378 4.9430015636175995e-11
110236555 4.818756504931798e-11
110390732 4.697653377405686e-11
110544909 4.579586709851924e-11
110699086 4.4644732355436645e-11
110853263 4.3522629944448e-11
111007440 4.242872719828483e-11
111161617 4.136235798313237e-11
111315794 4.032268963172214e-11
111469971 3.9309167032541836e-11
111624148 3.832117956292791e-11
111778325 3.7358005577914355e-11
111932502 3.64189789436864e-11
112086679 3.5503600059882956e-11
112240856 3.4611202792689255e-11
112395033 3.374145407519791e-11
112549210 3.289341021783798e-11
112703387 3.2066571620248396e-11
112857564 3.126054970437053e-11
113011741 3.047490038099454e-11
113165918 2.9708902005154414e-11
113320095 2.8962221509942765e-11
113474272 2.8234359294998512e-11
113628449 2.752464922650688e-11
113782626 2.6832869259862946e-11
113936803 2.6158408772403163e-11
114090980 2.5500823674917683e-11
114245157 2.485983641165035e-11
114399334 2.4235169426845005e-11
114553511 2.3626045564384413e-11
114707688 2.3032187268512416e-11
114861865 2.245326147232163e-11
115016042 2.188887959775343e-11
115170219 2.1338819600202896e-11
115324396 2.0802526368157714e-11
115478573 2.0279555812408034e-11
115632750 1.9769741399500163e-11
115786927 1.9273027618282867e-11
115941104 1.878852629033645e-11
116095281 1.831634843796337e-11
116249458 1.785604997195378e-11
116403635 1.7407131291946598e-11
116557812 1.6969647909093055e-11
116711989 1.6542989200729608e-11
116866166 1.612732170030995e-11
117020343 1.5722090296321767e-11
117174520 1.532685089955521e-11
117328697 1.4941603510010282e-11
117482874 1.4566126083082054e-11
117637051 1.4199863507258215e-11
117791228 1.3842982315992458e-11
117945405 1.3495038420074934e-11
118099582 1.315592079720318e-11
118253759 1.2825240869318577e-11
118407936 1.2502943125269894e-11
118562113 1.2188694498149744e-11
118716290 1.1882328454504432e-11
118870467 1.1583567438577802e-11
119024644 1.1292522472672317e-11
119178821 1.1008693956426896e-11
119332998 1.0731859845236613e-11
119487175 1.0462297694857625e-11
119641352 1.0199230349172694e-11
119795529 9.942879852786746e-12
119949706 9.693024161094854e-12
120103883 9.449330207189632e-12
120258060 9.211853502222311e-12
120412237 8.980372001587966e-12
120566414 8.75460814953044e-12
120720591 8.534561946049735e-12
120874768 8.320066857692154e-12
121028945 8.110845328701544e-12
121183122 7.907119403682827e-12
121337299 7.70822294882123e-12
121491476 7.514600053326603e-12
121645653 7.325695605686633e-12
121799830 7.1415096059013194e-12
121954007 6.962097565121894e-12
122108184 6.7871264164409695e-12
122262361 6.616429626404852e-12
122416538 6.4501737284672345e-12
122570715 6.288136678023193e-12
122724892 6.130096430467802e-12
122879069 5.976052985801061e-12
123033246 5.8257842994180464e-12
123187423 5.679290371318757e-12
123341600 5.536737734956887e-12
123495777 5.3975712788201236e-12
123649954 5.261846514059698e-12
123804131 5.129563440675611e-12
123958308 5.000611036365399e-12
124112485 4.874933789977831e-12
124266662 4.752420679210445e-12
124420839 4.632960681760778e-12
124575016 4.516609308780062e-12
124729193 4.402977982209677e-12
124883370 4.29234425780578e-12
125037547 4.184430579812215e-12
125191724 4.07918143707775e-12
125345901 3.9767633630560795e-12
125500078 3.876732268537353e-12
125654255 3.779365709277727e-12
125808432 3.684441640672276e-12
125962609 3.591738018116075e-12
126116786 3.5015323973652812e-12
126270963 3.4135472226637376e-12
126425140 3.327560449406519e-12
126579317 3.243960655652245e-12
126733494 3.1625257967959897e-12
126887671 3.082978317081597e-12
127041848 3.0054847499627613e-12
127196025 2.9299340731370194e-12
127350202 2.8562707754531402e-12
127504379 2.784550368062355e-12
127658556 2.7146063175109703e-12
127812733 2.6463831126477544e-12
127966910 2.5798252423214763e-12
128121087 2.514988217683367e-12
128275264 2.4517610164309644e-12
128429441 2.3901436385642683e-12
128583618 2.3299695506295848e-12
128737795 2.2715163083830703e-12
128891972 2.2144508449173372e-12
129046149 2.1587731602323856e-12
129200326 2.1044832543282155e-12
129354503 2.0515811272048268e-12
129508680 1.999955756559757e-12
129662857 1.9497181646954687e-12
129817034 1.9007573293094993e-12
129971211 1.8529622280993863e-12
130125388 1.8063328610651297e-12
130279565 1.7610912728116546e-12
130433742 1.7167378629778796e-12
130587919 1.673550187319961e-12
130742096 1.63158375698913e-12
130896273 1.5905055050779993e-12
131050450 1.5505929873427249e-12
131204627 1.5115686480271506e-12
131358804 1.473543509433739e-12
131512981 1.4365730827137213e-12
131667158 1.4004353232621725e-12
131821335 1.3652967645327863e-12
131975512 1.3309353619206377e-12
132129689 1.297406626576958e-12
132283866 1.2649326031066721e-12
132438043 1.2331802246023926e-12
132592220 1.2021494910641195e-12
132746397 1.1719514247943152e-12
132900574 1.142419492339286e-12
133054751 1.1137202271527258e-12
133208928 1.085798118083403e-12
133363105 1.0584866316776242e-12
133517282 1.0317857679353892e-12
133671459 1.005917571461623e-12
133825636 9.805489753489383e-13
133979813 9.55957535353491e-13
134133990 9.319212068703564e-13
134288167 9.084955010507656e-13
134442344 8.856249067434874e-13
134596521 8.634204462509842e-13
134750698 8.418266084220249e-13
134904875 8.205103263492219e-13
135059052 7.999712003936565e-13
135213229 7.7982065249671e-13
135367406 7.601697049608447e-13
135521583 7.41073868937292e-13
135675760 7.223666109723581e-13
135829937 7.043809979734306e-13
135984114 6.865619184281968e-13
136138291 6.692979503952756e-13
136292468 6.525335827234358e-13
136446645 6.361577931102147e-13
136600822 6.200040481019187e-13
136754999 6.046829703620915e-13
136909176 5.894729149247269e-13
137063353 5.745959263947498e-13
137217530 5.601075159233915e-13
137371707 5.460631946618832e-13
137525884 5.322409180053e-13
137680061 5.189182417097982e-13
137834238 5.058176100192213e-13
137988415 4.932165786897258e-13
138142592 4.80782080813924e-13
138296769 4.686806498455098e-13
138450946 4.569677969357144e-13
138605123 4.453104551771503e-13
138759300 4.3426373608213e-13
138913477 4.233280392895722e-13
139067654 4.1261438710193943e-13
139221831 4.0234482412415673e-13
139376008 3.9218628344883655e-13
139530185 3.823608096809039e-13
139684362 3.7270186936666505e-13
139838539 3.6337599595981374e-13
139992716 3.543276783091187e-13
140146893 3.4533487180965494e-13
140301070 3.3661962106634746e-13
140455247 3.28126414927965e-13
140609424 3.198552533945076e-13
140763601 3.1186164761720647e-13
140917778 3.0414559759606163e-13
141071955 2.9648505872614805e-13
141226132 2.88935542158697e-13
141380309 2.8171909249863347e-13
141534486 2.745581539898012e-13
141688663 2.677302823883565e-13
141842840 2.6106894424060556e-13
141997017 2.5435209494162336e-13
142151194 2.479683125500287e-13
142305371 2.416400413096653e-13
142459548 2.3570034812792073e-13
142613725 2.2976065494617615e-13
142767902 2.240430063693566e-13
142922079 2.1843638009499955e-13
143076256 2.1294077612310502e-13
143230433 2.0755619445367302e-13
143384610 2.0233814623793478e-13
143538787 1.9723112032465906e-13
143692964 1.9229062786507711e-13
143847141 1.8746115770795768e-13
144001318 1.826871987020695e-13
144155495 1.7819079545233762e-13
144309672 1.73749903353837e-13
144463849 1.694200335577989e-13
144618026 1.6503465261052952e-13
144772203 1.6092682741941644e-13
144926380 1.5687451337953462e-13
145080557 1.5287771049088406e-13
145234734 1.4910295220715852e-13
145388911 1.4538370507466425e-13
145543088 1.4166445794216997e-13
145697265 1.3816725541460073e-13
145851442 1.3461454173580023e-13
146005619 1.3128387266192476e-13
146159796 1.279532035880493e-13
146313973 1.2484457911909885e-13
146468150 1.2173595465014841e-13
146622327 1.1857181902996672e-13
146776504 1.155742168634788e-13
146930681 1.1268763699945339e-13
147084858 1.099120794378905e-13
147239035 1.0702549957386509e-13
147393212 1.042499420123022e-13
147547389 1.0180745135812685e-13
147701566 9.914291609902648e-14
147855743 9.681144774731365e-14
148009920 9.425793479067579e-14
148164097 9.18709552877317e-14
148318274 8.965050923848139e-14
148472451 8.72635297355373e-14
148626628 8.515410598874951e-14
148780805 8.298917109073045e-14
148934982 8.093525849517391e-14
149089159 7.893685705084863e-14
149243336 7.688294445529209e-14
149397513 7.499556531342932e-14
149551690 7.316369732279782e-14
149705867 7.127631818093505e-14
149860044 6.94999613415348e-14
150014221 6.766809335090329e-14
150168398 6.59472476627343e-14
150322575 6.45039577307216e-14
150476752 6.272760089132134e-14
150630929 6.117328865684613e-14
150785106 5.956346527113965e-14
150939283 5.812017533912694e-14
151093460 5.684341886080802e-14
151247637 5.523359547510154e-14
151401814 5.384581669432009e-14
151555991 5.262457136723242e-14
151710168 5.1236792586450974e-14
151864345 5.0182080713057076e-14
152018522 4.873879078104437e-14
152172699 4.75175454539567e-14
152326876 4.629630012686903e-14
152481053 4.5075054799781356e-14
152635230 4.4297898682543746e-14
152789407 4.3076653355456074e-14
152943584 4.1744385725905886e-14
153097761 4.0745185003743245e-14
153251938 3.985700658404312e-14
153406115 3.863576125695545e-14
153560292 3.8191672047105385e-14
153714469 3.68594044175552e-14
153868646 3.5915714846623814e-14
154022823 3.5083047578154947e-14
154177000 3.4083846855992306e-14
154331177 3.341771304121721e-14
154485354 3.26405569239796e-14
154639531 3.164135620181696e-14
154793708 3.1530333899354446e-14
154947885 3.019806626980426e-14
155102062 2.930988785010413e-14
155256239 2.864375403532904e-14
155410416 2.786659791809143e-14
155564593 2.7533531010703882e-14
155718770 2.708944180085382e-14
155872947 2.5979218776228663e-14
156027124 2.5424107263916085e-14
156181301 2.475797344914099e-14
156335478 2.4091839634365897e-14
156489655 2.3425705819590803e-14
156643832 2.2870594307278225e-14
156798009 2.2370993946196904e-14
156952186 2.220446049250313e-14
157106363 2.1760371282653068e-14
157260540 2.0539125955565396e-14
157414717 2.042810365310288e-14
157568894 2.042810365310288e-14
157723071 1.9317880628477724e-14
157877248 1.9539925233402755e-14
158031425 1.865174681370263e-14
158185602 1.865174681370263e-14
158339779 1.7319479184152442e-14
158493956 1.7763568394002505e-14
158648133 1.687538997430238e-14
158802310 1.687538997430238e-14
158956487 1.5987211554602254e-14
159110664 1.5654144647214707e-14
159264841 1.5987211554602254e-14
159419018 1.4765966227514582e-14
159573195 1.509903313490213e-14
159727372 1.4432899320127035e-14
159881549 1.4210854715202004e-14
160035726 1.3322676295501878e-14
160189903 1.3100631690576847e-14
160344080 1.3322676295501878e-14
160498257 1.3322676295501878e-14
160652434 1.3322676295501878e-14
160806611 1.2434497875801753e-14
160960788 1.2434497875801753e-14
161114965 1.2434497875801753e-14
161269142 1.199040866595169e-14
161423319 1.2434497875801753e-14
161577496 1.1546319456101628e-14
161731673 1.1546319456101628e-14
161885850 1.2434497875801753e-14
162040027 1.0658141036401503e-14
162194204 1.0658141036401503e-14
162348381 1.0658141036401503e-14
162502558 1.0658141036401503e-14
162656735 1.0658141036401503e-14
162810912 1.0658141036401503e-14
162965089 1.0658141036401503e-14
163119266 8.881784197001252e-15
