0 21.13344681157158
36665 1.9798985702234093
73330 0.7822381210468698
109995 0.44252833488307086
146660 0.2964957574432239
183325 0.21505393309946363
219990 0.17107378377923954
256655 0.13753702639297227
293320 0.1142656507920341
329985 0.09664714909518324
366650 0.08128172294951597
403315 0.06818740344605345
439980 0.05775039873332588
476645 0.04914162542521616
513310 0.04187987610573263
549975 0.03565604397206101
586640 0.030303272362107947
623305 0.02572541994683597
659970 0.02182577641772898
696635 0.01851307333775054
733300 0.01570433820752193
769965 0.013325913992040306
806630 0.011313446878989275
843295 0.009611327244139822
879960 0.008171873372494254
916625 0.006954427083620374
953290 0.005924456465214334
989955 0.005068843328827732
1026620 0.004343744477459666
1063285 0.0037270758200467213
1099950 0.0032023173199133836
1136615 0.0027554504697508975
1173280 0.0023745949237108377
1209945 0.002049691705651391
1246610 0.0017722293752102658
1283275 0.001535008818120076
1319940 0.0013319421669208964
1356605 0.00115788151323315
1393270 0.001008473394269238
1429935 0.0008800354317646253
1466600 0.0007694519168408576
1503265 0.0006740855379714361
1539930 0.0005917028246331668
1576595 0.0005204112184458154
1613260 0.00045860598498226324
1649925 0.0004063509043632507
1686590 0.0003610581599997609
1723255 0.00032303186381543725
1759920 0.0002894751329431955
1796585 0.000259785448374128
1833250 0.00023346802528578792
1869915 0.00021009706740526823
1906580 0.00018930556503704565
1943245 0.0001707766542273781
1979910 0.00015423629437938402
2016575 0.0001394470594449082
2053240 0.00012638202369452678
2089905 0.0001149043704715691
2126570 0.00010453584749736677
2163235 9.515940054138916e-05
2199900 8.667169908260774e-05
2236565 7.918215757485303e-05
2273230 7.238171538359595e-05
2309895 6.618057960261492e-05
2346560 6.052354532437576e-05
2383225 5.536085716317807e-05
2419890 5.0647618230592606e-05
2456555 4.634327041164177e-05
2493220 4.241113644753991e-05
2529885 3.881801570682075e-05
2566550 3.5533826665767876e-05
2603215 3.253129011937528e-05
2639880 2.978564795264038e-05
2676545 2.7274413052058577e-05
2713210 2.497714650662175e-05
2749875 2.287525878363894e-05
2786540 2.0951832025550843e-05
2823205 1.9191460951195616e-05
2859870 1.7580110218351486e-05
2896535 1.6104986348852712e-05
2933200 1.4754422567930803e-05
2969865 1.3520018600221562e-05
3006530 1.2393524243536902e-05
3043195 1.136087552522369e-05
3079860 1.04142567227683e-05
3116525 9.546502647395094e-06
3153190 8.75104456055098e-06
3189855 8.02186057491383e-06
3226520 7.3534301724409445e-06
3263185 6.740692498174994e-06
3299850 6.179008115614337e-06
3336515 5.664123941762078e-06
3373180 5.192141094734204e-06
3409845 4.759485412009212e-06
3446510 4.362880422936755e-06
3483175 3.999322564340879e-06
3519840 3.6660584622483228e-06
3556505 3.360564097221186e-06
3593170 3.080525709964199e-06
3629835 2.8238222906651345e-06
3666500 2.5885095258360025e-06
3703165 2.3728050838611736e-06
3739830 2.1750751241222943e-06
3776495 1.9938219280035696e-06
3813160 1.8276725601840127e-06
3849825 1.6753684753956222e-06
3886490 1.5357559896012063e-06
3923155 1.4077775426502015e-06
3959820 1.2904636926824864e-06
3996485 1.1829257737794308e-06
4033150 1.0843491677903216e-06
4069815 9.93987132380525e-07
4106480 9.11155148886067e-07
4143145 8.35225737016998e-07
4179810 7.656237011044453e-07
4216475 7.018217760279555e-07
4253140 6.433366320779399e-07
4289805 5.897252148834298e-07
4326470 5.405813890968503e-07
4363135 4.955328626321531e-07
4399800 4.5423836569913334e-07
4436465 4.163850674254732e-07
4473130 3.816862047534286e-07
4509795 3.498789106215483e-07
4546460 3.207222235568352e-07
4583125 2.939952611358265e-07
4619790 2.6949554765565154e-07
4656455 2.470374800278563e-07
4693120 2.2645092212503215e-07
4729785 2.0757991459063874e-07
4766450 1.9028149567112962e-07
4803115 1.7442461652805719e-07
4839780 1.5988914903175555e-07
4876445 1.4656497537846036e-07
4913110 1.343511540907727e-07
4949775 1.2315515585115122e-07
4986440 1.1289216206300523e-07
5023105 1.0348442214258569e-07
5059770 9.486066465669296e-08
5096435 8.695555742121996e-08
5133100 7.970921300781697e-08
5169765 7.306673421858534e-08
5206430 6.69777985295994e-08
5243095 6.139627706236439e-08
5279760 5.627988519663063e-08
5316425 5.158986238207319e-08
5353090 4.729067715203428e-08
5389755 4.334975967079657e-08
5426420 3.9737254153848767e-08
5463085 3.6425792937500034e-08
5499750 3.3390288423085224e-08
5536415 3.060774433905067e-08
5573080 2.8057080436738602e-08
5609745 2.5718973839516934e-08
5646410 2.3575710494938562e-08
5683075 2.1611053613312947e-08
5719740 1.981011932272736e-08
5756405 1.815926398140988e-08
5793070 1.66459808159658e-08
5829735 1.525880555242054e-08
5866400 1.3987229263712209e-08
5903065 1.2821618100566923e-08
5939730 1.1753142237225234e-08
5976395 1.0773706371480785e-08
6013060 9.875890771837703e-09
6049725 9.05289399000253e-09
6086390 8.298480680402065e-09
6123055 7.60693519286093e-09
6159720 6.973019273104342e-09
6196385 6.391929874283164e-09
6233050 5.859265295171667e-09
6269715 5.370989430986128e-09
6306380 4.923403684742311e-09
6343045 4.513117102256103e-09
6379710 4.137021170080857e-09
6416375 3.792266722868476e-09
6453040 3.476242182998135e-09
6489705 3.1865530214503224e-09
6526370 2.9210053265060765e-09
6563035 2.6775861527994493e-09
6599700 2.4544524190872608e-09
6636365 2.2499130336584017e-09
6673030 2.0624189023266126e-09
6709695 1.8905494947318857e-09
6746360 1.7330025192663356e-09
6783025 1.5885844861784904e-09
6819690 1.4562014927221867e-09
6856355 1.3348502303500709e-09
6893020 1.223612100531568e-09
6929685 1.1216434447902657e-09
6966350 1.0281725471017467e-09
7003015 9.424908631316953e-10
7039680 8.639493564999157e-10
7076345 7.919531697098137e-10
7113010 7.25956628144786e-10
7149675 6.654596873545415e-10
7186340 6.100042693191199e-10
7223005 5.591701546237005e-10
7259670 5.125723179233432e-10
7296335 4.698578193185199e-10
7333000 4.3070247368603987e-10
7369665 3.9481040658984057e-10
7406330 3.619093913442839e-10
7442995 3.3175007185803906e-10
7479660 3.041042972995456e-10
7516325 2.78761680405637e-10
7552990 2.5553159588298513e-10
7589655 2.3423718520376724e-10
7626320 2.1471713296250527e-10
7662985 1.968237794969241e-10
7699650 1.8042189964262434e-10
7736315 1.653865933093357e-10
7772980 1.51604284681639e-10
7809645 1.3897050177291703e-10
7846310 1.2738943233614464e-10
7882975 1.1677370181928381e-10
7919640 1.0704226394153693e-10
7956305 9.812206602788365e-11
7992970 8.994516242921691e-11
8029635 8.244960270076263e-11
8066300 7.557887649056738e-11
8102965 6.928058127186887e-11
8139630 6.350731052151559e-11
8176295 5.821498838542993e-11
8212960 5.336375785702785e-11
8249625 4.891653748728686e-11
8286290 4.4840242630073135e-11
8322955 4.110345397378978e-11
8359620 3.767819389821625e-11
8396285 3.453815011766892e-11
8432950 3.1660007948630664e-11
8469615 2.902156293060898e-11
8506280 2.6603386160672926e-11
8542945 2.4386159758194026e-11
8579610 2.2354118556222602e-11
8616275 2.0491275343204052e-11
8652940 1.8783530286725636e-11
8689605 1.721833786660909e-11
8726270 1.5783596651886e-11
8762935 1.446798236770519e-11
8799600 1.3262391185264732e-11
8836265 1.2157053141947927e-11
8872930 1.1144085654279934e-11
8909595 1.0215495116483453e-11
8946260 9.364398145805808e-12
8982925 8.583689314889398e-12
9019590 7.868483642425872e-12
9056255 7.212674901779792e-12
9092920 6.611600156247732e-12
9129585 6.0604854468238045e-12
9166250 5.555778059829208e-12
9202915 5.092593013955593e-12
9239580 4.668154751641396e-12
9276245 4.279354648417666e-12
9312910 3.922639990605603e-12
9349575 3.5956793098534945e-12
9386240 3.2960301155071647e-12
9422905 3.021360939214901e-12
9459570 2.7697844018348405e-12
9496235 2.538635968107883e-12
9532900 2.327471548824178e-12
9569565 2.1332935418172383e-12
9606230 1.9555468355747507e-12
9642895 1.7926771178622403e-12
9679560 1.6432410987476942e-12
9716225 1.5061285552064874e-12
9752890 1.3807843757263072e-12
9789555 1.265765270375141e-12
9826220 1.1604051053382136e-12
9862885 1.0635936575909e-12
9899550 9.7488683792335e-13
9936215 8.93507490218326e-13
9972880 8.19233569870903e-13
10009545 7.509548538564559e-13
10046210 6.884492975700596e-13
10082875 6.309397448944765e-13
10119540 5.78315173527244e-13
10156205 5.304645611658998e-13
10192870 4.85944617878431e-13
10229535 4.4564352208453784e-13
10266200 4.083400284571326e-13
10302865 3.7425618160114027e-13
10339530 3.431699369116359e-13
10376195 3.1441516057384433e-13
10412860 2.8832491949515315e-13
10449525 2.644551244657123e-13
10486190 2.4225066397320916e-13
10522855 2.220446049250313e-13
10559520 2.0339285811132868e-13
10596185 1.865174681370263e-13
10632850 1.708633234898116e-13
10669515 1.566524687746096e-13
10706180 1.4366285938649526e-13
10742845 1.3167245072054357e-13
10779510 1.2090328738167955e-13
10816175 1.1091128016005314e-13
10852840 1.0147438445073931e-13
10889505 9.314771176605063e-14
10926170 8.548717289613705e-14
10962835 7.827072323607354e-14
10999500 7.16093850883226e-14
11036165 6.572520305780927e-14
11072830 6.0285110237146e-14
11109495 5.5289106626332796e-14
11146160 5.0737192225369654e-14
11182825 4.6407322429331543e-14
11219490 4.285460875053104e-14
11256155 3.907985046680551e-14
11292820 3.574918139293004e-14
11329485 3.2862601528904634e-14
11366150 3.008704396734174e-14
11402815 2.7644553313166398e-14
11439480 2.55351295663786e-14
11476145 2.3203661214665772e-14
11512810 2.1316282072803006e-14
11549475 1.9539925233402755e-14
11586140 1.787459069646502e-14
11622805 1.6431300764452317e-14
11659470 1.5987211554602254e-14
11696135 1.4210854715202004e-14
11732800 1.2878587085651816e-14
11769465 1.2434497875801753e-14
11806130 1.1546319456101628e-14
11842795 1.0658141036401503e-14
11879460 1.0658141036401503e-14
11916125 1.0658141036401503e-14
11952790 8.881784197001252e-15
11989455 7.993605777301127e-15
12026120 8.881784197001252e-15
12062785 8.881784197001252e-15
12099450 8.881784197001252e-15
12136115 7.105427357601002e-15
12172780 8.881784197001252e-15
12209445 8.881784197001252e-15
12246110 8.881784197001252e-15
12282775 8.881784197001252e-15
12319440 7.105427357601002e-15
12356105 7.105427357601002e-15
12392770 1.0658141036401503e-14
12429435 8.881784197001252e-15
12466100 8.881784197001252e-15
12502765 7.105427357601002e-15
12539430 8.881784197001252e-15
12576095 1.0658141036401503e-14
12612760 1.0658141036401503e-14
12649425 7.105427357601002e-15
12686090 7.105427357601002e-15
12722755 7.105427357601002e-15
12759420 7.105427357601002e-15
12796085 7.105427357601002e-15
12832750 7.105427357601002e-15
12869415 7.105427357601002e-15
12906080 5.329070518200751e-15
12942745 7.105427357601002e-15
12979410 7.105427357601002e-15
13016075 7.105427357601002e-15
13052740 7.105427357601002e-15
13089405 1.0658141036401503e-14
13126070 7.105427357601002e-15
13162735 7.105427357601002e-15
13199400 7.105427357601002e-15
13236065 7.105427357601002e-15
13272730 5.329070518200751e-15
13309395 7.105427357601002e-15
13346060 5.329070518200751e-15
13382725 5.329070518200751e-15
13419390 5.329070518200751e-15
13456055 5.329070518200751e-15
13492720 5.329070518200751e-15
13529385 5.329070518200751e-15
13566050 5.329070518200751e-15
13602715 5.329070518200751e-15
13639380 5.329070518200751e-15
13676045 7.105427357601002e-15
13712710 7.105427357601002e-15
13749375 7.105427357601002e-15
13786040 5.329070518200751e-15
13822705 5.329070518200751e-15
13859370 5.329070518200751e-15
13896035 5.329070518200751e-15
13932700 5.329070518200751e-15
13969365 5.329070518200751e-15
14006030 5.329070518200751e-15
14042695 5.329070518200751e-15
14079360 5.329070518200751e-15
14116025 5.329070518200751e-15
14152690 3.552713678800501e-15
14189355 5.329070518200751e-15
14226020 5.329070518200751e-15
14262685 4.440892098500626e-15
14299350 5.329070518200751e-15
14336015 4.440892098500626e-15
14372680 5.329070518200751e-15
14409345 4.440892098500626e-15
14446010 5.329070518200751e-15
14482675 4.440892098500626e-15
14519340 5.329070518200751e-15
14556005 3.552713678800501e-15
14592670 5.329070518200751e-15
14629335 5.329070518200751e-15
14666000 5.329070518200751e-15
14702665 3.552713678800501e-15
14739330 5.329070518200751e-15
14775995 3.552713678800501e-15
14812660 5.329070518200751e-15
14849325 3.552713678800501e-15
14885990 5.329070518200751e-15
14922655 5.329070518200751e-15
14959320 5.329070518200751e-15
14995985 5.329070518200751e-15
15032650 3.552713678800501e-15
15069315 3.552713678800501e-15
15105980 3.552713678800501e-15
15142645 3.552713678800501e-15
15179310 5.329070518200751e-15
15215975 5.329070518200751e-15
15252640 5.329070518200751e-15
15289305 5.329070518200751e-15
15325970 5.329070518200751e-15
15362635 3.552713678800501e-15
15399300 3.552713678800501e-15
15435965 5.329070518200751e-15
15472630 5.329070518200751e-15
15509295 5.329070518200751e-15
15545960 5.329070518200751e-15
15582625 5.329070518200751e-15
15619290 5.329070518200751e-15
15655955 5.329070518200751e-15
15692620 5.329070518200751e-15
15729285 5.329070518200751e-15
15765950 5.329070518200751e-15
15802615 7.105427357601002e-15
15839280 5.329070518200751e-15
15875945 5.329070518200751e-15
15912610 7.105427357601002e-15
15949275 5.329070518200751e-15
15985940 5.329070518200751e-15
16022605 5.329070518200751e-15
16059270 7.105427357601002e-15
16095935 5.329070518200751e-15
16132600 5.329070518200751e-15
16169265 5.329070518200751e-15
16205930 5.329070518200751e-15
16242595 5.329070518200751e-15
16279260 5.329070518200751e-15
16315925 5.329070518200751e-15
