0 21.16977094106299
154177 2.018245407658748
308354 0.7969218497509134
462531 0.45537904752701497
616708 0.31048228466588146
770885 0.22379085830210244
925062 0.18012540239731223
1079239 0.1462620854070531
1233416 0.12336041911986761
1387593 0.1066021012135474
1541770 0.09300502338855399
1695947 0.0825461110764465
1850124 0.07432239916785566
2004301 0.06720128190542063
2158478 0.061143955625079016
2312655 0.056490180227415365
2466832 0.052119484931666626
2621009 0.04828544902102738
2775186 0.04486762094677488
2929363 0.042098020823707394
3083540 0.03946532485927179
3237717 0.03699239544569899
3391894 0.034822801691460015
3546071 0.03293234557301794
3700248 0.03117988616896117
3854425 0.029502232369599035
4008602 0.027902105409409295
4162779 0.026380223976659067
4316956 0.024990902515699354
4471133 0.02371141581392422
4625310 0.02254265947608136
4779487 0.021420271077494668
4933664 0.02034478445794008
5087841 0.01931612917913572
5242018 0.01833377563932448
5396195 0.01739684982305878
5550372 0.01650422385207495
5704549 0.0156545872948195
5858726 0.0148685473500203
6012903 0.014125483664857441
6167080 0.013416638638505951
6321257 0.012740993715774529
6475434 0.012097458280323714
6629611 0.011484893739663882
6783788 0.010902132975029843
6937965 0.010347995982033176
7092142 0.009821302379871
7246319 0.009320881345729504
7400496 0.008845579432064987
7554673 0.008394266643561465
7708850 0.00796584108445142
7863027 0.0075592324326914095
8017204 0.007173404452919918
8171381 0.006807356723792957
8325558 0.006460125724991883
8479735 0.006130785404475425
8633912 0.0058184473259572655
8788089 0.005523121995635982
8942266 0.005243542661070855
9096443 0.004978369129037041
9250620 0.004726878829808712
9404797 0.004488506210861054
9558974 0.004263865382663212
9713151 0.004050709836056043
9867328 0.0038484632095947546
10021505 0.003656575382851912
10175682 0.0034745217019942487
10329859 0.0033018021589308333
10484036 0.003137940538818107
10638213 0.002982483548221282
10792390 0.002834999934082205
10946567 0.002695079601728878
11100744 0.0025625307950454257
11254921 0.002437331827239042
11409098 0.00231852500900942
11563275 0.0022057803715167523
11717452 0.002098784522197583
11871629 0.0019972399021046527
12025806 0.0019008640626267947
12179983 0.001809388963216918
12334160 0.001722560291639752
12488337 0.001640136807633752
12642514 0.0015618897105706964
12796691 0.0014876020314433802
12950868 0.0014170680491858434
13105045 0.0013500927312257716
13259222 0.0012864911979812987
13413399 0.001226088210849241
13567576 0.0011687176831500778
13721753 0.0011142222135029911
13875930 0.0010624526409106494
14030107 0.00101326762086007
14184284 0.0009665332217529965
14338461 0.0009221225409019596
14492638 0.0008799153392962111
14646815 0.0008397976944669594
14800992 0.0008016616706267854
14955169 0.0007654050053762518
15109346 0.00073093081226272
15263523 0.00069814729843376
15417700 0.0006671783488965133
15571877 0.0006379165355685501
15726054 0.0006100646072004778
15880231 0.0005835508662555
16034408 0.0005583073503192537
16188585 0.0005342696371748445
16342762 0.0005113766597606428
16496939 0.0004895705306005027
16651116 0.00046879637527474927
16805293 0.0004490021744905093
16959470 0.00043013861427088074
17113647 0.00041215894396451347
17267824 0.0003950188416057543
17422001 0.00037867628628962535
17576178 0.00036309143722323967
17730355 0.00034822651906818436
17884532 0.00033404571334116895
18038709 0.0003205150554439484
18192886 0.00030760233715554364
18347063 0.0002954947164273136
18501240 0.00028392957235912064
18655417 0.0002728791832993238
18809594 0.00026231849051328027
18963771 0.00025222371938138366
19117948 0.0002425723119454659
19272125 0.00023334286305498608
19426302 0.00022451505985010556
19580479 0.00021610308590602756
19734656 0.0002081895363668096
19888833 0.00020060924108955547
20043010 0.00019334655999347916
20197187 0.00018638663794945387
20351364 0.00017971536398508903
20505541 0.00017331933268049937
20659718 0.0001671858075575905
20813895 0.00016130268642200463
20968072 0.00015565846850673637
21122249 0.00015024222336590398
21276426 0.00014504356138766994
21430603 0.00014005260587302004
21584780 0.00013525996657426376
21738957 0.00013069517951702636
21893134 0.0001263704845086977
22047311 0.00012221082114161064
22201488 0.00011820899084957759
22355665 0.0001143581410505412
22509842 0.00011065174753532858
22664019 0.00010715916332415532
22818196 0.0001038027290110044
22972373 0.0001005665746420803
23126550 9.744573253378519e-05
23280727 9.443546502785338e-05
23434904 9.153125301564202e-05
23589081 8.87287850890317e-05
23743258 8.602394723578044e-05
23897435 8.34128130637879e-05
24051612 8.08916345436117e-05
24205789 7.84568332203861e-05
24359966 7.610499187649111e-05
24514143 7.383284662587641e-05
24668320 7.163727941961184e-05
24822497 6.955618510362527e-05
24976674 6.754725122082306e-05
25130851 6.560293789892313e-05
25285028 6.372085555828022e-05
25439205 6.190298471708822e-05
25593382 6.017610621089631e-05
25747559 5.850189704537101e-05
25901736 5.687853152314126e-05
26055913 5.530425700750463e-05
26210090 5.377739061129816e-05
26364267 5.229631605208063e-05
26518444 5.085948067207191e-05
26672621 4.9465392587544343e-05
26826798 4.811261798787214e-05
26980975 4.6799778558703764e-05
27135152 4.5525549040359437e-05
27289329 4.428865489347622e-05
27443506 4.308787008699966e-05
27597683 4.19220149796562e-05
27751860 4.080633921610399e-05
27906037 3.972393790774298e-05
28060214 3.8671818495483734e-05
28214391 3.7650995836857604e-05
28368568 3.667239933280442e-05
28522745 3.5720147739781716e-05
28676922 3.479348415968975e-05
28831099 3.389167585132746e-05
28985276 3.301401333832832e-05
29139453 3.215980957282927e-05
29293630 3.132839911168528e-05
29447807 3.0519137347306824e-05
29601984 2.9731399757815247e-05
29756161 2.8964581190948913e-05
29910338 2.8218095181609115e-05
30064515 2.749137329149942e-05
30218692 2.6783864479629216e-05
30372869 2.6095034494355573e-05
30527046 2.5424365294957063e-05
30681223 2.4771354490749076e-05
30835400 2.4135514809842107e-05
30989577 2.351637357855818e-05
31143754 2.2913472230823295e-05
31297931 2.232636583210379e-05
31452108 2.1754622622438546e-05
31606285 2.119782357745681e-05
31760462 2.0655561987492632e-05
31914639 2.012744304902281e-05
32068816 1.9613083475866766e-05
32222993 1.9112111123043007e-05
32377170 1.862416462661276e-05
32531347 1.8148893052849502e-05
32685524 1.7685955563950806e-05
32839701 1.723502109296504e-05
32993878 1.6795768040145376e-05
33148055 1.6367883965529018e-05
33302232 1.5951065303165812e-05
33456409 1.554501708134204e-05
33610586 1.5149452656570972e-05
33764763 1.4764093455021943e-05
33918940 1.4390529512797734e-05
34073117 1.4028878713545634e-05
34227294 1.3676315307797893e-05
34381471 1.3332611023431085e-05
34535648 1.2997543318793436e-05
34689825 1.2670895238875435e-05
34844002 1.2352455274977636e-05
34998179 1.204201722793119e-05
35152356 1.1739380076258854e-05
35306533 1.1444347844835612e-05
35460710 1.1156729479266936e-05
35614887 1.0876338722154433e-05
35769064 1.0602993993191756e-05
35923241 1.0336518270981365e-05
36077418 1.0076738980013822e-05
36231595 9.823487878202197e-06
36385772 9.57660094780266e-06
36539949 9.335918290609424e-06
36694126 9.101284024315426e-06
36848303 8.872546180815899e-06
37002480 8.649556608786302e-06
37156657 8.43217087831416e-06
37310834 8.220248186252554e-06
37465011 8.013651266680633e-06
37619188 7.812246300642478e-06
37773365 7.615902831159538e-06
37927542 7.424493677354871e-06
38081719 7.237894853573401e-06
38235896 7.055985488113592e-06
38390073 6.878647745955924e-06
38544250 6.705766751824438e-06
38698427 6.5372305159128175e-06
38852604 6.372929862330512e-06
39006781 6.212758357049264e-06
39160958 6.0566122406791045e-06
39315135 5.9043903598565706e-06
39469312 5.7559941026297246e-06
39623489 5.6113273345093084e-06
39777666 5.470296336185232e-06
39931843 5.332809742686351e-06
40086020 5.198778484816202e-06
40240197 5.068115730977318e-06
40394374 4.940736831049453e-06
40548551 4.81655926193314e-06
40702728 4.695502574092458e-06
40856905 4.57748833854188e-06
41011082 4.462440097774412e-06
41165259 4.350283314802361e-06
41319436 4.240945325473255e-06
41473613 4.134355291840475e-06
41627790 4.030444155367352e-06
41781967 3.929144592962341e-06
41936144 3.830390973069697e-06
42090321 3.7341193135920214e-06
42244498 3.640267239424233e-06
42398675 3.548773943873318e-06
42552852 3.4595801470249654e-06
42707029 3.372628059272742e-06
42861206 3.2878613432374415e-06
43015383 3.205225076630125e-06
43169560 3.1246657177241843e-06
43323737 3.0461310699947397e-06
43477914 2.9695702489229703e-06
43632091 2.8949336481898236e-06
43786268 2.822172908423237e-06
43940445 2.751240885279227e-06
44094622 2.6820916192993316e-06
44248799 2.6146803057125467e-06
44402976 2.5489632657915706e-06
44557153 2.4848979186531395e-06
44711330 2.422442753224896e-06
44865507 2.3615573018775926e-06
45019684 2.3022021133911608e-06
45173861 2.24433872880736e-06
45328038 2.1879296548954486e-06
45482215 2.1329383413370984e-06
45636392 2.0793291555798454e-06
45790569 2.0270673610767176e-06
45944746 1.976119094304618e-06
46098923 1.9264513423378204e-06
46253100 1.8780319223643538e-06
46407277 1.8308294599256314e-06
46561454 1.7848133694875479e-06
46715631 1.739953833845842e-06
46869808 1.6962217852523054e-06
47023985 1.6535888866520132e-06
47178162 1.6120275126429995e-06
47332339 1.5715107327118893e-06
47486516 1.5320122929707303e-06
47640693 1.4935065990040464e-06
47794870 1.455968699937138e-06
47949047 1.4193742720047808e-06
48103224 1.3836996027305482e-06
48257401 1.348921575383688e-06
48411578 1.3150176542686687e-06
48565755 1.2819658702922787e-06
48719932 1.2497448061976613e-06
48874109 1.2183335832971487e-06
49028286 1.187711847316919e-06
49182463 1.1578597557404535e-06
49336640 1.128757964707905e-06
49490817 1.1003876165260884e-06
49644994 1.0727303274560285e-06
49799171 1.0457681757780612e-06
49953348 1.0194836899679594e-06
50107525 9.93859838094302e-07
50261702 9.688800158835775e-07
50415879 9.445280366726649e-07
50570056 9.207881201955814e-07
50724233 8.976448833686312e-07
50878410 8.750833289661308e-07
51032587 8.530888377378254e-07
51186764 8.316471566405248e-07
51340941 8.107443919547208e-07
51495118 7.903669984599127e-07
51649295 7.705017714965123e-07
51803472 7.511358385836608e-07
51957649 7.322566504264216e-07
52111826 7.13851973366264e-07
52266003 6.959098809988795e-07
52420180 6.784187466801761e-07
52574357 6.6136723636534e-07
52728534 6.447443005042075e-07
52882711 6.28539167102371e-07
53036888 6.127413355594413e-07
53191065 5.973405684533972e-07
53345242 5.823268862670261e-07
53499419 5.67690559671874e-07
53653596 5.534221045322418e-07
53807773 5.395122746332248e-07
53961950 5.259520564626641e-07
54116127 5.12732662716342e-07
54270304 4.998455271354452e-07
54424481 4.87282298844427e-07
54578658 4.75034836633359e-07
54732835 4.63095204183972e-07
54887012 4.514556641854739e-07
55041189 4.401086745597915e-07
55195366 4.290468820777882e-07
55349543 4.1826311852899423e-07
55503720 4.077503960031592e-07
55657897 3.975019022273152e-07
55812074 3.875109957918177e-07
55966251 3.7777120276416554e-07
56120428 3.682762115264637e-07
56274605 3.5901986916719864e-07
56428782 3.499961775954574e-07
56582959 3.411992891555471e-07
56737136 3.3262350357388115e-07
56891313 3.242632634625764e-07
57045490 3.1611315115531724e-07
57199667 3.081678855987313e-07
57353844 3.004223179114973e-07
57508021 2.9287142905287666e-07
57662198 2.8551032582591063e-07
57816375 2.783342380463516e-07
57970552 2.713385156005721e-07
58124729 2.645186252814291e-07
58278906 2.5787014745759507e-07
58433083 2.5138877407515636e-07
58587260 2.4507030493836623e-07
58741437 2.389106457112433e-07
58895614 2.3290580447588027e-07
59049791 2.270518905667096e-07
59203968 2.213451101851227e-07
59358145 2.1578176517822456e-07
59512322 2.1035825081838766e-07
59666499 2.050710523060495e-07
59820676 1.9991674321540032e-07
59974853 1.948919839400709e-07
60129030 1.8999351814041887e-07
60283207 1.8521817157779452e-07
60437384 1.8056284956102786e-07
60591561 1.7602453578069444e-07
60745738 1.7160028897844626e-07
60899915 1.67287242280878e-07
61054092 1.6308260070152514e-07
61208269 1.5898363958655182e-07
61362446 1.5498770283839391e-07
61516623 1.5109220102837995e-07
61670800 1.4729460956486307e-07
61824977 1.4359246780504265e-07
61979154 1.3998337650145132e-07
62133331 1.364649969692877e-07
62287508 1.330350495321042e-07
62441685 1.2969131113482746e-07
62595862 1.2643161501069144e-07
62750039 1.2325384907141412e-07
62904216 1.2015595385328481e-07
63058393 1.1713592179551924e-07
63212570 1.141917961300365e-07
63366747 1.1132166877203531e-07
63520924 1.0852368004243829e-07
63675101 1.057960166139793e-07
63829278 1.0313691106711431e-07
63983455 1.0054464011366449e-07
64137632 9.801752398619357e-08
64291809 9.555392499471793e-08
64445986 9.315224674955047e-08
64600163 9.081093305107757e-08
64754340 8.852846639095802e-08
64908517 8.630336795212301e-08
65062694 8.413419577690817e-08
65216871 8.201954393438626e-08
65371048 7.99580424093449e-08
65525225 7.794835527041855e-08
65679402 7.598918000395471e-08
65833579 7.407924729196935e-08
65987756 7.221731923579e-08
66141933 7.040218941156695e-08
66296110 6.863268164902792e-08
66450287 6.690764908778846e-08
66604464 6.522597406632968e-08
66758641 6.358656656768602e-08
66912818 6.198836427495635e-08
67066995 6.043033184965907e-08
67221172 5.8911459266397515e-08
67375349 5.743076242348266e-08
67529526 5.598728197719893e-08
67683703 5.458008223158117e-08
67837880 5.320825147148156e-08
67992057 5.187090074132428e-08
68146234 5.0567163289994e-08
68300411 4.9296194182257835e-08
68454588 4.805717024325418e-08
68608765 4.68492880045801e-08
68762942 4.567176520309246e-08
68917119 4.452383839392837e-08
69071296 4.340476400521709e-08
69225473 4.2313816672745475e-08
69379650 4.12502895730249e-08
69533827 4.021349342409053e-08
69688004 3.920275637447901e-08
69842181 3.8217423614650414e-08
69996358 3.7256856211254075e-08
70150535 3.632043210632929e-08
70304712 3.5407544396459656e-08
70458889 3.451760144379534e-08
70613066 3.365002648747506e-08
70767243 3.280425736607029e-08
70921420 3.1979746073496074e-08
71075597 3.1175958370432966e-08
71229774 3.039237317370436e-08
71383951 2.9628482889343388e-08
71538128 2.8883792302369926e-08
71692305 2.8157819131902073e-08
71846482 2.7450092809910842e-08
72000659 2.6760154592242458e-08
72154836 2.6087557503107206e-08
72309013 2.5431865613434468e-08
72463190 2.479265404087272e-08
72617367 2.416950850570032e-08
72771544 2.3562025497358974e-08
72925721 2.2969810997697238e-08
73079898 2.2392481369148953e-08
73234075 2.1829662522065973e-08
73388252 2.128098974818471e-08
73542429 2.0746107498581523e-08
73696606 2.0224668995094675e-08
73850783 1.9716336618902375e-08
74004960 1.922078063376631e-08
74159137 1.8737680240743515e-08
74313314 1.8266722356941045e-08
74467491 1.7807601393471373e-08
74621668 1.7360020088119654e-08
74775845 1.692368861716531e-08
74930022 1.6498323984759367e-08
75084199 1.6083650578035957e-08
75238376 1.5679399612000822e-08
75392553 1.528530918504245e-08
75546730 1.4901124001376331e-08
75700907 1.452659498246689e-08
75855084 1.4161479489072093e-08
76009261 1.3805541043687697e-08
76163438 1.3458548608902277e-08
76317615 1.3120277808642555e-08
76471792 1.2790509040794262e-08
76625969 1.2469028920492065e-08
76780146 1.2155628781318484e-08
76934323 1.1850105896549223e-08
77088500 1.1552261980352085e-08
77242677 1.1261904131476541e-08
77396854 1.0978844389164522e-08
77551031 1.0702899067016602e-08
77705208 1.0433889419125819e-08
77859385 1.0171641195988457e-08
78013562 9.915984366948294e-09
78167739 9.666753231218905e-09
78321916 9.42378636237251e-09
78476093 9.186926275273066e-09
78630270 8.95601953709857e-09
78784447 8.730916489785301e-09
78938624 8.511471194516673e-09
79092801 8.297541487234383e-09
79246978 8.088988701082656e-09
79401155 7.885677888452847e-09
79555332 7.687477043827329e-09
79709509 7.494257769913304e-09
79863686 7.305895111109351e-09
80017863 7.122266776349306e-09
80172040 6.943253749724931e-09
80326217 6.768739957419001e-09
80480394 6.598612656283365e-09
80634571 6.43276126810477e-09
80788748 6.271078434316735e-09
80942925 6.113459349865735e-09
81097102 5.959801985255808e-09
81251279 5.810006753481645e-09
81405456 5.663976287983985e-09
81559633 5.521616441850341e-09
81713810 5.382834511458157e-09
81867987 5.247540846298193e-09
82022164 5.115647738751505e-09
82176341 4.9870695906228946e-09
82330518 4.861723135185514e-09
82484695 4.739527215136263e-09
82638872 4.620402616062336e-09
82793049 4.504272343996973e-09
82947226 4.391060626218746e-09
83101403 4.2806944655637835e-09
83255580 4.17310230815815e-09
83409757 4.068214376484747e-09
83563934 3.965962724894467e-09
83718111 3.866281184095044e-09
83872288 3.7691049170618385e-09
84026465 3.6743711961939596e-09
84180642 3.5820185706469942e-09
84334819 3.491987143888764e-09
84488996 3.4042185181881734e-09
84643173 3.3186559611486643e-09
84797350 3.235243906107854e-09
84951527 3.1539284517378974e-09
85105704 3.0746566404005193e-09
85259881 2.9973774018365873e-09
85414058 2.9220404429430857e-09
85568235 2.8485971914626873e-09
85722412 2.7769997412718794e-09
85876589 2.7072017960705352e-09
86030766 2.639158280803855e-09
86184943 2.572824897573156e-09
86339120 2.5081587362585367e-09
86493297 2.44511799696312e-09
86647474 2.3836617124572967e-09
86801651 2.323750192267937e-09
86955828 2.2653444120557253e-09
87110005 2.208406568726673e-09
87264182 2.152899913898665e-09
87418359 2.098788143278796e-09
87572536 2.0460366734198487e-09
87726713 1.9946111429192115e-09
87880890 1.944477967530389e-09
88035067 1.8956048952745164e-09
88189244 1.8479602847953913e-09
88343421 1.8015131053594757e-09
88497598 1.7562334919674072e-09
88651775 1.712091746153277e-09
88805952 1.6690595572299571e-09
88960129 1.6271089475772271e-09
89114306 1.5862127722421349e-09
89268483 1.5463444413832406e-09
89422660 1.507478197826373e-09
89576837 1.4695886729754193e-09
89731014 1.4326516084572916e-09
89885191 1.3966429679435066e-09
90039368 1.3615393812393961e-09
90193545 1.3273181442841064e-09
90347722 1.2939568860836914e-09
90501899 1.261434234844927e-09
90656076 1.2297289853080429e-09
90810253 1.1988205983470834e-09
90964430 1.168689200969908e-09
91118607 1.1393149756955268e-09
91272784 1.110679215265975e-09
91426961 1.0827629903786828e-09
91581138 1.0555486484875587e-09
91735315 1.02901803744615e-09
91889492 1.003154448397936e-09
92043669 9.779410059529425e-10
92197846 9.533610567658002e-10
92352023 9.293990577141642e-10
92506200 9.060392436310849e-10
92660377 8.832665709945786e-10
92814554 8.610663848607203e-10
92968731 8.394241413078873e-10
93122908 8.183256849925158e-10
93277085 7.977576932383101e-10
93431262 7.777066768355212e-10
93585439 7.581595906636096e-10
93739616 7.391037226689434e-10
93893793 7.20526915909403e-10
94047970 7.024170689540199e-10
94202147 6.847623024164307e-10
94356324 6.675512365106329e-10
94510501 6.507727690063803e-10
94664678 6.344161862514852e-10
94818855 6.184706080603064e-10
94973032 6.029256538475636e-10
95127209 5.877716091617913e-10
95281386 5.729983709734654e-10
95435563 5.585964468757254e-10
95589740 5.445566220174669e-10
95743917 5.308695150141318e-10
95898094 5.175265771484305e-10
96052271 5.04518926636166e-10
96206448 4.918381257823512e-10
96360625 4.794760699589062e-10
96514802 4.674248210712051e-10
96668979 4.5567638551347045e-10
96823156 4.442232692802861e-10
96977333 4.330580893885383e-10
97131510 4.221735738774157e-10
97285687 4.115626173195608e-10
97439864 4.012181697987671e-10
97594041 3.9113384753264313e-10
97748218 3.813030446941923e-10
97902395 3.7171926647872056e-10
98056572 3.6237629563729e-10
98210749 3.5326824798787015e-10
98364926 3.44389128326128e-10
98519103 3.3573321900348674e-10
98673280 3.272946913490671e-10
98827457 3.19068493848107e-10
98981634 3.1104890885202963e-10
99135811 3.0323088484607297e-10
99289988 2.956094258266262e-10
99444165 2.8817948027892726e-10
99598342 2.809362742439703e-10
99752519 2.738751447850518e-10
99906696 2.6699142896546846e-10
100060873 2.602809079377266e-10
100215050 2.5373886325397166e-10
100369227 2.473612426001637e-10
100523404 2.411441601957165e-10
100677581 2.3508306412622915e-10
100831758 2.291745127003253e-10
100985935 2.2341428707051136e-10
101140112 2.1779905656771348e-10
101294289 2.1232476887789176e-10
101448466 2.0698809333197232e-10
101602643 2.017855327274276e-10
101756820 1.9671392292863743e-10
101910997 1.9176960019962053e-10
102065174 1.869495669382104e-10
102219351 1.822508255422406e-10
102373528 1.7766998983148596e-10
102527705 1.7320445078183866e-10
102681882 1.688510442576785e-10
102836059 1.6460721674604883e-10
102990236 1.6046985962248073e-10
103144413 1.5643653039632e-10
103298590 1.525045090211563e-10
103452767 1.4867146402863796e-10
103606944 1.4493478639465707e-10
103761121 1.4129197811740823e-10
103915298 1.3774065221738852e-10
104069475 1.3427869927085112e-10
104223652 1.3090362127599064e-10
104377829 1.2761353085366522e-10
104532006 1.2440598551322068e-10
104686183 1.2127920889781763e-10
104840360 1.182309805614068e-10
104994537 1.1525924659139264e-10
105148714 1.1236228614208699e-10
105302891 1.0953815632319674e-10
105457068 1.0678513628903374e-10
105611245 1.0410100559354873e-10
105765422 1.014844874802634e-10
105919599 9.893380559233833e-11
106073776 9.644718357293414e-11
106227953 9.402312262096757e-11
106382130 9.1659790868448e-11
106536307 8.93560780923508e-11
106690484 8.711009691353411e-11
106844661 8.492079262012453e-11
106998838 8.27862778329802e-11
107153015 8.070549784022774e-11
107307192 7.867706486308634e-11
107461369 7.669964663392648e-11
107615546 7.477179986281612e-11
107769723 7.289235881557943e-11
107923900 7.106032429149423e-11
108078077 6.92742530006285e-11
108232254 6.753303471995764e-11
108386431 6.583567024875947e-11
108540608 6.41809383417069e-11
108694785 6.256783979807778e-11
108848962 6.099520888369625e-11
109003139 5.946210190899137e-11
109157316 5.796757518439222e-11
109311493 5.651057399802539e-11
109465670 5.509026568262243e-11
109619847 5.3705595526309935e-11
109774024 5.23558418841219e-11
109928201 5.103983902188247e-11
110082378 4.97569763169281e-11
110236555 4.8506365590839096e-11
110390732 4.728722968749821e-11
110544909 4.609873593963698e-11
110699086 4.49401627022894e-11
110853263 4.38105107747333e-11
111007440 4.270939157891007e-11
111161617 4.163586142524878e-11
111315794 4.0589420713388336e-11
111469971 3.956918126490905e-11
111624148 3.8574698990601064e-11
111778325 3.7605141223195915e-11
111932502 3.666000836233252e-11
112086679 3.573857876304487e-11
112240856 3.4840297313820656e-11
112395033 3.396455339199633e-11
112549210 3.311095841951328e-11
112703387 3.2278735240254264e-11
112857564 3.146732874270697e-11
113011741 3.067651688226647e-11
113165918 2.99054669916643e-11
113320095 2.915384600399307e-11
113474272 2.8421098807740464e-11
113628449 2.7706725802545407e-11
113782626 2.701039392150051e-11
113936803 2.6331492541942225e-11
114090980 2.5669577574660707e-11
114245157 2.5024371463899797e-11
114399334 2.4395374609298415e-11
114553511 2.3782309455100403e-11
114707688 2.318456537864222e-11
114861865 2.2601809313016474e-11
115016042 2.203365268016455e-11
115170219 2.1479928946632754e-11
115324396 2.094008300090877e-11
115478573 2.0413670753782753e-11
115632750 1.99006922052547e-11
115786927 1.9400425710358604e-11
115941104 1.8912871269094467e-11
116095281 1.8437529281101206e-11
116249458 1.7974066679471434e-11
116403635 1.7522261419600227e-11
116557812 1.708189145688266e-11
116711989 1.665251270210888e-11
116866166 1.6234014132976426e-11
117020343 1.582595166027545e-11
117174520 1.542826977285472e-11
117328697 1.5040468870353152e-11
117482874 1.466221588586336e-11
117637051 1.4293843886292734e-11
117791228 1.3934575715524034e-11
117945405 1.3584244840103565e-11
118099582 1.3242906771182561e-11
118253759 1.291011741955117e-11
118407936 1.2585599229453237e-11
118562113 1.226929668973753e-11
118716290 1.1960876733496661e-11
118870467 1.1660228338428169e-11
119024644 1.1367129459927128e-11
119178821 1.1081469075691075e-11
119332998 1.0802969629963854e-11
119487175 1.053135356698931e-11
119641352 1.0266676397918673e-11
119795529 1.0008660566995786e-11
119949706 9.757084029615726e-12
120103883 9.511946785778491e-12
120258060 9.272860257425464e-12
120412237 9.039768933405412e-12
120566414 8.812506280264643e-12
120720591 8.590961275700693e-12
120874768 8.3750228974111e-12
121028945 8.164580123093401e-12
121183122 7.959466419293904e-12
121337299 7.759348719105219e-12
121491476 7.564282533678579e-12
121645653 7.374156840711521e-12
121799830 7.188916129052814e-12
121954007 7.008227331795069e-12
122108184 6.831979426635826e-12
122262361 6.660227924726314e-12
122416538 6.492917314915303e-12
122570715 6.329659019144174e-12
122724892 6.17061957086662e-12
122879069 6.015521414326486e-12
123033246 5.864364549523771e-12
123187423 5.7168714207023186e-12
123341600 5.5732640724670546e-12
123495777 5.4333204602130536e-12
123649954 5.296707517032928e-12
123804131 5.163425242926678e-12
123958308 5.0336956824992285e-12
124112485 4.907074746540729e-12
124266662 4.7837289685048745e-12
124420839 4.663658348391664e-12
124575016 4.546307774688785e-12
124729193 4.4321213366060874e-12
124883370 4.320710456084953e-12
125037547 4.212075133125381e-12
125191724 4.106270878878604e-12
125345901 4.002909115286002e-12
125500078 3.9024894427086565e-12
125654255 3.804179193878099e-12
125808432 3.708644502609104e-12
125962609 3.6155523019942848e-12
126116786 3.524736058579947e-12
126270963 3.4359182166099345e-12
126425140 3.3497649098990223e-12
126579317 3.2654434711787417e-12
126733494 3.1833424785077113e-12
126887671 3.1034064207347e-12
127041848 3.0255242755572453e-12
127196025 2.9493074649167283e-12
127350202 2.875200078022999e-12
127504379 2.8029800702711327e-12
127658556 2.732425397056204e-12
127812733 2.6638691252856006e-12
127966910 2.596811654598241e-12
128121087 2.531586051901513e-12
128275264 2.4679702725904917e-12
128429441 2.4059088055139455e-12
128583618 2.345512672974337e-12
128737795 2.28650431921551e-12
128891972 2.229050277691158e-12
129046149 2.173039526098819e-12
129200326 2.1184720644384925e-12
129354503 2.0651258481052537e-12
129508680 2.013278432855259e-12
129662857 1.962707774083583e-12
129817034 1.9133583606389948e-12
129971211 1.865174681370263e-12
130125388 1.8184342920335439e-12
130279565 1.7727486145702187e-12
130433742 1.7281176489802874e-12
130587919 1.6847079287174438e-12
130742096 1.6422974091767628e-12
130896273 1.6011081349631695e-12
131050450 1.560751528018045e-12
131204627 1.5216716775512396e-12
131358804 1.4832579608992091e-12
131512981 1.4458989561205726e-12
131667158 1.4097611966690238e-12
131821335 1.37428957103225e-12
131975512 1.3397061238151764e-12
132129689 1.3060663661690342e-12
132283866 1.2731482534888983e-12
132438043 1.2411183192284625e-12
132592220 1.2100320745389581e-12
132746397 1.1797229859666913e-12
132900574 1.1499690089067371e-12
133054751 1.1210476991152518e-12
133208928 1.0929590565922354e-12
133363105 1.0654255255815315e-12
133517282 1.038613639536834e-12
133671459 1.0126344207606053e-12
133825636 9.869882688917642e-13
133979813 9.623413177450857e-13
134133990 9.380274335057948e-13
134288167 9.145462165349727e-13
134442344 8.913980664715382e-13
134596521 8.690270725253413e-13
134750698 8.47211190091457e-13
134904875 8.260059303211165e-13
135059052 8.05244759760626e-13
135213229 7.850387007124482e-13
135367406 7.652212197228891e-13
135521583 7.460143613968739e-13
135675760 7.272515922807088e-13
135829937 7.090439346768562e-13
135984114 6.912248551316225e-13
136138291 6.738498647962388e-13
136292468 6.568079413682426e-13
136446645 6.403766406037903e-13
136600822 6.243339178979568e-13
136754999 6.085687509482796e-13
136909176 5.931366509059899e-13
137063353 5.783706846784753e-13
137217530 5.638267630558857e-13
137371707 5.497269306431463e-13
137525884 5.357381205328693e-13
137680061 5.224154442373674e-13
137834238 5.093703236980218e-13
137988415 4.963807143099075e-13
138142592 4.839462164341057e-13
138296769 4.718447854656915e-13
138450946 4.600209102534336e-13
138605123 4.4841907964610073e-13
138759300 4.3709480479492413e-13
138913477 4.260480856999038e-13
139067654 4.1533443351227106e-13
139221831 4.0495384823202585e-13
139376008 3.9479530755670567e-13
139530185 3.84747789183848e-13
139684362 3.751443600208404e-13
139838539 3.657629754627578e-13
139992716 3.56548124358369e-13
140146893 3.476108290101365e-13
140301070 3.3889557826682903e-13
140455247 3.3034686097721533e-13
140609424 3.220756994437579e-13
140763601 3.13915560212763e-13
140917778 3.0608848788915566e-13
141071955 2.983724378680108e-13
141226132 2.9082292130055976e-13
141380309 2.83550960489265e-13
141534486 2.76445533131664e-13
141688663 2.694511280765255e-13
141842840 2.6278978992877455e-13
141997017 2.5618396293225487e-13
142151194 2.4963364708696645e-13
142305371 2.4330537584660306e-13
142459548 2.371991492111647e-13
142613725 2.3120394487818885e-13
142767902 2.254862963013693e-13
142922079 2.1987967002701225e-13
143076256 2.142730437526552e-13
143230433 2.088884620832232e-13
143384610 2.0372592501871623e-13
143538787 1.98507876802978e-13
143692964 1.9351187319216478e-13
143847141 1.8868240303504535e-13
144001318 1.8390844402915718e-13
144155495 1.7935652962819404e-13
144309672 1.7486012637846216e-13
144463849 1.7036372312873027e-13
144618026 1.6608936448392342e-13
144772203 1.6192602814157908e-13
144926380 1.5787371410169726e-13
145080557 1.539879335155092e-13
145234734 1.4999113062685865e-13
145388911 1.4621637234313312e-13
145543088 1.4260814751310136e-13
145697265 1.389999226830696e-13
145851442 1.3550272015550036e-13
146005619 1.3211653993039363e-13
146159796 1.2878587085651816e-13
146313973 1.255662240851052e-13
146468150 1.224020884649235e-13
146622327 1.192379528447418e-13
146776504 1.1640688413194766e-13
146930681 1.1352030426792226e-13
147084858 1.1063372440389685e-13
147239035 1.0774714453987144e-13
147393212 1.0508260928077107e-13
147547389 1.0241807402167069e-13
147701566 9.992007221626409e-14
147855743 9.742207041085749e-14
148009920 9.497957975668214e-14
148164097 9.248157795127554e-14
148318274 9.015010959956271e-14
148472451 8.79296635503124e-14
148626628 8.58202398035246e-14
148780805 8.359979375427429e-14
148934982 8.154588115871775e-14
149089159 7.943645741192995e-14
149243336 7.743805596760467e-14
149397513 7.560618797697316e-14
149551690 7.366329768387914e-14
149705867 7.177591854201637e-14
149860044 6.999956170261612e-14
150014221 6.827871601444713e-14
150168398 6.644684802381562e-14
150322575 6.478151348687788e-14
150476752 6.317169010117141e-14
150630929 6.156186671546493e-14
150785106 6.000755448098971e-14
150939283 5.850875339774575e-14
151093460 5.71209746169643e-14
151247637 5.562217353372034e-14
151401814 5.417888360170764e-14
151555991 5.290212712338871e-14
151710168 5.1514348342607263e-14
151864345 5.0237591864288333e-14
152018522 4.907185768843192e-14
152172699 4.773959005888173e-14
152326876 4.674038933671909e-14
152481053 4.54081217071689e-14
152635230 4.418687638008123e-14
152789407 4.3076653355456074e-14
152943584 4.196643033083092e-14
153097761 4.118927421359331e-14
153251938 4.007905118896815e-14
153406115 3.907985046680551e-14
153560292 3.808064974464287e-14
153714469 3.7192471324942744e-14
153868646 3.6137759451548845e-14
154022823 3.597122599785507e-14
154177000 3.4638958368304884e-14
154331177 3.3639757646142243e-14
154485354 3.3084646133829665e-14
154639531 3.186340080674199e-14
154793708 3.097522238704187e-14
154947885 3.042011087472929e-14
155102062 2.9531932455029164e-14
155256239 2.886579864025407e-14
155410416 2.808864252301646e-14
155564593 2.7533531010703882e-14
155718770 2.7533531010703882e-14
155872947 2.6201263381153694e-14
156027124 2.5757174171303632e-14
156181301 2.4868995751603507e-14
156335478 2.4424906541753444e-14
156489655 2.353672812205332e-14
156643832 2.3092638912203256e-14
156798009 2.2426505097428162e-14
156952186 2.220446049250313e-14
157106363 2.1760371282653068e-14
157260540 2.0872192862952943e-14
157414717 2.042810365310288e-14
157568894 2.042810365310288e-14
157723071 1.965094753586527e-14
157877248 1.9095836023552692e-14
158031425 1.9095836023552692e-14
158185602 1.865174681370263e-14
158339779 1.7763568394002505e-14
158493956 1.7541523789077473e-14
158648133 1.7319479184152442e-14
158802310 1.7319479184152442e-14
158956487 1.6431300764452317e-14
159110664 1.5987211554602254e-14
159264841 1.554312234475219e-14
159419018 1.5987211554602254e-14
159573195 1.554312234475219e-14
159727372 1.4210854715202004e-14
159881549 1.4210854715202004e-14
160035726 1.4210854715202004e-14
160189903 1.3766765505351941e-14
160344080 1.3322676295501878e-14
160498257 1.3766765505351941e-14
160652434 1.3322676295501878e-14
160806611 1.2434497875801753e-14
160960788 1.2434497875801753e-14
161114965 1.2434497875801753e-14
161269142 1.2434497875801753e-14
161423319 1.1546319456101628e-14
161577496 1.1546319456101628e-14
161731673 1.2434497875801753e-14
161885850 1.1102230246251565e-14
162040027 1.0658141036401503e-14
162194204 1.0658141036401503e-14
162348381 1.0658141036401503e-14
162502558 1.0658141036401503e-14
162656735 1.2434497875801753e-14
162810912 1.0658141036401503e-14
162965089 9.769962616701378e-15
163119266 9.769962616701378e-15
