0 21.13344681157158
13145 2.496854144404968
26290 1.192345801497158
39435 0.6319483487266071
52580 0.4692987245891862
65725 0.34566305967149
78870 0.26645002489409286
92015 0.2165744895713697
105160 0.1829081113026163
118305 0.15413107938713289
131450 0.13228922851919567
144595 0.11763440422297666
157740 0.10439399555886375
170885 0.09230016231897231
184030 0.08143794612210264
197175 0.07177818942506864
210320 0.06383782830532336
223465 0.05695430302010429
236610 0.05073650864599877
249755 0.045147096367436745
262900 0.04014029847669587
276045 0.035667185550738445
289190 0.03169682437872723
302335 0.028184285095725237
315480 0.025048744372726972
328625 0.022255037964959534
341770 0.01976957729252149
354915 0.017560881106159165
368060 0.01559984482917276
381205 0.01388364890626459
394350 0.012372799734397866
407495 0.011026955481348466
420640 0.009828744526445554
433785 0.008762421202586523
446930 0.00781376767966524
460075 0.006969986006081896
473220 0.006219586447167025
486365 0.005552276362098318
499510 0.004958852468552877
512655 0.004432048311776349
525800 0.00396883008868798
538945 0.0035564752404448896
552090 0.0031892811468097193
565235 0.002862180304712858
578380 0.0025706727950147723
591525 0.0023107649669045216
604670 0.002078914042846769
617815 0.0018719782713416677
630960 0.0016871722162461467
644105 0.0015220267587521263
657250 0.0013743533921575235
670395 0.0012422124051907346
683540 0.0011238845718253287
696685 0.0010178459915559657
709830 0.000922745751963383
722975 0.0008373861133996741
736120 0.0007607049430768953
749265 0.0006917601521037042
762410 0.0006297159133916708
775555 0.0005738304613274181
788700 0.0005239310671067976
801845 0.00048014928515183186
814990 0.0004404532343635914
828135 0.0004044254081612131
841280 0.0003716936435642637
854425 0.00034192602999771893
867570 0.0003155236632883529
880715 0.00029177569475713483
893860 0.00027002032308942603
907005 0.00025007078147387674
920150 0.00023175947396714136
933295 0.00021493588292509358
946440 0.00019946471297460633
959585 0.0001853503408673074
972730 0.00017280447457168613
985875 0.00016117677826521515
999020 0.000150392734651561
1012165 0.00014038458980092372
1025310 0.00013109067682104403
1038455 0.00012245481187656004
1051600 0.00011442575459241766
1064745 0.00010695672563509895
1077890 0.00010000497516049478
1091035 9.353139648760056e-05
1104180 8.750018004866078e-05
1117325 8.187850313623457e-05
1130470 7.66362515896013e-05
1143615 7.174576986979098e-05
1156760 6.718163649943598e-05
1169905 6.301234899375174e-05
1183050 5.9114862234643795e-05
1196195 5.5463486666518236e-05
1209340 5.204209348752542e-05
1222485 4.883567798974475e-05
1235630 4.583027384919003e-05
1248775 4.301287469865578e-05
1261920 4.038274865980629e-05
1275065 3.794259948342038e-05
1288210 3.5649812307414486e-05
1301355 3.349549804809726e-05
1314500 3.147130259983921e-05
1327645 2.956937478837407e-05
1340790 2.7782336220472104e-05
1353935 2.6103252930731458e-05
1367080 2.4525608710468383e-05
1380225 2.3043280027446045e-05
1393370 2.1650512439741476e-05
1406515 2.0341898417375326e-05
1419660 1.9112356487327453e-05
1432805 1.7957111627220357e-05
1445950 1.6871676829288695e-05
1459095 1.5851835769353784e-05
1472240 1.4893626513190483e-05
1485385 1.3993326199779332e-05
1498530 1.3147436641713917e-05
1511675 1.23526707925814e-05
1524820 1.160594002236337e-05
1537965 1.0904342160555913e-05
1551110 1.0245150256604774e-05
1564255 9.625802014356921e-06
1577400 9.043889865001375e-06
1590545 8.497151631980948e-06
1603690 7.983461764227151e-06
1616835 7.500823090977882e-06
1629980 7.047359076972626e-06
1643125 6.621306541498839e-06
1656270 6.221008817974827e-06
1669415 5.844909323982073e-06
1682560 5.4915455210968744e-06
1695705 5.15954323354606e-06
1708850 4.847611317915224e-06
1721995 4.554536646272922e-06
1735140 4.279179395050292e-06
1748285 4.02046861947003e-06
1761430 3.7773980926525397e-06
1774575 3.5490223961875955e-06
1787720 3.3344532480716893e-06
1800865 3.132856049914423e-06
1814010 2.9434466451983e-06
1827155 2.7654882704952755e-06
1840300 2.5982886935338456e-06
1853445 2.4411975213523007e-06
1866590 2.2936036727649878e-06
1879735 2.154933002929127e-06
1892880 2.0246460716855097e-06
1906025 1.9022360452369824e-06
1919170 1.7872267281671128e-06
1932315 1.6791707078134266e-06
1945460 1.5776476197659761e-06
1958605 1.4822625082899776e-06
1971750 1.3926442944400819e-06
1984895 1.3084443304389737e-06
1998040 1.2293350462044828e-06
2011185 1.1550086723710606e-06
2024330 1.0851760464669624e-06
2037475 1.0195654864819659e-06
2050620 9.579217343791413e-07
2063765 9.00004964110579e-07
2076910 8.455898484749369e-07
2090055 7.944646819302292e-07
2103200 7.464305578075425e-07
2116345 7.013005950406992e-07
2129490 6.588992106371094e-07
2142635 6.190614360024327e-07
2155780 5.816322767859816e-07
2168925 5.464661094745082e-07
2182070 5.13426114290283e-07
2195215 4.823837422840427e-07
2208360 4.532182185101874e-07
2221505 4.258160676284817e-07
2234650 4.000706763651607e-07
2247795 3.758818762911176e-07
2260940 3.531555554658894e-07
2274085 3.31803292064059e-07
2287230 3.1174200965100596e-07
2300375 2.928936546631178e-07
2313520 2.751848934279266e-07
2326665 2.585468242832789e-07
2339810 2.429147132332332e-07
2352955 2.282277387077869e-07
2366100 2.144287574168402e-07
2379245 2.0146408041821218e-07
2392390 1.8928326428468978e-07
2405535 1.7783891681499853e-07
2418680 1.6708650985020057e-07
2431825 1.5698420796628199e-07
2444970 1.4749270549341276e-07
2458115 1.3857507197290175e-07
2471260 1.301966114919395e-07
2484405 1.2232472457185395e-07
2497550 1.1492878371210935e-07
2510695 1.0798001159884052e-07
2523840 1.014513726360633e-07
2536985 9.531746469892965e-08
2550130 8.955442198921304e-08
2563275 8.41398213324851e-08
2576420 7.905259558071975e-08
2589565 7.427295134476708e-08
2602710 6.978229161180849e-08
2615855 6.556314402494934e-08
2629000 6.15990920493914e-08
2642145 5.787471346607731e-08
2655290 5.4375516311822025e-08
2668435 5.1087885699629965e-08
2681580 4.799903063901212e-08
2694725 4.509693241061541e-08
2707870 4.237029971321249e-08
2721015 3.980852369966925e-08
2734160 3.7401636565626006e-08
2747305 3.5140273357825436e-08
2760450 3.3015636002886595e-08
2773595 3.101945755812352e-08
2786740 2.914397123632284e-08
2799885 2.7381879541543697e-08
2813030 2.572632706865363e-08
2826175 2.417087185957456e-08
2839320 2.270946153348774e-08
2852465 2.1336410971350972e-08
2865610 2.0046377002813642e-08
2878755 1.883434030958142e-08
2891900 1.7695585774468725e-08
2905045 1.6625681942272763e-08
2918190 1.562046636482961e-08
2931335 1.4676027504378908e-08
2944480 1.3788690966798356e-08
2957625 1.2955004069503673e-08
2970770 1.2171723628995323e-08
2983915 1.14358015279592e-08
2997060 1.074437439019249e-08
3010205 1.0094752256328832e-08
3023350 9.48440703751885e-09
3036495 8.910964299779778e-09
3049640 8.37219293892133e-09
3062785 7.8659961877392e-09
3075930 7.3904055097884225e-09
3089075 6.943569608175437e-09
3102220 6.5237498736436805e-09
3115365 6.129313390168534e-09
3128510 5.7587252744184525e-09
3141655 5.4105430136175414e-09
3154800 5.0834130238541775e-09
3167945 4.776061546252208e-09
3181090 4.487293092658717e-09
3194235 4.2159842283950866e-09
3207380 3.9610789093202925e-09
3220525 3.72158548422874e-09
3233670 3.4965724760027683e-09
3246815 3.285163807653646e-09
3259960 3.086537581076243e-09
3273105 2.899920303889303e-09
3286250 2.7245865563685356e-09
3299395 2.559853329309192e-09
3312540 2.4050804681152727e-09
3325685 2.2596653437290115e-09
3338830 2.1230424085416644e-09
3351975 1.9946798657244358e-09
3365120 1.8740783369608494e-09
3378265 1.7607683089337911e-09
3391410 1.6543094671916947e-09
3404555 1.554287254457165e-09
3417700 1.4603126485823736e-09
3430845 1.3720196090361014e-09
3443990 1.2890650769037393e-09
3457135 1.2111261993297262e-09
3470280 1.1378993303168272e-09
3483425 1.0691002527707383e-09
3496570 1.0044606257864075e-09
3509715 9.437290948710597e-10
3522860 8.866700706988695e-10
3536005 8.330601763972822e-10
3549150 7.826922443499029e-10
3562295 7.353694320144655e-10
3575440 6.909076644134871e-10
3588585 6.49134190844336e-10
3601730 6.098866967008121e-10
3614875 5.730118601832146e-10
3628020 5.383664625213669e-10
3641165 5.058159446846844e-10
3654310 4.752336302260574e-10
3667455 4.4650005914803614e-10
3680600 4.195039871035533e-10
3693745 3.9414016494987436e-10
3706890 3.7030989386011015e-10
3720035 3.479200261224946e-10
3733180 3.268846304749218e-10
3746325 3.071205512128472e-10
3759470 2.885516270367816e-10
3772615 2.711050273163096e-10
3785760 2.547136945807438e-10
3798905 2.393135689615633e-10
3812050 2.248441433039261e-10
3825195 2.1124957338969352e-10
3838340 1.9847690158059095e-10
3851485 1.8647694499662748e-10
3864630 1.752020750700467e-10
3877775 1.6460899310288823e-10
3890920 1.5465650982093848e-10
3904065 1.4530587844063803e-10
3917210 1.3652046160217424e-10
3930355 1.2826639750329605e-10
3943500 1.2051115660938194e-10
3956645 1.1322498494337196e-10
3969790 1.0637901670662586e-10
3982935 9.994705063576248e-11
3996080 9.390421773503022e-11
4009225 8.822653718709716e-11
4022370 8.289224862068068e-11
4035515 7.788025779831287e-11
4048660 7.317146888397019e-11
4061805 6.874767422004879e-11
4074950 6.459088819354974e-11
4088095 6.068567870443076e-11
4101240 5.701650263034708e-11
4114385 5.356903809428104e-11
4127530 5.0330295486844534e-11
4140675 4.728728519864944e-11
4153820 4.442812784333228e-11
4166965 4.174194323525171e-11
4180110 3.921807323337134e-11
4193255 3.684708094198186e-11
4206400 3.4619085376164094e-11
4219545 3.2526314974745674e-11
4232690 3.055955488662221e-11
4245835 2.8711921729041023e-11
4258980 2.697597700773713e-11
4272125 2.534483733995785e-11
4285270 2.381261854367267e-11
4298415 2.2372770303036305e-11
4311560 2.1020185592135476e-11
4324705 1.9749202273544597e-11
4337850 1.8555268432862704e-11
4350995 1.7433388066478983e-11
4364140 1.6379120282294934e-11
4377285 1.5389134411236682e-11
4390430 1.4458434449693414e-11
4403575 1.3584244840103565e-11
4416720 1.27631238910908e-11
4429865 1.1991185822068928e-11
4443010 1.1266321209291164e-11
4456155 1.0585088361381167e-11
4469300 9.945155809987227e-12
4482445 9.343859019850242e-12
4495590 8.7788665226185e-12
4508735 8.24795787224275e-12
4521880 7.749356711883593e-12
4535025 7.280953617794239e-12
4548170 6.840417121622977e-12
4561315 6.426970067252569e-12
4574460 6.0385030309362264e-12
4587605 5.67323965583455e-12
4600750 5.3301807412253766e-12
4613895 5.008105041781619e-12
4627040 4.7053472229663384e-12
4640185 4.420686039452448e-12
4653330 4.153566379727636e-12
4666475 3.902322909254963e-12
4679620 3.6662894942196544e-12
4692765 3.444688978504473e-12
4705910 3.2365221613872563e-12
4719055 3.0409008644483038e-12
4732200 2.857047931570378e-12
4745345 2.6840751843337785e-12
4758490 2.521871600436043e-12
4771635 2.3693269568525466e-12
4784780 2.2261081866759014e-12
4797925 2.09143813378887e-12
4811070 1.9652057758889896e-12
4824215 1.8460788453467103e-12
4837360 1.7346124536743446e-12
4850505 1.6296963778472673e-12
4863650 1.5313306178654784e-12
4876795 1.4386269953092778e-12
4889940 1.3515855101786656e-12
4903085 1.2699841178687166e-12
4916230 1.1931566845646557e-12
4929375 1.121103210266483e-12
4942520 1.053490628066811e-12
4955665 9.89541781848402e-13
4968810 9.298117831235686e-13
4981955 8.736344980775357e-13
4995100 8.206768598029157e-13
5008245 7.709388682997087e-13
5021390 7.244205235679146e-13
5034535 6.806777363976835e-13
5047680 6.395994844865527e-13
5060825 6.009637232295972e-13
5073970 5.646594303243546e-13
5087115 5.303535388634373e-13
5100260 4.982680934517703e-13
5113405 4.681810494844285e-13
5126550 4.3998138465894954e-13
5139695 4.1311398746302075e-13
5152840 3.8835601401387976e-13
5165985 3.6481928589182644e-13
5179130 3.426148253993233e-13
5192275 3.2174263253637037e-13
5205420 3.0253577421035516e-13
5218565 2.8410607200157756e-13
5231710 2.6689761511988763e-13
5244855 2.511324481702104e-13
5258000 2.3581137043038325e-13
5271145 2.2148949341271873e-13
5284290 2.0838886172214188e-13
5297435 1.9551027463649007e-13
5310580 1.836308882730009e-13
5323725 1.7275070263167436e-13
5336870 1.6209256159527285e-13
5350015 1.5232259897857148e-13
5363160 1.4288570326925765e-13
5376305 1.34781075189494e-13
5389450 1.2612133559741778e-13
5402595 1.1857181902996672e-13
5415740 1.1168843627729075e-13
5428885 1.0491607582707729e-13
5442030 9.847678228425139e-14
5455175 9.259260025373806e-14
5468320 8.704148513061227e-14
5481465 8.137934770502397e-14
5494610 7.671641100159832e-14
5507755 7.205347429817266e-14
5520900 6.772360450213455e-14
5534045 6.339373470609644e-14
5547190 5.984102102729594e-14
5560335 5.639932965095795e-14
5573480 5.295763827461997e-14
5586625 4.951594689828198e-14
5599770 4.651834473179406e-14
5612915 4.374278717023117e-14
5626060 4.0967229608668276e-14
5639205 3.863576125695545e-14
5652350 3.630429290524262e-14
5665495 3.397282455352979e-14
5678640 3.219646771412954e-14
5691785 3.032568320222588e-14
5704930 2.8199664825478976e-14
5718075 2.668595658639942e-14
5731220 2.4868995751603507e-14
5744365 2.375877272697835e-14
5757510 2.2040911382549974e-14
5770655 2.0872192862952943e-14
5783800 1.9556008800228814e-14
5796945 1.84297022087776e-14
5810090 1.7319479184152442e-14
5823235 1.6653345369377348e-14
5836380 1.509903313490213e-14
5849525 1.4988010832439613e-14
5862670 1.354472090042691e-14
5875815 1.4210854715202004e-14
5888960 1.2434497875801753e-14
5902105 1.2434497875801753e-14
5915250 1.1102230246251565e-14
5928395 1.021405182655144e-14
5941540 1.0436096431476471e-14
5954685 9.769962616701378e-15
5967830 1.0658141036401503e-14
5980975 8.881784197001252e-15
5994120 8.881784197001252e-15
6007265 7.993605777301127e-15
6020410 9.325873406851315e-15
6033555 1.0658141036401503e-14
6046700 8.881784197001252e-15
6059845 8.881784197001252e-15
6072990 8.881784197001252e-15
6086135 8.881784197001252e-15
6099280 8.881784197001252e-15
6112425 8.881784197001252e-15
6125570 7.105427357601002e-15
6138715 8.881784197001252e-15
6151860 7.105427357601002e-15
6165005 8.881784197001252e-15
6178150 7.105427357601002e-15
6191295 1.0658141036401503e-14
6204440 8.881784197001252e-15
6217585 8.881784197001252e-15
6230730 8.881784197001252e-15
6243875 8.881784197001252e-15
6257020 7.105427357601002e-15
6270165 8.881784197001252e-15
6283310 7.105427357601002e-15
6296455 7.105427357601002e-15
6309600 8.881784197001252e-15
6322745 8.881784197001252e-15
6335890 8.881784197001252e-15
6349035 6.217248937900877e-15
6362180 5.329070518200751e-15
6375325 8.881784197001252e-15
6388470 7.105427357601002e-15
6401615 7.105427357601002e-15
6414760 7.105427357601002e-15
6427905 7.105427357601002e-15
6441050 8.881784197001252e-15
6454195 7.105427357601002e-15
6467340 8.881784197001252e-15
6480485 7.105427357601002e-15
6493630 5.329070518200751e-15
6506775 8.881784197001252e-15
6519920 7.105427357601002e-15
6533065 7.105427357601002e-15
6546210 7.105427357601002e-15
6559355 7.105427357601002e-15
6572500 5.329070518200751e-15
6585645 7.105427357601002e-15
6598790 7.105427357601002e-15
6611935 8.881784197001252e-15
6625080 7.105427357601002e-15
6638225 5.329070518200751e-15
6651370 7.105427357601002e-15
6664515 5.329070518200751e-15
6677660 7.105427357601002e-15
6690805 5.329070518200751e-15
6703950 7.105427357601002e-15
6717095 5.329070518200751e-15
6730240 5.329070518200751e-15
6743385 5.329070518200751e-15
6756530 5.329070518200751e-15
6769675 5.329070518200751e-15
6782820 5.329070518200751e-15
6795965 6.217248937900877e-15
6809110 5.329070518200751e-15
6822255 5.329070518200751e-15
6835400 5.329070518200751e-15
6848545 5.329070518200751e-15
6861690 5.329070518200751e-15
6874835 5.329070518200751e-15
6887980 5.329070518200751e-15
6901125 5.329070518200751e-15
6914270 5.329070518200751e-15
6927415 3.552713678800501e-15
6940560 5.329070518200751e-15
6953705 5.329070518200751e-15
6966850 5.329070518200751e-15
6979995 5.329070518200751e-15
6993140 3.552713678800501e-15
7006285 5.329070518200751e-15
7019430 5.329070518200751e-15
7032575 5.329070518200751e-15
7045720 5.329070518200751e-15
7058865 3.552713678800501e-15
7072010 5.329070518200751e-15
7085155 5.329070518200751e-15
7098300 5.329070518200751e-15
7111445 5.329070518200751e-15
7124590 3.552713678800501e-15
7137735 5.329070518200751e-15
7150880 5.329070518200751e-15
7164025 5.329070518200751e-15
7177170 5.329070518200751e-15
7190315 3.552713678800501e-15
7203460 5.329070518200751e-15
7216605 5.329070518200751e-15
7229750 5.329070518200751e-15
7242895 5.329070518200751e-15
7256040 3.552713678800501e-15
7269185 5.329070518200751e-15
7282330 5.329070518200751e-15
7295475 5.329070518200751e-15
7308620 5.329070518200751e-15
7321765 3.552713678800501e-15
7334910 5.329070518200751e-15
7348055 5.329070518200751e-15
7361200 5.329070518200751e-15
7374345 5.329070518200751e-15
7387490 3.552713678800501e-15
7400635 5.329070518200751e-15
7413780 5.329070518200751e-15
7426925 5.329070518200751e-15
7440070 5.329070518200751e-15
7453215 3.552713678800501e-15
7466360 5.329070518200751e-15
7479505 5.329070518200751e-15
7492650 5.329070518200751e-15
7505795 5.329070518200751e-15
7518940 3.552713678800501e-15
7532085 5.329070518200751e-15
7545230 5.329070518200751e-15
7558375 5.329070518200751e-15
7571520 5.329070518200751e-15
7584665 3.552713678800501e-15
7597810 5.329070518200751e-15
7610955 5.329070518200751e-15
7624100 5.329070518200751e-15
7637245 5.329070518200751e-15
7650390 3.552713678800501e-15
7663535 5.329070518200751e-15
7676680 5.329070518200751e-15
7689825 5.329070518200751e-15
7702970 5.329070518200751e-15
7716115 3.552713678800501e-15
7729260 5.329070518200751e-15
7742405 5.329070518200751e-15
7755550 5.329070518200751e-15
7768695 5.329070518200751e-15
7781840 3.552713678800501e-15
7794985 5.329070518200751e-15
7808130 5.329070518200751e-15
7821275 5.329070518200751e-15
7834420 5.329070518200751e-15
7847565 3.552713678800501e-15
7860710 5.329070518200751e-15
7873855 5.329070518200751e-15
7887000 5.329070518200751e-15
7900145 5.329070518200751e-15
7913290 3.552713678800501e-15
7926435 5.329070518200751e-15
7939580 5.329070518200751e-15
7952725 5.329070518200751e-15
7965870 5.329070518200751e-15
7979015 3.552713678800501e-15
7992160 5.329070518200751e-15
8005305 5.329070518200751e-15
8018450 5.329070518200751e-15
8031595 5.329070518200751e-15
8044740 3.552713678800501e-15
8057885 5.329070518200751e-15
8071030 5.329070518200751e-15
8084175 5.329070518200751e-15
8097320 5.329070518200751e-15
8110465 3.552713678800501e-15
8123610 5.329070518200751e-15
8136755 5.329070518200751e-15
8149900 5.329070518200751e-15
8163045 5.329070518200751e-15
8176190 3.552713678800501e-15
8189335 5.329070518200751e-15
8202480 5.329070518200751e-15
8215625 5.329070518200751e-15
8228770 5.329070518200751e-15
8241915 3.552713678800501e-15
8255060 5.329070518200751e-15
8268205 5.329070518200751e-15
8281350 5.329070518200751e-15
8294495 5.329070518200751e-15
8307640 3.552713678800501e-15
8320785 5.329070518200751e-15
8333930 5.329070518200751e-15
8347075 5.329070518200751e-15
8360220 5.329070518200751e-15
8373365 3.552713678800501e-15
8386510 5.329070518200751e-15
8399655 5.329070518200751e-15
8412800 5.329070518200751e-15
8425945 5.329070518200751e-15
8439090 3.552713678800501e-15
8452235 5.329070518200751e-15
8465380 5.329070518200751e-15
8478525 5.329070518200751e-15
8491670 5.329070518200751e-15
8504815 3.552713678800501e-15
8517960 5.329070518200751e-15
8531105 5.329070518200751e-15
8544250 5.329070518200751e-15
8557395 5.329070518200751e-15
8570540 3.552713678800501e-15
8583685 5.329070518200751e-15
8596830 5.329070518200751e-15
8609975 5.329070518200751e-15
8623120 5.329070518200751e-15
8636265 3.552713678800501e-15
8649410 5.329070518200751e-15
8662555 5.329070518200751e-15
8675700 5.329070518200751e-15
8688845 5.329070518200751e-15
8701990 3.552713678800501e-15
8715135 5.329070518200751e-15
8728280 5.329070518200751e-15
8741425 5.329070518200751e-15
8754570 5.329070518200751e-15
8767715 3.552713678800501e-15
8780860 5.329070518200751e-15
8794005 5.329070518200751e-15
8807150 5.329070518200751e-15
8820295 5.329070518200751e-15
8833440 3.552713678800501e-15
8846585 5.329070518200751e-15
8859730 5.329070518200751e-15
8872875 5.329070518200751e-15
8886020 5.329070518200751e-15
8899165 3.552713678800501e-15
8912310 5.329070518200751e-15
8925455 5.329070518200751e-15
8938600 5.329070518200751e-15
8951745 5.329070518200751e-15
8964890 3.552713678800501e-15
8978035 5.329070518200751e-15
8991180 5.329070518200751e-15
9004325 5.329070518200751e-15
9017470 5.329070518200751e-15
9030615 3.552713678800501e-15
9043760 5.329070518200751e-15
9056905 5.329070518200751e-15
9070050 5.329070518200751e-15
9083195 5.329070518200751e-15
9096340 3.552713678800501e-15
9109485 5.329070518200751e-15
9122630 5.329070518200751e-15
9135775 5.329070518200751e-15
9148920 5.329070518200751e-15
9162065 3.552713678800501e-15
9175210 5.329070518200751e-15
9188355 5.329070518200751e-15
9201500 5.329070518200751e-15
9214645 5.329070518200751e-15
9227790 3.552713678800501e-15
9240935 5.329070518200751e-15
9254080 5.329070518200751e-15
9267225 5.329070518200751e-15
9280370 5.329070518200751e-15
9293515 3.552713678800501e-15
9306660 5.329070518200751e-15
9319805 5.329070518200751e-15
9332950 5.329070518200751e-15
9346095 5.329070518200751e-15
9359240 3.552713678800501e-15
9372385 5.329070518200751e-15
9385530 5.329070518200751e-15
9398675 5.329070518200751e-15
9411820 5.329070518200751e-15
9424965 3.552713678800501e-15
9438110 5.329070518200751e-15
9451255 5.329070518200751e-15
9464400 5.329070518200751e-15
9477545 5.329070518200751e-15
9490690 3.552713678800501e-15
9503835 5.329070518200751e-15
9516980 5.329070518200751e-15
9530125 5.329070518200751e-15
9543270 5.329070518200751e-15
9556415 3.552713678800501e-15
9569560 5.329070518200751e-15
9582705 5.329070518200751e-15
9595850 5.329070518200751e-15
9608995 5.329070518200751e-15
9622140 3.552713678800501e-15
9635285 5.329070518200751e-15
9648430 5.329070518200751e-15
9661575 5.329070518200751e-15
9674720 5.329070518200751e-15
9687865 3.552713678800501e-15
9701010 5.329070518200751e-15
9714155 5.329070518200751e-15
9727300 5.329070518200751e-15
9740445 5.329070518200751e-15
9753590 3.552713678800501e-15
9766735 5.329070518200751e-15
9779880 5.329070518200751e-15
9793025 5.329070518200751e-15
9806170 5.329070518200751e-15
9819315 3.552713678800501e-15
9832460 5.329070518200751e-15
9845605 5.329070518200751e-15
9858750 5.329070518200751e-15
9871895 5.329070518200751e-15
9885040 3.552713678800501e-15
9898185 5.329070518200751e-15
9911330 5.329070518200751e-15
9924475 5.329070518200751e-15
9937620 5.329070518200751e-15
9950765 3.552713678800501e-15
9963910 5.329070518200751e-15
9977055 5.329070518200751e-15
9990200 5.329070518200751e-15
10003345 5.329070518200751e-15
10016490 3.552713678800501e-15
10029635 5.329070518200751e-15
10042780 5.329070518200751e-15
10055925 5.329070518200751e-15
10069070 5.329070518200751e-15
10082215 3.552713678800501e-15
10095360 5.329070518200751e-15
10108505 5.329070518200751e-15
10121650 5.329070518200751e-15
10134795 5.329070518200751e-15
10147940 3.552713678800501e-15
10161085 5.329070518200751e-15
10174230 5.329070518200751e-15
10187375 5.329070518200751e-15
10200520 5.329070518200751e-15
10213665 3.552713678800501e-15
10226810 5.329070518200751e-15
10239955 5.329070518200751e-15
10253100 5.329070518200751e-15
10266245 5.329070518200751e-15
10279390 3.552713678800501e-15
10292535 5.329070518200751e-15
10305680 5.329070518200751e-15
10318825 5.329070518200751e-15
10331970 5.329070518200751e-15
10345115 3.552713678800501e-15
10358260 5.329070518200751e-15
10371405 5.329070518200751e-15
10384550 5.329070518200751e-15
10397695 5.329070518200751e-15
10410840 3.552713678800501e-15
10423985 5.329070518200751e-15
10437130 5.329070518200751e-15
10450275 5.329070518200751e-15
10463420 5.329070518200751e-15
10476565 3.552713678800501e-15
10489710 5.329070518200751e-15
10502855 5.329070518200751e-15
10516000 5.329070518200751e-15
10529145 5.329070518200751e-15
10542290 3.552713678800501e-15
10555435 5.329070518200751e-15
10568580 5.329070518200751e-15
10581725 5.329070518200751e-15
10594870 5.329070518200751e-15
10608015 3.552713678800501e-15
10621160 5.329070518200751e-15
10634305 5.329070518200751e-15
10647450 5.329070518200751e-15
10660595 5.329070518200751e-15
10673740 3.552713678800501e-15
10686885 5.329070518200751e-15
10700030 5.329070518200751e-15
10713175 5.329070518200751e-15
10726320 5.329070518200751e-15
10739465 3.552713678800501e-15
10752610 5.329070518200751e-15
10765755 5.329070518200751e-15
10778900 5.329070518200751e-15
10792045 5.329070518200751e-15
10805190 3.552713678800501e-15
10818335 5.329070518200751e-15
10831480 5.329070518200751e-15
10844625 5.329070518200751e-15
10857770 5.329070518200751e-15
10870915 3.552713678800501e-15
10884060 5.329070518200751e-15
10897205 5.329070518200751e-15
10910350 5.329070518200751e-15
10923495 5.329070518200751e-15
10936640 3.552713678800501e-15
10949785 5.329070518200751e-15
10962930 5.329070518200751e-15
10976075 5.329070518200751e-15
10989220 5.329070518200751e-15
11002365 3.552713678800501e-15
11015510 5.329070518200751e-15
11028655 5.329070518200751e-15
11041800 5.329070518200751e-15
11054945 5.329070518200751e-15
11068090 3.552713678800501e-15
11081235 5.329070518200751e-15
11094380 5.329070518200751e-15
11107525 5.329070518200751e-15
11120670 5.329070518200751e-15
11133815 3.552713678800501e-15
11146960 5.329070518200751e-15
11160105 5.329070518200751e-15
11173250 5.329070518200751e-15
11186395 5.329070518200751e-15
11199540 3.552713678800501e-15
11212685 5.329070518200751e-15
11225830 5.329070518200751e-15
11238975 5.329070518200751e-15
11252120 5.329070518200751e-15
11265265 3.552713678800501e-15
11278410 5.329070518200751e-15
11291555 5.329070518200751e-15
11304700 5.329070518200751e-15
11317845 5.329070518200751e-15
11330990 3.552713678800501e-15
11344135 5.329070518200751e-15
11357280 5.329070518200751e-15
11370425 5.329070518200751e-15
11383570 5.329070518200751e-15
11396715 3.552713678800501e-15
11409860 5.329070518200751e-15
11423005 5.329070518200751e-15
11436150 5.329070518200751e-15
11449295 5.329070518200751e-15
11462440 3.552713678800501e-15
11475585 5.329070518200751e-15
11488730 5.329070518200751e-15
11501875 5.329070518200751e-15
11515020 5.329070518200751e-15
11528165 3.552713678800501e-15
11541310 5.329070518200751e-15
11554455 5.329070518200751e-15
11567600 5.329070518200751e-15
11580745 5.329070518200751e-15
11593890 3.552713678800501e-15
11607035 5.329070518200751e-15
11620180 5.329070518200751e-15
11633325 5.329070518200751e-15
11646470 5.329070518200751e-15
11659615 3.552713678800501e-15
11672760 5.329070518200751e-15
11685905 5.329070518200751e-15
11699050 5.329070518200751e-15
11712195 5.329070518200751e-15
11725340 3.552713678800501e-15
11738485 5.329070518200751e-15
11751630 5.329070518200751e-15
11764775 5.329070518200751e-15
11777920 5.329070518200751e-15
11791065 3.552713678800501e-15
11804210 5.329070518200751e-15
11817355 5.329070518200751e-15
11830500 5.329070518200751e-15
11843645 5.329070518200751e-15
11856790 3.552713678800501e-15
11869935 5.329070518200751e-15
11883080 5.329070518200751e-15
11896225 5.329070518200751e-15
11909370 5.329070518200751e-15
11922515 3.552713678800501e-15
11935660 5.329070518200751e-15
11948805 5.329070518200751e-15
11961950 5.329070518200751e-15
11975095 5.329070518200751e-15
11988240 3.552713678800501e-15
12001385 5.329070518200751e-15
12014530 5.329070518200751e-15
12027675 5.329070518200751e-15
12040820 5.329070518200751e-15
12053965 3.552713678800501e-15
12067110 5.329070518200751e-15
12080255 5.329070518200751e-15
12093400 5.329070518200751e-15
12106545 5.329070518200751e-15
12119690 3.552713678800501e-15
12132835 5.329070518200751e-15
12145980 5.329070518200751e-15
12159125 5.329070518200751e-15
12172270 5.329070518200751e-15
12185415 3.552713678800501e-15
12198560 5.329070518200751e-15
12211705 5.329070518200751e-15
12224850 5.329070518200751e-15
12237995 5.329070518200751e-15
12251140 3.552713678800501e-15
12264285 5.329070518200751e-15
12277430 5.329070518200751e-15
12290575 5.329070518200751e-15
12303720 5.329070518200751e-15
12316865 3.552713678800501e-15
12330010 5.329070518200751e-15
12343155 5.329070518200751e-15
12356300 5.329070518200751e-15
12369445 5.329070518200751e-15
12382590 3.552713678800501e-15
12395735 5.329070518200751e-15
12408880 5.329070518200751e-15
12422025 5.329070518200751e-15
12435170 5.329070518200751e-15
12448315 3.552713678800501e-15
12461460 5.329070518200751e-15
12474605 5.329070518200751e-15
12487750 5.329070518200751e-15
12500895 5.329070518200751e-15
12514040 3.552713678800501e-15
12527185 5.329070518200751e-15
12540330 5.329070518200751e-15
12553475 5.329070518200751e-15
12566620 5.329070518200751e-15
12579765 3.552713678800501e-15
12592910 5.329070518200751e-15
12606055 5.329070518200751e-15
12619200 5.329070518200751e-15
12632345 5.329070518200751e-15
12645490 3.552713678800501e-15
12658635 5.329070518200751e-15
12671780 5.329070518200751e-15
12684925 5.329070518200751e-15
12698070 5.329070518200751e-15
12711215 3.552713678800501e-15
12724360 5.329070518200751e-15
12737505 5.329070518200751e-15
12750650 5.329070518200751e-15
12763795 5.329070518200751e-15
12776940 3.552713678800501e-15
12790085 5.329070518200751e-15
12803230 5.329070518200751e-15
12816375 5.329070518200751e-15
12829520 5.329070518200751e-15
12842665 3.552713678800501e-15
12855810 5.329070518200751e-15
12868955 5.329070518200751e-15
12882100 5.329070518200751e-15
12895245 5.329070518200751e-15
12908390 3.552713678800501e-15
12921535 5.329070518200751e-15
12934680 5.329070518200751e-15
12947825 5.329070518200751e-15
12960970 5.329070518200751e-15
12974115 3.552713678800501e-15
12987260 5.329070518200751e-15
13000405 5.329070518200751e-15
13013550 5.329070518200751e-15
13026695 5.329070518200751e-15
13039840 3.552713678800501e-15
13052985 5.329070518200751e-15
13066130 5.329070518200751e-15
13079275 5.329070518200751e-15
13092420 5.329070518200751e-15
13105565 3.552713678800501e-15
13118710 5.329070518200751e-15
13131855 5.329070518200751e-15
13145000 5.329070518200751e-15
13158145 5.329070518200751e-15
13171290 3.552713678800501e-15
13184435 5.329070518200751e-15
13197580 5.329070518200751e-15
13210725 5.329070518200751e-15
13223870 5.329070518200751e-15
13237015 3.552713678800501e-15
13250160 5.329070518200751e-15
13263305 5.329070518200751e-15
13276450 5.329070518200751e-15
13289595 5.329070518200751e-15
13302740 3.552713678800501e-15
13315885 5.329070518200751e-15
13329030 5.329070518200751e-15
13342175 5.329070518200751e-15
13355320 5.329070518200751e-15
13368465 3.552713678800501e-15
13381610 5.329070518200751e-15
13394755 5.329070518200751e-15
13407900 5.329070518200751e-15
13421045 5.329070518200751e-15
13434190 3.552713678800501e-15
13447335 5.329070518200751e-15
13460480 5.329070518200751e-15
13473625 5.329070518200751e-15
13486770 5.329070518200751e-15
13499915 3.552713678800501e-15
13513060 5.329070518200751e-15
13526205 5.329070518200751e-15
13539350 5.329070518200751e-15
13552495 5.329070518200751e-15
13565640 3.552713678800501e-15
13578785 5.329070518200751e-15
13591930 5.329070518200751e-15
13605075 5.329070518200751e-15
13618220 5.329070518200751e-15
13631365 3.552713678800501e-15
13644510 5.329070518200751e-15
13657655 5.329070518200751e-15
13670800 5.329070518200751e-15
13683945 5.329070518200751e-15
13697090 3.552713678800501e-15
13710235 5.329070518200751e-15
13723380 5.329070518200751e-15
13736525 5.329070518200751e-15
13749670 5.329070518200751e-15
13762815 3.552713678800501e-15
13775960 5.329070518200751e-15
13789105 5.329070518200751e-15
13802250 5.329070518200751e-15
13815395 5.329070518200751e-15
13828540 3.552713678800501e-15
13841685 5.329070518200751e-15
13854830 5.329070518200751e-15
13867975 5.329070518200751e-15
13881120 5.329070518200751e-15
13894265 3.552713678800501e-15
13907410 5.329070518200751e-15
13920555 5.329070518200751e-15
13933700 5.329070518200751e-15
13946845 5.329070518200751e-15
13959990 3.552713678800501e-15
13973135 5.329070518200751e-15
13986280 5.329070518200751e-15
13999425 5.329070518200751e-15
14012570 5.329070518200751e-15
14025715 3.552713678800501e-15
14038860 5.329070518200751e-15
14052005 5.329070518200751e-15
14065150 5.329070518200751e-15
14078295 5.329070518200751e-15
14091440 3.552713678800501e-15
14104585 5.329070518200751e-15
14117730 5.329070518200751e-15
14130875 5.329070518200751e-15
14144020 5.329070518200751e-15
14157165 3.552713678800501e-15
14170310 5.329070518200751e-15
14183455 5.329070518200751e-15
14196600 5.329070518200751e-15
14209745 5.329070518200751e-15
14222890 3.552713678800501e-15
14236035 5.329070518200751e-15
14249180 5.329070518200751e-15
14262325 5.329070518200751e-15
14275470 5.329070518200751e-15
14288615 3.552713678800501e-15
14301760 5.329070518200751e-15
14314905 5.329070518200751e-15
14328050 5.329070518200751e-15
14341195 5.329070518200751e-15
14354340 3.552713678800501e-15
14367485 5.329070518200751e-15
14380630 5.329070518200751e-15
14393775 5.329070518200751e-15
14406920 5.329070518200751e-15
14420065 3.552713678800501e-15
14433210 5.329070518200751e-15
14446355 5.329070518200751e-15
14459500 5.329070518200751e-15
14472645 5.329070518200751e-15
14485790 3.552713678800501e-15
14498935 5.329070518200751e-15
14512080 5.329070518200751e-15
14525225 5.329070518200751e-15
14538370 5.329070518200751e-15
14551515 3.552713678800501e-15
14564660 5.329070518200751e-15
14577805 5.329070518200751e-15
14590950 5.329070518200751e-15
14604095 5.329070518200751e-15
14617240 3.552713678800501e-15
14630385 5.329070518200751e-15
14643530 5.329070518200751e-15
14656675 5.329070518200751e-15
14669820 5.329070518200751e-15
14682965 3.552713678800501e-15
14696110 5.329070518200751e-15
14709255 5.329070518200751e-15
14722400 5.329070518200751e-15
14735545 5.329070518200751e-15
14748690 3.552713678800501e-15
14761835 5.329070518200751e-15
14774980 5.329070518200751e-15
14788125 5.329070518200751e-15
14801270 5.329070518200751e-15
14814415 3.552713678800501e-15
14827560 5.329070518200751e-15
14840705 5.329070518200751e-15
14853850 5.329070518200751e-15
14866995 5.329070518200751e-15
14880140 3.552713678800501e-15
14893285 5.329070518200751e-15
14906430 5.329070518200751e-15
14919575 5.329070518200751e-15
14932720 5.329070518200751e-15
14945865 3.552713678800501e-15
14959010 5.329070518200751e-15
14972155 5.329070518200751e-15
14985300 5.329070518200751e-15
14998445 5.329070518200751e-15
15011590 3.552713678800501e-15
15024735 5.329070518200751e-15
15037880 5.329070518200751e-15
15051025 5.329070518200751e-15
15064170 5.329070518200751e-15
15077315 3.552713678800501e-15
15090460 5.329070518200751e-15
15103605 5.329070518200751e-15
15116750 5.329070518200751e-15
15129895 5.329070518200751e-15
15143040 3.552713678800501e-15
15156185 5.329070518200751e-15
15169330 5.329070518200751e-15
15182475 5.329070518200751e-15
15195620 5.329070518200751e-15
15208765 3.552713678800501e-15
15221910 5.329070518200751e-15
15235055 5.329070518200751e-15
15248200 5.329070518200751e-15
15261345 5.329070518200751e-15
15274490 3.552713678800501e-15
15287635 5.329070518200751e-15
15300780 5.329070518200751e-15
15313925 5.329070518200751e-15
15327070 5.329070518200751e-15
15340215 3.552713678800501e-15
15353360 5.329070518200751e-15
15366505 5.329070518200751e-15
15379650 5.329070518200751e-15
15392795 5.329070518200751e-15
15405940 3.552713678800501e-15
15419085 5.329070518200751e-15
15432230 5.329070518200751e-15
15445375 5.329070518200751e-15
15458520 5.329070518200751e-15
15471665 3.552713678800501e-15
15484810 5.329070518200751e-15
15497955 5.329070518200751e-15
15511100 5.329070518200751e-15
15524245 5.329070518200751e-15
15537390 3.552713678800501e-15
15550535 5.329070518200751e-15
15563680 5.329070518200751e-15
15576825 5.329070518200751e-15
15589970 5.329070518200751e-15
15603115 3.552713678800501e-15
15616260 5.329070518200751e-15
15629405 5.329070518200751e-15
15642550 5.329070518200751e-15
15655695 5.329070518200751e-15
15668840 3.552713678800501e-15
15681985 5.329070518200751e-15
15695130 5.329070518200751e-15
15708275 5.329070518200751e-15
15721420 5.329070518200751e-15
15734565 3.552713678800501e-15
15747710 5.329070518200751e-15
15760855 5.329070518200751e-15
15774000 5.329070518200751e-15
15787145 5.329070518200751e-15
15800290 3.552713678800501e-15
15813435 5.329070518200751e-15
15826580 5.329070518200751e-15
15839725 5.329070518200751e-15
15852870 5.329070518200751e-15
15866015 3.552713678800501e-15
15879160 5.329070518200751e-15
15892305 5.329070518200751e-15
15905450 5.329070518200751e-15
15918595 5.329070518200751e-15
15931740 3.552713678800501e-15
15944885 5.329070518200751e-15
15958030 5.329070518200751e-15
15971175 5.329070518200751e-15
15984320 5.329070518200751e-15
15997465 3.552713678800501e-15
16010610 5.329070518200751e-15
16023755 5.329070518200751e-15
16036900 5.329070518200751e-15
16050045 5.329070518200751e-15
16063190 3.552713678800501e-15
16076335 5.329070518200751e-15
16089480 5.329070518200751e-15
16102625 5.329070518200751e-15
16115770 5.329070518200751e-15
16128915 3.552713678800501e-15
16142060 5.329070518200751e-15
16155205 5.329070518200751e-15
16168350 5.329070518200751e-15
16181495 5.329070518200751e-15
16194640 3.552713678800501e-15
16207785 5.329070518200751e-15
16220930 5.329070518200751e-15
16234075 5.329070518200751e-15
16247220 5.329070518200751e-15
16260365 3.552713678800501e-15
16273510 5.329070518200751e-15
16286655 5.329070518200751e-15
16299800 5.329070518200751e-15
16312945 5.329070518200751e-15
