0 21.16977094106299
53593 2.500891501204858
107186 1.1993309670231111
160779 0.632606532887257
214372 0.46962375168139125
267965 0.34631357734602464
321558 0.2664553251337676
375151 0.2169180119397529
428744 0.1832626121425962
482337 0.15470933207188242
535930 0.13449086768668828
589523 0.12093375256011374
643116 0.10823190834170138
696709 0.09684286826587662
750302 0.08767631677703314
803895 0.08050795204200867
857488 0.0743592934704882
911081 0.06871738956522311
964674 0.06389084003410073
1018267 0.059461099859077216
1071860 0.05601922933292247
1125453 0.05272157947595346
1179046 0.049587251490835094
1232639 0.04669883644582473
1286232 0.04413709206784855
1339825 0.041734985900035326
1393418 0.03976545859958236
1447011 0.03786884024643822
1500604 0.03604971716984995
1554197 0.034471187017643956
1607790 0.03299054554808478
1661383 0.03156054636084615
1714976 0.03021046893629542
1768569 0.028974525047561706
1822162 0.02777908897085357
1875755 0.026625279656037115
1929348 0.025526272932878236
1982941 0.024539452475239365
2036534 0.023582954219397934
2090127 0.022657328833101786
2143720 0.021762797725909167
2197313 0.020899317500956194
2250906 0.020066633633156528
2304499 0.01926432501566211
2358092 0.018501293139616237
2411685 0.017781639361380108
2465278 0.01708691297761078
2518871 0.016416739841465855
2572464 0.015770667701721308
2626057 0.015165959726771483
2679650 0.014591539651688912
2733243 0.014036341840431454
2786836 0.013500069537291104
2840429 0.012982379584107306
2894022 0.012482891567954013
2947615 0.012001195658242203
3001208 0.011536859312047731
3054801 0.011089433002559268
3108394 0.01065845510424257
3161987 0.01024345605022603
3215580 0.009843961861412787
3269173 0.009459497133316397
3322766 0.009089587554709233
3376359 0.00873376202216658
3429952 0.008391554405641877
3483545 0.008062505012973453
3537138 0.007746161794499606
3590731 0.007442081323586258
3644324 0.00714982958390209
3697917 0.006868982590336081
3751510 0.006599126866720262
3805103 0.006339859800579717
3858696 0.0060907898923199255
3912289 0.00585236735425454
3965882 0.005623428578044987
4019475 0.005403483131458664
4073068 0.005192196515024783
4126661 0.004989244036190499
4180254 0.004794310853543315
4233847 0.004607091969209165
4287440 0.0044272921771355556
4341033 0.004254625974012605
4394626 0.004088817438739234
4448219 0.0039296000856117175
4501812 0.003776716695800708
4555405 0.0036303208423653643
4608998 0.0034906119688793424
4662591 0.0033563863844801034
4716184 0.003227447081055601
4769777 0.0031040417725076708
4823370 0.002985478067525804
4876963 0.002871568531189972
4930556 0.0027621323887530025
4984149 0.0026569953609394403
5037742 0.0025559894944899852
5091335 0.002458952989387697
5144928 0.0023657300239472434
5198521 0.002276170578861425
5252114 0.0021901302610736195
5305707 0.0021074701282994823
5359300 0.002028056514847165
5412893 0.00195176085930715
5466486 0.0018784595345691102
5520079 0.0018080336806436392
5573672 0.0017403690405153327
5627265 0.0016753557993975932
5680858 0.0016128884275445898
5734451 0.001552865526820213
5788044 0.001495189681164355
5841637 0.0014397673110293496
5895230 0.0013865085318540693
5948823 0.0013353270166698294
6002416 0.0012861398627608267
6056009 0.0012388674624386198
6109602 0.0011934333779164419
6163195 0.001149764220199856
6216788 0.0011077895319795417
6270381 0.0010674416744684834
6323974 0.0010288938466000985
6377567 0.0009920604167463765
6431160 0.0009566346422023031
6484753 0.0009225609998404494
6538346 0.0008897861629106885
6591939 0.0008582589169519039
6645532 0.0008279300786009358
6699125 0.0007987524171628735
6752718 0.0007706805790084204
6806311 0.0007436710145531933
6859904 0.0007176819079344199
6913497 0.0006926731091789762
6967090 0.0006686060688769757
7020683 0.0006454437752241304
7074276 0.0006231506934417652
7127869 0.0006016927074039558
7181462 0.0005810370635046525
7235055 0.0005611523166182408
7288648 0.0005420082781091295
7342241 0.0005235759658450689
7395834 0.0005058275561156123
7449427 0.0004887363374068698
7503020 0.00047227666595350826
7556613 0.00045642392303779644
7610206 0.0004411544739353346
7663799 0.00042644562845239875
7717392 0.0004122756030628949
7770985 0.0003986234844779446
7824578 0.0003854691946729716
7878171 0.00037279345730745206
7931764 0.00036057776546094544
7985357 0.0003488043506569838
8038950 0.0003374561531135356
8092543 0.0003265167931836288
8146136 0.0003159705439514937
8199729 0.0003058023048749803
8253322 0.0002959975765488565
8306915 0.0002865424364335567
8360508 0.0002774789005162148
8414101 0.0002688278405216238
8467694 0.00026047865843015217
8521287 0.00025241997582714504
8574880 0.00024464086199049717
8628473 0.00023713081594944896
8682066 0.00022987974930011035
8735659 0.0002228779696622496
8789252 0.00021611616484840113
8842845 0.00020958538762716472
8896438 0.0002032770411020124
8950031 0.00019718286471359647
9003624 0.00019129492073588494
9057217 0.00018560558138869254
9110810 0.00018010751641028833
9164403 0.00017483186085964775
9217996 0.0001698012929054471
9271589 0.00016493514617899052
9325182 0.00016022747810362503
9378775 0.00015567257513371402
9432368 0.00015126494361306086
9485961 0.00014699930100103842
9539554 0.0001428705674806352
9593147 0.00013887385787869633
9646740 0.00013500447393521853
9700333 0.00013125789686352363
9753926 0.00012762978021862992
9807519 0.00012411594306627194
9861112 0.00012071236341482106
9914705 0.00011741517190166917
9968298 0.00011422064577049085
10021891 0.00011112520304568108
10075484 0.00010818363112408136
10129077 0.00010533832265835485
10182670 0.0001025782318695434
10236263 9.990047726970985e-05
10289856 9.730228388704631e-05
10343449 9.478097911941319e-05
10397042 9.233398873087495e-05
10450635 8.995883304141472e-05
10504228 8.765312324410246e-05
10557821 8.541455787147711e-05
10611414 8.324091942046863e-05
10665007 8.113007109500359e-05
10718600 7.907995368316989e-05
10772193 7.71219531237044e-05
10825786 7.522994700615016e-05
10879379 7.339027588271207e-05
10932972 7.160129027017348e-05
10986565 6.986139875175823e-05
11040158 6.816906578377413e-05
11093751 6.652280956664924e-05
11147344 6.492120002210555e-05
11200937 6.336285684138687e-05
11254530 6.184644759921198e-05
11308123 6.037068596320694e-05
11361716 5.893432995662806e-05
11415309 5.753618030723828e-05
11468902 5.6175078833486936e-05
11522495 5.484990692261604e-05
11576088 5.3559584058504583e-05
11629681 5.2313299199191476e-05
11683274 5.1114772805505027e-05
11736867 4.994650030409886e-05
11790460 4.880761588621496e-05
11844053 4.7697281900127564e-05
11897646 4.661468783950795e-05
11951239 4.55590493575464e-05
12004832 4.4529607343246624e-05
12058425 4.353553156333234e-05
12112018 4.257628426240778e-05
12165611 4.163985381655522e-05
12219204 4.0725633633886815e-05
12272797 3.983303548693584e-05
12326390 3.896148889226403e-05
12379983 3.8110440503613674e-05
12433576 3.728616425391351e-05
12487169 3.648945696732575e-05
12540762 3.571075545338864e-05
12594355 3.494961427752408e-05
12647948 3.420560044209431e-05
12701541 3.347829300470728e-05
12755134 3.2767282684753596e-05
12808727 3.207217150436037e-05
12862320 3.1392572428012855e-05
12915913 3.072810901993961e-05
12969506 3.007841511504239e-05
13023099 2.9443134499151924e-05
13076692 2.882192060149613e-05
13130285 2.8214436195383996e-05
13183878 2.762035311199007e-05
13237471 2.703935196479712e-05
13291064 2.6471121878923753e-05
13344657 2.5915360235106988e-05
13398250 2.5372667127432358e-05
13451843 2.4848229364771157e-05
13505436 2.433494922637891e-05
13559029 2.383257644167358e-05
13612622 2.33408668603996e-05
13666215 2.285958228387397e-05
13719808 2.2392252108371924e-05
13773401 2.1936863491056613e-05
13826994 2.1490861305428766e-05
13880587 2.1054046918544955e-05
13934180 2.0626226109821122e-05
13987773 2.020720896678263e-05
14041366 1.9796809779815128e-05
14094959 1.939484694074567e-05
14148552 1.9001142846530872e-05
14202145 1.861552380455489e-05
14255738 1.8237819936040012e-05
14309331 1.7867865091281132e-05
14362924 1.7505496756831107e-05
14416517 1.7150555971789938e-05
14470110 1.6802887245370712e-05
14523703 1.6462338472633675e-05
14577296 1.6128760859435154e-05
14630889 1.580200884254701e-05
14684482 1.54819400152717e-05
14738075 1.5168415053612438e-05
14791668 1.4861297647605909e-05
14845261 1.456045442743692e-05
14898854 1.4265754900932848e-05
14952447 1.3977071382564876e-05
15006040 1.369427893394004e-05
15059633 1.341725529685478e-05
15113226 1.3145880835230273e-05
15166819 1.2880038473495059e-05
15220412 1.2619613641295935e-05
15274005 1.2364494212657728e-05
15327598 1.2114570454357931e-05
15381191 1.186973497013799e-05
15434784 1.1629882650021628e-05
15488377 1.139491061630249e-05
15541970 1.1164718176415178e-05
15595563 1.0939206771254373e-05
15649156 1.071827993093244e-05
15702749 1.0501843225263485e-05
15756342 1.028980421902137e-05
15809935 1.0082072430472877e-05
15863528 9.878559285525501e-06
15917121 9.679178073707106e-06
15970714 9.48384391313839e-06
16024307 9.29247370418107e-06
16077900 9.10498609341115e-06
16131493 8.921301435371731e-06
16185086 8.741341754159304e-06
16238679 8.565030707508026e-06
16292272 8.39229355048543e-06
16345865 8.22305710129756e-06
16399458 8.057249707205116e-06
16453051 7.894801212271485e-06
16506644 7.735642922668262e-06
16560237 7.579707577032302e-06
16613830 7.426929313825159e-06
16667423 7.277243643744047e-06
16721016 7.130587417247813e-06
16774609 6.986898797023411e-06
16828202 6.846117230563387e-06
16881795 6.708183421300085e-06
16935388 6.573039301960293e-06
16988981 6.440628008475002e-06
17042574 6.3108938541667214e-06
17096167 6.183782305657637e-06
17149760 6.059239955336082e-06
17203353 5.93721450220519e-06
17256946 5.817654722350962e-06
17310539 5.700510451234209e-06
17364132 5.585732559043599e-06
17417725 5.473272928102624e-06
17471318 5.363084432552512e-06
17524911 5.2551209178686165e-06
17578504 5.1493371777677766e-06
17632097 5.04568893799906e-06
17685690 4.9441328320853906e-06
17739283 4.844626388555984e-06
17792876 4.74712800413446e-06
17846469 4.651596932081503e-06
17900062 4.557993262321869e-06
17953655 4.466277901238325e-06
18007248 4.376412558348974e-06
18060841 4.288359727655511e-06
18114434 4.202082670323737e-06
18168027 4.117545401305378e-06
18221620 4.0347126699091795e-06
18275213 3.9535499489207204e-06
18328806 3.874023416006178e-06
18382399 3.79609994027863e-06
18435992 3.7197470671435084e-06
18489585 3.6449330061416596e-06
18543178 3.57162661490662e-06
18596771 3.4997973878958533e-06
18650364 3.429415440348027e-06
18703957 3.36045149751385e-06
18757550 3.292876882665663e-06
18811143 3.226663502053917e-06
18864736 3.161783835303744e-06
18918329 3.0982109223698373e-06
18971922 3.0359183514905297e-06
19025515 2.974880249417833e-06
19079108 2.915071269649072e-06
19132701 2.856466579825856e-06
19186294 2.7990418542400697e-06
19239887 2.742773261288356e-06
19293480 2.6876374528694846e-06
19347073 2.633611556446258e-06
19400666 2.58067316388777e-06
19454259 2.5288003220880206e-06
19507852 2.4779715236400435e-06
19561445 2.4281656974545207e-06
19615038 2.3793622007661774e-06
19668631 2.3315408098079082e-06
19722224 2.2846817095967253e-06
19775817 2.2387654887712216e-06
19829410 2.193773128045251e-06
19883003 2.149685995211925e-06
19936596 2.1064858342634274e-06
19990189 2.0641547604505206e-06
20043782 2.0226752500684952e-06
20097375 1.9820301357387216e-06
20150968 1.942202596694198e-06
20204561 1.9031761528953695e-06
20258154 1.8649346587018556e-06
20311747 1.8274622935465779e-06
20365340 1.7907435591602017e-06
20418933 1.7547632691905513e-06
20472526 1.7195065455943848e-06
20526119 1.684958810477255e-06
20579712 1.6511057815415953e-06
20633305 1.6179334645372023e-06
20686898 1.5854281484872779e-06
20740491 1.5535763988605567e-06
20794084 1.5223650543516598e-06
20847677 1.4917812172776657e-06
20901270 1.4618122530229982e-06
20954863 1.4324457801584423e-06
21008456 1.4036696683872307e-06
21062049 1.375472032383307e-06
21115642 1.3478412259626538e-06
21169235 1.3207658398073363e-06
21222828 1.2942346932498516e-06
21276421 1.268236832163705e-06
21330014 1.2427615230237166e-06
21383607 1.2177982492977968e-06
21437200 1.1933367068950318e-06
21490793 1.1693667986700795e-06
21544386 1.145878632313746e-06
21597979 1.122862514413292e-06
21651572 1.100308947066253e-06
21705165 1.0782086242167033e-06
21758758 1.056552427103341e-06
21812351 1.035331422039043e-06
21865944 1.0145368532499255e-06
21919537 9.941601429863667e-07
21973130 9.74192886415981e-07
22026723 9.546268480709053e-07
22080316 9.354539581840626e-07
22133909 9.166663090254268e-07
22187502 8.982561534587319e-07
22241095 8.802158996124021e-07
22294688 8.625381086591055e-07
22348281 8.452154925953081e-07
22401874 8.282409086901588e-07
22455467 8.116073585973105e-07
22509060 7.953079859679413e-07
22562653 7.793360710661723e-07
22616246 7.636850309356014e-07
22669839 7.483484134596097e-07
22723432 7.333198979719846e-07
22777025 7.185932904274495e-07
22830618 7.041625215697955e-07
22884211 6.900216437122353e-07
22937804 6.761648305153578e-07
22991397 6.62586371213969e-07
23044990 6.492806708946475e-07
23098583 6.362422473316087e-07
23152176 6.234657278780809e-07
23205769 6.109458485781261e-07
23259362 5.986774517796611e-07
23312955 5.866554821376546e-07
23366548 5.748749882239501e-07
23420141 5.633311168096178e-07
23473734 5.520191114216644e-07
23527327 5.409343137863232e-07
23580920 5.300721577783385e-07
23634513 5.194281686438096e-07
23688106 5.089979629446795e-07
23741699 4.987772443953986e-07
23795292 4.887618043070141e-07
23848885 4.78947516924233e-07
23902478 4.6933034097973447e-07
23956071 4.599063160859451e-07
24009664 4.50671560958682e-07
24063257 4.4162227275101884e-07
24116850 4.3275472527692926e-07
24170443 4.2406526690186297e-07
24224036 4.155503200431454e-07
24277629 4.072063781723756e-07
24331222 3.9903000603747074e-07
24384815 3.9101783677608637e-07
24438408 3.831665720266386e-07
24492001 3.754729789307021e-07
24545594 3.679338900219875e-07
24599187 3.6054620167202955e-07
24652780 3.533068725913857e-07
24706373 3.4621292216430177e-07
24759966 3.3926143017115606e-07
24813559 3.3244953429045765e-07
24867152 3.2577443187520316e-07
24920745 3.192333735690944e-07
24974338 3.128236676919194e-07
25027931 3.065426759096823e-07
25081524 3.003878121243808e-07
25135117 2.943565430291173e-07
25188710 2.8844638677583134e-07
25242303 2.8265490981116415e-07
25295896 2.769797287638376e-07
25349489 2.7141850794665245e-07
25403082 2.659689583017766e-07
25456675 2.606288370676779e-07
25510268 2.5539594561418966e-07
25563861 2.5026813099682244e-07
25617454 2.4524328323671796e-07
25671047 2.403193337108256e-07
25724640 2.3549425565150273e-07
25778233 2.3076606431304825e-07
25831826 2.2613281269734387e-07
25885419 2.2159259449594515e-07
25939012 2.1714354231372468e-07
25992605 2.1278382378309146e-07
26046198 2.0851164506119346e-07
26099791 2.043252491090719e-07
26153384 2.0022291208343646e-07
26206977 1.9620294605671162e-07
26260570 1.92263697629258e-07
26314163 1.8840354498728118e-07
26367756 1.84620899790211e-07
26421349 1.8091420583843387e-07
26474942 1.7728193779653623e-07
26528535 1.7372260063819311e-07
26582128 1.7023473058985772e-07
26635721 1.6681689135600308e-07
26689314 1.6346767772734694e-07
26742907 1.6018571158404882e-07
26796500 1.569696416181543e-07
26850093 1.538181452764853e-07
26903686 1.5072992548548214e-07
26957279 1.4770371181693775e-07
27010872 1.4473825948879693e-07
27064465 1.4183234731124372e-07
27118058 1.3898478068430364e-07
27171651 1.361943875455296e-07
27225244 1.334600200353364e-07
27278837 1.307805533312667e-07
27332430 1.2815488470430125e-07
27386023 1.2558193374090365e-07
27439616 1.2306064267608718e-07
27493209 1.2058997295172347e-07
27546802 1.1816890871374497e-07
27600395 1.1579645470272126e-07
27653988 1.1347163336727917e-07
27707581 1.1119348886090563e-07
27761174 1.0896108454394593e-07
27814767 1.0677350159582488e-07
27868360 1.0462983934811376e-07
27921953 1.0252921694986483e-07
27975546 1.0047076937080845e-07
28029139 9.845365045446641e-08
28082732 9.647703014259434e-08
28136325 9.454009497478211e-08
28189918 9.264204853254299e-08
28243511 9.07821091633565e-08
28297104 8.895951375542666e-08
28350697 8.717350968856508e-08
28404290 8.54233637714863e-08
28457883 8.370835635762575e-08
28511476 8.202778145616207e-08
28565069 8.038094723161748e-08
28618662 7.876717739163652e-08
28672255 7.718580685711629e-08
28725848 7.563618581452047e-08
28779441 7.411767644072143e-08
28833034 7.262965429077894e-08
28886627 7.11715071322061e-08
28940220 6.974263516701384e-08
28993813 6.834245075415524e-08
29047406 6.697037774339165e-08
29100999 6.562585158631506e-08
29154592 6.430831961390382e-08
29208185 6.301723903812118e-08
29261778 6.175208000502863e-08
29315371 6.051232076531576e-08
29368964 5.9297452448259236e-08
29422557 5.8106974731853e-08
29476150 5.694039750814284e-08
29529743 5.5797241438337863e-08
29583336 5.467703667605406e-08
29636929 5.3579321646068934e-08
29690522 5.250364498721183e-08
29744115 5.1449565052763546e-08
29797708 5.041664730143225e-08
29851301 4.940446668433296e-08
29904894 4.8412607422942955e-08
29958487 4.744066139927838e-08
30012080 4.6488228655494623e-08
30065673 4.5554918226553553e-08
30119266 4.464034453199872e-08
30172859 4.374413303809277e-08
30226452 4.28659141515908e-08
30280045 4.200532705000981e-08
30333638 4.1162017128115735e-08
30387231 4.033563827388065e-08
30440824 3.952585014843635e-08
30494417 3.873231979589775e-08
30548010 3.795472086620677e-08
30601603 3.7192733337576556e-08
30655196 3.64460436275138e-08
30708789 3.57143447593522e-08
30762382 3.499733602918553e-08
30815975 3.429472211768925e-08
30869568 3.36062146444327e-08
30923161 3.293152955885503e-08
30976754 3.2270389638267005e-08
31030347 3.162252315558334e-08
31083940 3.098766337972236e-08
31137533 3.036554957480675e-08
31191126 2.975592588994047e-08
31244719 2.9158540304496938e-08
31298312 2.857314879145534e-08
31351905 2.7999509322196303e-08
31405498 2.7437386806994368e-08
31459091 2.6886549542304294e-08
31512684 2.634677070956215e-08
31566277 2.5817829263363734e-08
31619870 2.52995067118178e-08
31673463 2.4791590280681675e-08
31727056 2.4293870859448674e-08
31780649 2.3806143778504207e-08
31834242 2.3328208309525422e-08
31887835 2.2859867776503506e-08
31941428 2.240093061045556e-08
31995021 2.1951206463644013e-08
32048614 2.1510511538647137e-08
32102207 2.1078663869911196e-08
32155800 2.0655486321352612e-08
32209393 2.024080419937846e-08
32262986 1.983444719577676e-08
32316579 1.9436250275894906e-08
32370172 1.904604823854683e-08
32423765 1.8663679990371662e-08
32477358 1.828898821276681e-08
32530951 1.7921818640243004e-08
32584544 1.7562020504513498e-08
32638137 1.7209445590804506e-08
32691730 1.6863948903989012e-08
32745323 1.652538855756447e-08
32798916 1.619362494098553e-08
32852509 1.5868521829887072e-08
32906102 1.5549945608928084e-08
32959695 1.5237764994235903e-08
33013288 1.4931851755051184e-08
33066881 1.4632080103105238e-08
33120474 1.4338326526086576e-08
33174067 1.4050470453774722e-08
33227660 1.37683934808841e-08
33281253 1.349197925604173e-08
33334846 1.3221114425476799e-08
33388439 1.295568746728648e-08
33442032 1.2695589135525154e-08
33495625 1.2440712626737849e-08
33549218 1.2190953024848739e-08
33602811 1.1946207523205743e-08
33656404 1.170637548009168e-08
33709997 1.1471358474235416e-08
33763590 1.1241059638678053e-08
33817183 1.1015384215884438e-08
33870776 1.0794239335698563e-08
33924369 1.0577534348410467e-08
33977962 1.0365179825555515e-08
34031555 1.0157088614626275e-08
34085148 9.953174950894095e-09
34138741 9.753354957009464e-09
34192334 9.557546698513164e-09
34245927 9.365669573213609e-09
34299520 9.177644477720293e-09
34353113 8.993394084999551e-09
34406706 8.812842677841104e-09
34460299 8.635916315391512e-09
34513892 8.46254172293115e-09
34567485 8.292647679652987e-09
34621078 8.12616457457338e-09
34674671 7.963023740398256e-09
34728264 7.803158064145777e-09
34781857 7.646501987146337e-09
34835450 7.492990838908753e-09
34889043 7.3425616697875284e-09
34942636 7.195152362804436e-09
34996229 7.0507024663157836e-09
35049822 6.909152694412057e-09
35103415 6.770444760384464e-09
35157008 6.6345211546803284e-09
35210601 6.501326699215326e-09
35264194 6.37080604937168e-09
35317787 6.242905747910754e-09
35371380 6.117573336794635e-09
35424973 5.994756913096921e-09
35478566 5.874406239225749e-09
35532159 5.756471577189615e-09
35585752 5.64090474330925e-09
35639345 5.527657997994595e-09
35692938 5.4166847118786166e-09
35746531 5.307939476839607e-09
35800124 5.201377273333918e-09
35853717 5.0969544140855305e-09
35907310 4.994628044485694e-09
35960903 4.894355920548321e-09
36014496 4.796096852999199e-09
36068089 4.69981042972023e-09
36121682 4.6054569602382855e-09
36175275 4.512997975325561e-09
36228868 4.422395005754254e-09
36282461 4.333611025586492e-09
36336054 4.246609452973615e-09
36389647 4.161354372200776e-09
36443240 4.07781131084306e-09
36496833 3.995945130341738e-09
36550426 3.915722579517222e-09
36604019 3.837110518212228e-09
36657612 3.76007674995904e-09
36711205 3.6845894668680046e-09
36764798 3.6106176937167334e-09
36818391 3.5381308993720495e-09
36871984 3.467099329856893e-09
36925577 3.397493897328019e-09
36979170 3.329286013542543e-09
37032763 3.2624472567910345e-09
37086356 3.1969502045647857e-09
37139949 3.132768322533508e-09
37193542 3.0698748543223076e-09
37247135 3.0082440427570134e-09
37300728 2.947850574752664e-09
37354321 2.8886695813135077e-09
37407914 2.8306765820218516e-09
37461507 2.7738479846384223e-09
37515100 2.718160252435098e-09
37568693 2.6635904037952685e-09
37622286 2.610116123236139e-09
37675879 2.5577154838529736e-09
37729472 2.506366947319094e-09
37783065 2.4560490863301254e-09
37836658 2.406741417271263e-09
37890251 2.358423678572308e-09
37943844 2.3110759972411188e-09
37997437 2.2646788333524626e-09
38051030 2.219213146581467e-09
38104623 2.1746601741590155e-09
38158216 2.131001819449807e-09
38211809 2.088219708262784e-09
38265402 2.0462966321410647e-09
38318995 2.005215271605465e-09
38372588 1.9649584737102543e-09
38426181 1.925509973688122e-09
38479774 1.886853395749455e-09
38533367 1.8489730857496056e-09
38586960 1.8118531119881709e-09
38640553 1.7754783199208646e-09
38694146 1.7398337770480055e-09
38747739 1.7049049949591222e-09
38801332 1.6706772631991385e-09
38854925 1.6371367594913977e-09
38908518 1.6042695505369409e-09
38962111 1.5720623136594725e-09
39015704 1.540501504138092e-09
39069297 1.5095745209414702e-09
39122890 1.4792683189490674e-09
39176483 1.4495704081518568e-09
39230076 1.4204689091634748e-09
39283669 1.3919515540194993e-09
39337262 1.3640066853781718e-09
39390855 1.3366230344757923e-09
39444448 1.309788888459451e-09
39498041 1.283493700210414e-09
39551634 1.2577262564761327e-09
39605227 1.2324762321824778e-09
39658820 1.2077329136772619e-09
39712413 1.183486475486717e-09
39766006 1.1597267590701676e-09
39819599 1.1364441054872998e-09
39873192 1.1136289113089504e-09
39926785 1.0912717951505613e-09
39980378 1.069363264605272e-09
40033971 1.047894826466944e-09
40087564 1.026857210373322e-09
40141157 1.0062421451628722e-09
40194750 9.860407490513978e-10
40248343 9.662450284331214e-10
40301936 9.468466566353584e-10
40355529 9.278377510746338e-10
40409122 9.092105401897754e-10
40462715 8.90957307930762e-10
40516308 8.730703382475724e-10
40569901 8.555426367351515e-10
40623494 8.383667648992343e-10
40677087 8.215356728236145e-10
40730680 8.050425326366906e-10
40784273 7.888805719780123e-10
40837866 7.730428519536758e-10
40891459 7.575233773593482e-10
40945052 7.423152648122766e-10
40998645 7.274126301304307e-10
41052238 7.128090340202675e-10
41105831 6.984985922997566e-10
41159424 6.844756428314724e-10
41213017 6.707341348999307e-10
41266610 6.572684618788571e-10
41320203 6.440732391865822e-10
41373796 6.311428601968316e-10
41427389 6.184719958390872e-10
41480982 6.060555945985868e-10
41534575 5.938881608713587e-10
41588168 5.819654202987579e-10
41641761 5.702819327879638e-10
41695354 5.588328133576681e-10
41748947 5.47613787649226e-10
41802540 5.366199151701778e-10
41856133 5.258466995172739e-10
41909726 5.152898108207182e-10
41963319 5.049448081884123e-10
42016912 4.948076393063161e-10
42070505 4.848738077711801e-10
42124098 4.751394833135691e-10
42177691 4.6560055810829226e-10
42231284 4.5625320188591445e-10
42284877 4.4709341784354706e-10
42338470 4.381176532675113e-10
42392063 4.293220778883722e-10
42445656 4.2070280592554354e-10
42499249 4.1225695079916136e-10
42552842 4.0398046019518574e-10
42606435 3.958701699779965e-10
42660028 3.8792269396736856e-10
42713621 3.8013475700537924e-10
42767214 3.7250313944525715e-10
42820807 3.650248436848358e-10
42874400 3.5769648354389005e-10
42927993 3.5051539448716085e-10
42981586 3.434784678901792e-10
43035179 3.365827616619299e-10
43088772 3.298256112671538e-10
43142365 3.2320396359253323e-10
43195958 3.1671537614741396e-10
43249551 3.1035701786308323e-10
43303144 3.0412611318197946e-10
43356737 2.9802066370265834e-10
43410330 2.9203744977834845e-10
43463923 2.8617463954105915e-10
43517516 2.804292908997752e-10
43571109 2.747994609642035e-10
43624702 2.6928254071023616e-10
43678295 2.638765317364289e-10
43731888 2.585788250186738e-10
43785481 2.5338758868898026e-10
43839074 2.4830049127899656e-10
43892667 2.4331581194303453e-10
43946260 2.384308861458351e-10
43999853 2.3364421508631494e-10
44053446 2.289535783184249e-10
44107039 2.2435697744072058e-10
44160632 2.1985291365211879e-10
44214225 2.1543916650657025e-10
44267818 2.111140151583868e-10
44321411 2.068756277395778e-10
44375004 2.0272250544906e-10
44428597 1.9865248335193542e-10
44482190 1.9466439571402816e-10
44535783 1.9075635515619638e-10
44589376 1.8692669634390313e-10
44642969 1.831739759872164e-10
44696562 1.794965842627505e-10
44750155 1.7589296685827094e-10
44803748 1.7236179150614817e-10
44857341 1.6890128184954278e-10
44910934 1.655105497100351e-10
44964527 1.6218787424193692e-10
45018120 1.589317011330138e-10
45071713 1.5574097567139233e-10
45125306 1.5261431007829174e-10
45178899 1.4955053861953616e-10
45232492 1.4654816249404234e-10
45286085 1.4360590494533199e-10
45339678 1.4072304432843907e-10
45393271 1.3789785979767544e-10
45446864 1.3512924113001645e-10
45500457 1.3241652219164735e-10
45554050 1.297580931591824e-10
45607643 1.271530103430507e-10
45661236 1.24600496587135e-10
45714829 1.220989420680496e-10
45768422 1.1964751411852603e-10
45822015 1.172457131382032e-10
45875608 1.1489170725909048e-10
45929201 1.1258527443658295e-10
45982794 1.1032486035844613e-10
46036387 1.0811013195777264e-10
46089980 1.0593959043347922e-10
46143573 1.0381284720750728e-10
46197166 1.0172862552337847e-10
46250759 9.968631475842926e-11
46304352 9.768497122308872e-11
46357945 9.572376225008838e-11
46411538 9.380218823906716e-11
46465131 9.19190834558492e-11
46518724 9.007355972201481e-11
46572317 8.826528397065658e-11
46625910 8.649325700105237e-11
46679503 8.475686819053863e-11
46733096 8.305528487184688e-11
46786689 8.138784091116236e-11
46840282 7.975392568582151e-11
46893875 7.815270652855588e-11
46947468 7.658379486130684e-11
47001061 7.50463025056547e-11
47054654 7.353967435008713e-11
47108247 7.206329977194059e-11
47161840 7.061651263740032e-11
47215433 6.919870232380276e-11
47269026 6.7809646786543e-11
47322619 6.64484023360501e-11
47376212 6.511424732735804e-11
47429805 6.380701522701315e-11
47483398 6.252603990120065e-11
47536991 6.127076623840821e-11
47590584 6.004069463827477e-11
47644177 5.883526998928801e-11
47697770 5.7654103713389304e-11
47751363 5.6496585187915116e-11
47804956 5.5362381345958056e-11
47858549 5.4251048098308274e-11
47912142 5.3161863799999765e-11
47965735 5.20946064064276e-11
48019328 5.104872080607947e-11
48072921 5.002381842089676e-11
48126514 4.9019677206274537e-11
48180107 4.8035520006095567e-11
48233700 4.7071180286906156e-11
48287293 4.612610293719399e-11
48340886 4.520001040120292e-11
48394479 4.429268063432801e-11
48448072 4.340344750275449e-11
48501665 4.25320334507262e-11
48555258 4.1678160922486995e-11
48608851 4.084149685112948e-11
48662444 4.0021486125141337e-11
48716037 3.921796221106888e-11
48769630 3.843070306430718e-11
48823223 3.765915357334393e-11
48876816 3.69030916935742e-11
48930409 3.616229538039306e-11
48984002 3.543632054459067e-11
49037595 3.47249451415621e-11
49091188 3.402766957094627e-11
49144781 3.334477138849934e-11
49198374 3.267525139349914e-11
49251967 3.20191650970969e-11
49305560 3.1376345965838937e-11
49359153 3.074640542166662e-11
49412746 3.012917693112627e-11
49466339 2.952427191615925e-11
49519932 2.893157935446311e-11
49573525 2.835071066797923e-11
49627118 2.7781776879010067e-11
49680711 2.7223778786833464e-11
49734304 2.667732701411296e-11
49787897 2.6141755427033786e-11
49841490 2.5616841980991012e-11
49895083 2.510264218713587e-11
49948676 2.4598767467409743e-11
50002269 2.4104884754905243e-11
50055862 2.3620772005017443e-11
50109455 2.3146817795804964e-11
50163048 2.2682022926545642e-11
50216641 2.222655393069317e-11
50270234 2.1780466319398784e-11
50323827 2.1343260492301397e-11
50377420 2.0914603382493624e-11
50431013 2.049466152342916e-11
50484606 2.008337940395677e-11
50538199 1.967997986795922e-11
50591792 1.928507353810005e-11
50645385 1.8898105302866952e-11
50698978 1.851846453959638e-11
50752571 1.8146706359800646e-11
50806164 1.7782442185421132e-11
50859757 1.7425394460701682e-11
50913350 1.7075507674491064e-11
50966943 1.6732781826789278e-11
51020536 1.6396717317235243e-11
51074129 1.6067702723887578e-11
51127722 1.5745016401780276e-11
51181315 1.5428991417820725e-11
51234908 1.5119239193950307e-11
51288501 1.4815926263622714e-11
51342094 1.4518497515325635e-11
51395687 1.4226786415605375e-11
51449280 1.3941126031369322e-11
51502873 1.3661294318012551e-11
51556466 1.3387069230930138e-11
51610059 1.3118228725517156e-11
51663652 1.2854717290622375e-11
51717245 1.2596979015455645e-11
51770838 1.234384816584111e-11
51824431 1.2096101897896006e-11
51878024 1.1853296122410484e-11
51931617 1.1615375328233313e-11
51985210 1.138222849306203e-11
52038803 1.1153578061140479e-11
52092396 1.0929701588224816e-11
52145989 1.0710210496256423e-11
52199582 1.0495215807537761e-11
52253175 1.0284606499766369e-11
52306768 1.0078160528337321e-11
52360361 9.875766870948155e-12
52413954 9.677647572203796e-12
52467547 9.4831920094407e-12
52521140 9.292733249566254e-12
52574733 9.106548848336615e-12
52628326 8.923473071575927e-12
52681919 8.744338586552658e-12
52735512 8.56881232635942e-12
52789105 8.396727757542521e-12
52842698 8.228140391253191e-12
52896291 8.0629947163402e-12
52949884 7.901013177047389e-12
53003477 7.742362306828454e-12
53057070 7.587042105683395e-12
53110663 7.434775017856055e-12
53164256 7.285672065648896e-12
53217849 7.1393446710033e-12
53271442 6.9961814119778865e-12
53325035 6.855516154757879e-12
53378628 6.71784849970436e-12
53432221 6.583067424514866e-12
53485814 6.450895373433241e-12
53539407 6.321498879913179e-12
53593000 6.194378343593598e-12
53646593 6.070144387138043e-12
53700186 5.94818638788297e-12
53753779 5.828781901584534e-12
53807372 5.7117088836378116e-12
53860965 5.596967334042802e-12
53914558 5.484668275101967e-12
53968151 5.37492272911777e-12
54021744 5.266620473065586e-12
54075337 5.16087172997004e-12
54128930 5.0573989440749756e-12
54182523 4.955869048473005e-12
54236116 4.8562820431641285e-12
54289709 4.7589709950557335e-12
54343302 4.663269770333045e-12
54396895 4.5697334805083756e-12
54450488 4.477973547523106e-12
54504081 4.387934460226006e-12
54557674 4.3001713301293876e-12
54611267 4.213684956511088e-12
54664860 4.128863917429726e-12
54718453 4.0460967909439205e-12
54772046 3.964772954390128e-12
54825639 3.8852809858269666e-12
54879232 3.807287818347049e-12
54932825 3.730848963101607e-12
54986418 3.656297486998028e-12
55040011 3.58268970046538e-12
55093604 3.5108582707721325e-12
55147197 3.4401925752547413e-12
55200790 3.3711367031230566e-12
55254383 3.303579632074616e-12
55307976 3.2371882952020314e-12
55361569 3.172073714807766e-12
55415162 3.1084024243455133e-12
55468755 3.0459523792103482e-12
55522348 2.9850566463096584e-12
55575941 2.924938069526206e-12
55629534 2.866151760372304e-12
55683127 2.8089752746041086e-12
55736720 2.7523539003482256e-12
55790313 2.6970092825706615e-12
55843906 2.642885910120185e-12
55897499 2.5901503164504902e-12
55951092 2.5380808565955704e-12
56004685 2.486955086311582e-12
56058278 2.437050561354681e-12
56111871 2.3883117705736367e-12
56165464 2.3400170690024424e-12
56219057 2.2932766796657233e-12
56272650 2.2469803795388543e-12
56326243 2.2019608358903042e-12
56379836 2.1577184483589917e-12
56433429 2.114308728096148e-12
56487022 2.072120253160392e-12
56540615 2.0304868897369488e-12
56594208 1.989630682430743e-12
56647801 1.9497181646954687e-12
56701394 1.9104717807749694e-12
56754987 1.8723356198790952e-12
56808580 1.834643548193071e-12
56862173 1.797784143775516e-12
56915766 1.7619239400801234e-12
56969359 1.726285780989656e-12
57022952 1.691646822621351e-12
57076545 1.6576739980678212e-12
57130138 1.624478329631529e-12
57183731 1.5920598173124745e-12
57237324 1.5599743719008075e-12
57290917 1.5289991495137656e-12
57344510 1.4979129048242612e-12
57398103 1.4678258608569195e-12
57451696 1.4385159730068153e-12
57505289 1.40959466321533e-12
57558882 1.3810619314824635e-12
57612475 1.353417378169297e-12
57666068 1.326494469822137e-12
57719661 1.2996270726262082e-12
57773254 1.273536831547517e-12
57826847 1.247890679678676e-12
57880440 1.223132706229535e-12
57934033 1.198596777385319e-12
57987626 1.174282893146028e-12
58041219 1.1508571873264373e-12
58094812 1.127764548414234e-12
58148405 1.104949465258187e-12
58201998 1.0829115382193777e-12
58255591 1.0609846334830308e-12
58309184 1.0398903960151529e-12
58362777 1.0190737143034312e-12
58416370 9.984790771966345e-13
58469963 9.784395516021505e-13
58523556 9.587886040662852e-13
58577149 9.4002583495012e-13
58630742 9.207079543216423e-13
58684335 9.021672298104022e-13
58737928 8.841261056602434e-13
58791521 8.664180484174722e-13
58845114 8.492095915357822e-13
58898707 8.318901123516298e-13
58952300 8.15347789284715e-13
59005893 7.990275108227252e-13
59059486 7.828182546631979e-13
59113079 7.669975765622894e-13
59166672 7.519540545786185e-13
59220265 7.365219545363288e-13
59273858 7.218114994600455e-13
59327451 7.074341112911497e-13
59381044 6.932232565759477e-13
59434637 6.792344464656708e-13
59488230 6.655787032627813e-13
59541823 6.523115381185107e-13
59595416 6.392664175791651e-13
59649009 6.262768081910508e-13
59702602 6.137867991640178e-13
59756195 6.014633235906786e-13
59809788 5.893063814710331e-13
59863381 5.775380174100064e-13
59916974 5.658806756514423e-13
59970567 5.545564008002657e-13
60024160 5.435651928564766e-13
60077753 5.324629626102251e-13
60131346 5.220268661787486e-13
60184939 5.113687251423471e-13
60238532 5.013767179207207e-13
60292125 4.909406214892442e-13
60345718 4.812816811750054e-13
60399311 4.717892743144603e-13
60452904 4.620748228489902e-13
60506497 4.5285997174460135e-13
60560090 4.4375614294267507e-13
60613683 4.3498538104813633e-13
60667276 4.2615910800236634e-13
60720869 4.1744385725905886e-13
60774462 4.092282068768327e-13
60828055 4.0101255649460654e-13
60881648 3.930189507173054e-13
60935241 3.848588114863105e-13
60988834 3.7719827261639693e-13
61042427 3.695932448977146e-13
61096020 3.624878175401136e-13
61149613 3.549938121238938e-13
61203206 3.4772185131259903e-13
61256799 3.4083846855992306e-13
61310392 3.3401059695847835e-13
61363985 3.2729374765949615e-13
61417578 3.2068792066297647e-13
61471171 3.143041382713818e-13
61524764 3.080313781822497e-13
61578357 3.0186964039558006e-13
61631950 2.957634137601417e-13
61685543 2.899902540320909e-13
61739136 2.8410607200157756e-13
61792729 2.782774011222955e-13
61846322 2.7267077484793845e-13
61899915 2.673417043297377e-13
61953508 2.6201263381153694e-13
62007101 2.567945855957987e-13
62060694 2.5146551507759796e-13
62114287 2.4635848916432224e-13
62167880 2.414179967047403e-13
62221473 2.3669954885008337e-13
62275066 2.319255898441952e-13
62328659 2.2720714198953829e-13
62382252 2.227107387398064e-13
62435845 2.1826984664130578e-13
62489438 2.1382895454280515e-13
62543031 2.0961010704922955e-13
62596624 2.0550228185811648e-13
62650217 2.013944566670034e-13
62703810 1.9728663147589032e-13
62757403 1.9328982858723975e-13
62810996 1.8923751454735793e-13
62864589 1.854627562636324e-13
62918182 1.8185453143360064e-13
62971775 1.7813528430110637e-13
63025368 1.745270594710746e-13
63078961 1.7141843500212417e-13
63132554 1.6786572132332367e-13
63186147 1.6442402994698568e-13
63239740 1.609823385706477e-13
63293333 1.5776269179923474e-13
63346926 1.5459855617905305e-13
63400519 1.5154544286133387e-13
63454112 1.4838130724115217e-13
63507705 1.4577228313328305e-13
63561298 1.425526363618701e-13
63614891 1.397770788003072e-13
63668484 1.3722356584366935e-13
63722077 1.3422596367718143e-13
63775670 1.3133938381315602e-13
63829263 1.287303597052869e-13
63882856 1.2639889135357407e-13
63936449 1.2378986724570495e-13
63990042 1.212363542890671e-13
64043635 1.1879386363489175e-13
64097228 1.1646239528317892e-13
64150821 1.1407541578023483e-13
64204414 1.1196599203344704e-13
64258007 1.0957901253050295e-13
64311600 1.0730305533002138e-13
64365193 1.053046538856961e-13
64418786 1.0336176359260207e-13
64472379 1.0103029524088925e-13
64525972 9.89763826453327e-14
64579565 9.703349235223868e-14
64633158 9.50350909079134e-14
64686751 9.325873406851315e-14
64740344 9.159339953157541e-14
64793937 8.948397578478762e-14
64847530 8.781864124784988e-14
64901123 8.593126210598712e-14
64954716 8.415490526658687e-14
65008309 8.260059303211165e-14
65061902 8.076872504148014e-14
65115495 7.943645741192995e-14
65169088 7.771561172376096e-14
65222681 7.616129948928574e-14
65276274 7.444045380111675e-14
65329867 7.327471962526033e-14
65383460 7.166489623955385e-14
65437053 7.011058400507864e-14
65490646 6.872280522429719e-14
65544239 6.750155989720952e-14
65597832 6.611378111642807e-14
65651425 6.467049118441537e-14
65705018 6.339373470609644e-14
65758611 6.211697822777751e-14
65812204 6.09512440519211e-14
65865797 5.96189764223709e-14
65919390 5.850875339774575e-14
65972983 5.739853037312059e-14
66026576 5.617728504603292e-14
66080169 5.5067062021407764e-14
66133762 5.4067861299245124e-14
66187355 5.295763827461997e-14
66240948 5.1736392947532295e-14
66294541 5.079270337660091e-14
66348134 4.979350265443827e-14
66401727 4.8683279629813114e-14
66455320 4.796163466380676e-14
66508913 4.701794509287538e-14
66562506 4.574118861455645e-14
66616099 4.496403249731884e-14
66669692 4.4020342926387457e-14
66723285 4.335420911161236e-14
66776878 4.235500838944972e-14
66830471 4.1522341120980855e-14
66884064 4.068967385251199e-14
66937657 3.985700658404312e-14
66991250 3.9190872769268026e-14
67044843 3.8413716652030416e-14
67098436 3.7414515929867775e-14
67152029 3.6637359812630166e-14
67205622 3.5915714846623814e-14
67259215 3.552713678800501e-14
67312808 3.4638958368304884e-14
67366401 3.4083846855992306e-14
67419994 3.3306690738754696e-14
67473587 3.26405569239796e-14
67527180 3.219646771412954e-14
67580773 3.1252778143198157e-14
67634366 3.058664432842306e-14
67687959 3.0309088572266774e-14
67741552 2.9531932455029164e-14
67795145 2.886579864025407e-14
67848738 2.8310687127941492e-14
67902331 2.7755575615628914e-14
67955924 2.7200464103316335e-14
68009517 2.6645352591003757e-14
68063110 2.609024107869118e-14
68116703 2.55351295663786e-14
68170296 2.531308496145357e-14
68223889 2.453592884421596e-14
68277482 2.403632848313464e-14
68331075 2.3814283878209608e-14
68384668 2.353672812205332e-14
68438261 2.2870594307278225e-14
68491854 2.220446049250313e-14
68545447 2.19824158875781e-14
68599040 2.1316282072803006e-14
68652633 2.1094237467877974e-14
68706226 2.0650148258027912e-14
68759819 2.042810365310288e-14
68813412 1.9984014443252818e-14
68867005 1.9539925233402755e-14
68920598 1.9095836023552692e-14
68974191 1.8984813721090177e-14
69027784 1.9539925233402755e-14
69081377 1.7985612998927536e-14
69134970 1.7763568394002505e-14
69188563 1.7319479184152442e-14
69242156 1.709743457922741e-14
69295749 1.6431300764452317e-14
69349342 1.687538997430238e-14
69402935 1.609823385706477e-14
69456528 1.5987211554602254e-14
69510121 1.5987211554602254e-14
69563714 1.554312234475219e-14
69617307 1.554312234475219e-14
69670900 1.4654943925052066e-14
69724493 1.4210854715202004e-14
69778086 1.4210854715202004e-14
69831679 1.4210854715202004e-14
69885272 1.3766765505351941e-14
69938865 1.4210854715202004e-14
69992458 1.3766765505351941e-14
70046051 1.2878587085651816e-14
70099644 1.3322676295501878e-14
70153237 1.2434497875801753e-14
70206830 1.3322676295501878e-14
70260423 1.2434497875801753e-14
70314016 1.2434497875801753e-14
70367609 1.2434497875801753e-14
70421202 1.2434497875801753e-14
70474795 1.1546319456101628e-14
70528388 1.2434497875801753e-14
70581981 1.2434497875801753e-14
70635574 1.2434497875801753e-14
70689167 1.2434497875801753e-14
70742760 1.2434497875801753e-14
70796353 1.0658141036401503e-14
70849946 1.0658141036401503e-14
70903539 1.021405182655144e-14
70957132 1.0658141036401503e-14
71010725 1.021405182655144e-14
71064318 9.769962616701378e-15
71117911 9.769962616701378e-15
71171504 1.0658141036401503e-14
71225097 1.0658141036401503e-14
71278690 1.0658141036401503e-14
71332283 1.0658141036401503e-14
71385876 9.769962616701378e-15
71439469 9.769962616701378e-15
71493062 1.0658141036401503e-14
71546655 9.769962616701378e-15
71600248 1.0658141036401503e-14
71653841 1.0658141036401503e-14
71707434 8.881784197001252e-15
71761027 1.0658141036401503e-14
71814620 8.881784197001252e-15
71868213 8.881784197001252e-15
71921806 8.881784197001252e-15
71975399 8.881784197001252e-15
72028992 7.993605777301127e-15
72082585 1.0658141036401503e-14
72136178 8.881784197001252e-15
72189771 1.0658141036401503e-14
72243364 8.881784197001252e-15
72296957 8.881784197001252e-15
72350550 1.0658141036401503e-14
72404143 8.881784197001252e-15
72457736 8.881784197001252e-15
72511329 8.881784197001252e-15
72564922 8.881784197001252e-15
72618515 8.881784197001252e-15
72672108 8.881784197001252e-15
72725701 8.881784197001252e-15
72779294 8.881784197001252e-15
72832887 8.881784197001252e-15
72886480 1.0658141036401503e-14
72940073 8.881784197001252e-15
72993666 1.0658141036401503e-14
73047259 8.881784197001252e-15
73100852 8.881784197001252e-15
73154445 8.881784197001252e-15
73208038 9.769962616701378e-15
73261631 8.881784197001252e-15
73315224 1.0658141036401503e-14
73368817 8.881784197001252e-15
73422410 1.0658141036401503e-14
73476003 1.0658141036401503e-14
73529596 1.0658141036401503e-14
73583189 8.881784197001252e-15
73636782 7.105427357601002e-15
73690375 8.881784197001252e-15
73743968 8.881784197001252e-15
73797561 8.881784197001252e-15
73851154 8.881784197001252e-15
73904747 8.881784197001252e-15
73958340 1.0658141036401503e-14
74011933 7.105427357601002e-15
74065526 1.0658141036401503e-14
74119119 8.881784197001252e-15
74172712 8.881784197001252e-15
74226305 8.881784197001252e-15
74279898 8.881784197001252e-15
74333491 8.881784197001252e-15
74387084 8.881784197001252e-15
74440677 7.105427357601002e-15
74494270 8.881784197001252e-15
74547863 1.0658141036401503e-14
74601456 8.881784197001252e-15
74655049 8.881784197001252e-15
74708642 8.881784197001252e-15
74762235 7.105427357601002e-15
74815828 7.105427357601002e-15
74869421 8.881784197001252e-15
74923014 8.881784197001252e-15
74976607 8.881784197001252e-15
75030200 8.881784197001252e-15
75083793 8.881784197001252e-15
75137386 7.105427357601002e-15
75190979 8.881784197001252e-15
75244572 7.105427357601002e-15
75298165 7.105427357601002e-15
75351758 7.105427357601002e-15
75405351 1.0658141036401503e-14
75458944 7.105427357601002e-15
75512537 8.881784197001252e-15
75566130 8.881784197001252e-15
75619723 7.105427357601002e-15
75673316 7.993605777301127e-15
75726909 8.881784197001252e-15
75780502 8.881784197001252e-15
75834095 7.105427357601002e-15
75887688 7.105427357601002e-15
75941281 8.881784197001252e-15
75994874 7.105427357601002e-15
76048467 7.105427357601002e-15
76102060 7.105427357601002e-15
76155653 8.881784197001252e-15
76209246 8.881784197001252e-15
76262839 8.881784197001252e-15
76316432 8.881784197001252e-15
76370025 7.105427357601002e-15
76423618 7.105427357601002e-15
76477211 7.105427357601002e-15
76530804 8.881784197001252e-15
76584397 7.105427357601002e-15
76637990 8.881784197001252e-15
76691583 8.881784197001252e-15
76745176 1.0658141036401503e-14
76798769 1.0658141036401503e-14
76852362 7.105427357601002e-15
76905955 7.105427357601002e-15
76959548 7.105427357601002e-15
77013141 7.105427357601002e-15
77066734 7.105427357601002e-15
77120327 8.881784197001252e-15
77173920 7.105427357601002e-15
77227513 7.105427357601002e-15
77281106 7.105427357601002e-15
77334699 7.105427357601002e-15
77388292 7.105427357601002e-15
77441885 8.881784197001252e-15
77495478 8.881784197001252e-15
77549071 8.881784197001252e-15
77602664 7.105427357601002e-15
77656257 8.881784197001252e-15
77709850 8.881784197001252e-15
77763443 7.105427357601002e-15
77817036 7.105427357601002e-15
77870629 7.105427357601002e-15
77924222 7.105427357601002e-15
77977815 7.105427357601002e-15
78031408 7.105427357601002e-15
78085001 7.105427357601002e-15
78138594 8.881784197001252e-15
78192187 8.881784197001252e-15
78245780 8.881784197001252e-15
78299373 7.105427357601002e-15
78352966 7.105427357601002e-15
78406559 7.105427357601002e-15
78460152 8.881784197001252e-15
78513745 7.105427357601002e-15
78567338 8.881784197001252e-15
78620931 6.217248937900877e-15
78674524 7.105427357601002e-15
78728117 7.105427357601002e-15
78781710 7.993605777301127e-15
78835303 7.105427357601002e-15
78888896 7.105427357601002e-15
78942489 7.105427357601002e-15
78996082 7.105427357601002e-15
79049675 7.105427357601002e-15
79103268 8.881784197001252e-15
79156861 7.105427357601002e-15
79210454 7.105427357601002e-15
79264047 7.105427357601002e-15
79317640 7.105427357601002e-15
79371233 8.881784197001252e-15
79424826 7.105427357601002e-15
79478419 7.105427357601002e-15
79532012 7.105427357601002e-15
79585605 8.881784197001252e-15
79639198 7.105427357601002e-15
79692791 7.105427357601002e-15
79746384 7.105427357601002e-15
79799977 7.105427357601002e-15
79853570 8.881784197001252e-15
79907163 7.105427357601002e-15
79960756 7.105427357601002e-15
80014349 7.105427357601002e-15
80067942 7.105427357601002e-15
80121535 7.105427357601002e-15
80175128 7.105427357601002e-15
80228721 5.329070518200751e-15
80282314 7.105427357601002e-15
80335907 7.105427357601002e-15
80389500 7.105427357601002e-15
80443093 7.105427357601002e-15
80496686 5.329070518200751e-15
80550279 7.105427357601002e-15
80603872 7.105427357601002e-15
80657465 7.105427357601002e-15
80711058 7.105427357601002e-15
80764651 7.105427357601002e-15
80818244 5.329070518200751e-15
80871837 7.105427357601002e-15
80925430 5.329070518200751e-15
80979023 5.329070518200751e-15
81032616 7.105427357601002e-15
81086209 7.105427357601002e-15
81139802 6.217248937900877e-15
81193395 6.217248937900877e-15
81246988 7.105427357601002e-15
81300581 5.329070518200751e-15
81354174 5.329070518200751e-15
81407767 5.329070518200751e-15
81461360 5.329070518200751e-15
81514953 5.329070518200751e-15
81568546 5.329070518200751e-15
81622139 5.329070518200751e-15
81675732 5.329070518200751e-15
81729325 5.329070518200751e-15
81782918 5.329070518200751e-15
81836511 5.329070518200751e-15
81890104 7.105427357601002e-15
81943697 5.329070518200751e-15
81997290 5.329070518200751e-15
82050883 5.329070518200751e-15
82104476 5.329070518200751e-15
82158069 5.329070518200751e-15
82211662 7.105427357601002e-15
82265255 5.329070518200751e-15
82318848 5.329070518200751e-15
82372441 7.105427357601002e-15
82426034 5.329070518200751e-15
82479627 7.105427357601002e-15
82533220 6.217248937900877e-15
82586813 5.329070518200751e-15
82640406 5.329070518200751e-15
82693999 5.329070518200751e-15
82747592 7.105427357601002e-15
82801185 5.329070518200751e-15
82854778 5.329070518200751e-15
82908371 5.329070518200751e-15
82961964 5.329070518200751e-15
83015557 5.329070518200751e-15
83069150 5.329070518200751e-15
83122743 5.329070518200751e-15
83176336 5.329070518200751e-15
83229929 5.329070518200751e-15
83283522 5.329070518200751e-15
83337115 7.105427357601002e-15
83390708 5.329070518200751e-15
83444301 5.329070518200751e-15
83497894 5.329070518200751e-15
83551487 5.329070518200751e-15
83605080 5.329070518200751e-15
83658673 5.329070518200751e-15
83712266 5.329070518200751e-15
83765859 5.329070518200751e-15
83819452 5.329070518200751e-15
83873045 5.329070518200751e-15
83926638 5.329070518200751e-15
83980231 5.329070518200751e-15
84033824 5.329070518200751e-15
84087417 5.329070518200751e-15
84141010 5.329070518200751e-15
84194603 7.105427357601002e-15
84248196 5.329070518200751e-15
84301789 5.329070518200751e-15
84355382 5.329070518200751e-15
84408975 5.329070518200751e-15
84462568 5.329070518200751e-15
84516161 5.329070518200751e-15
84569754 5.329070518200751e-15
84623347 5.329070518200751e-15
84676940 5.329070518200751e-15
84730533 5.329070518200751e-15
84784126 5.329070518200751e-15
84837719 5.329070518200751e-15
84891312 5.329070518200751e-15
84944905 5.329070518200751e-15
84998498 5.329070518200751e-15
85052091 7.105427357601002e-15
85105684 5.329070518200751e-15
85159277 5.329070518200751e-15
85212870 5.329070518200751e-15
85266463 5.329070518200751e-15
85320056 5.329070518200751e-15
85373649 5.329070518200751e-15
85427242 5.329070518200751e-15
85480835 5.329070518200751e-15
85534428 5.329070518200751e-15
85588021 5.329070518200751e-15
85641614 5.329070518200751e-15
85695207 5.329070518200751e-15
85748800 5.329070518200751e-15
85802393 5.329070518200751e-15
85855986 5.329070518200751e-15
85909579 7.105427357601002e-15
85963172 5.329070518200751e-15
86016765 5.329070518200751e-15
86070358 5.329070518200751e-15
86123951 5.329070518200751e-15
86177544 5.329070518200751e-15
86231137 5.329070518200751e-15
86284730 5.329070518200751e-15
86338323 5.329070518200751e-15
86391916 5.329070518200751e-15
86445509 5.329070518200751e-15
86499102 5.329070518200751e-15
86552695 5.329070518200751e-15
86606288 5.329070518200751e-15
86659881 5.329070518200751e-15
86713474 5.329070518200751e-15
86767067 7.105427357601002e-15
86820660 5.329070518200751e-15
86874253 5.329070518200751e-15
86927846 5.329070518200751e-15
86981439 5.329070518200751e-15
87035032 5.329070518200751e-15
87088625 5.329070518200751e-15
87142218 5.329070518200751e-15
87195811 5.329070518200751e-15
87249404 5.329070518200751e-15
87302997 5.329070518200751e-15
87356590 5.329070518200751e-15
87410183 5.329070518200751e-15
87463776 5.329070518200751e-15
87517369 5.329070518200751e-15
87570962 5.329070518200751e-15
87624555 7.105427357601002e-15
87678148 5.329070518200751e-15
87731741 5.329070518200751e-15
87785334 5.329070518200751e-15
87838927 5.329070518200751e-15
87892520 5.329070518200751e-15
87946113 5.329070518200751e-15
87999706 5.329070518200751e-15
88053299 5.329070518200751e-15
88106892 5.329070518200751e-15
88160485 5.329070518200751e-15
88214078 5.329070518200751e-15
88267671 5.329070518200751e-15
88321264 5.329070518200751e-15
88374857 5.329070518200751e-15
88428450 5.329070518200751e-15
88482043 7.105427357601002e-15
88535636 5.329070518200751e-15
88589229 5.329070518200751e-15
88642822 5.329070518200751e-15
88696415 5.329070518200751e-15
88750008 5.329070518200751e-15
88803601 5.329070518200751e-15
88857194 5.329070518200751e-15
88910787 5.329070518200751e-15
88964380 5.329070518200751e-15
89017973 5.329070518200751e-15
89071566 5.329070518200751e-15
89125159 5.329070518200751e-15
89178752 5.329070518200751e-15
89232345 5.329070518200751e-15
89285938 5.329070518200751e-15
89339531 7.105427357601002e-15
89393124 5.329070518200751e-15
89446717 5.329070518200751e-15
89500310 5.329070518200751e-15
89553903 5.329070518200751e-15
89607496 5.329070518200751e-15
89661089 5.329070518200751e-15
89714682 5.329070518200751e-15
89768275 5.329070518200751e-15
89821868 5.329070518200751e-15
89875461 5.329070518200751e-15
89929054 5.329070518200751e-15
89982647 5.329070518200751e-15
90036240 5.329070518200751e-15
90089833 5.329070518200751e-15
90143426 5.329070518200751e-15
90197019 7.105427357601002e-15
90250612 5.329070518200751e-15
90304205 5.329070518200751e-15
90357798 5.329070518200751e-15
90411391 5.329070518200751e-15
90464984 5.329070518200751e-15
90518577 5.329070518200751e-15
90572170 5.329070518200751e-15
90625763 5.329070518200751e-15
90679356 5.329070518200751e-15
90732949 5.329070518200751e-15
90786542 5.329070518200751e-15
90840135 5.329070518200751e-15
90893728 5.329070518200751e-15
90947321 5.329070518200751e-15
91000914 5.329070518200751e-15
91054507 7.105427357601002e-15
91108100 5.329070518200751e-15
91161693 5.329070518200751e-15
91215286 5.329070518200751e-15
91268879 5.329070518200751e-15
91322472 5.329070518200751e-15
91376065 5.329070518200751e-15
91429658 5.329070518200751e-15
91483251 5.329070518200751e-15
91536844 5.329070518200751e-15
91590437 5.329070518200751e-15
91644030 5.329070518200751e-15
91697623 5.329070518200751e-15
91751216 5.329070518200751e-15
91804809 5.329070518200751e-15
91858402 5.329070518200751e-15
91911995 7.105427357601002e-15
91965588 5.329070518200751e-15
92019181 5.329070518200751e-15
92072774 5.329070518200751e-15
92126367 5.329070518200751e-15
92179960 5.329070518200751e-15
92233553 5.329070518200751e-15
92287146 5.329070518200751e-15
92340739 5.329070518200751e-15
92394332 5.329070518200751e-15
92447925 5.329070518200751e-15
92501518 5.329070518200751e-15
92555111 5.329070518200751e-15
92608704 5.329070518200751e-15
92662297 5.329070518200751e-15
92715890 5.329070518200751e-15
92769483 7.105427357601002e-15
92823076 5.329070518200751e-15
92876669 5.329070518200751e-15
92930262 5.329070518200751e-15
92983855 5.329070518200751e-15
93037448 5.329070518200751e-15
93091041 5.329070518200751e-15
93144634 5.329070518200751e-15
93198227 5.329070518200751e-15
93251820 5.329070518200751e-15
93305413 5.329070518200751e-15
93359006 5.329070518200751e-15
93412599 5.329070518200751e-15
93466192 5.329070518200751e-15
93519785 5.329070518200751e-15
93573378 5.329070518200751e-15
93626971 7.105427357601002e-15
93680564 5.329070518200751e-15
93734157 5.329070518200751e-15
93787750 5.329070518200751e-15
93841343 5.329070518200751e-15
93894936 5.329070518200751e-15
93948529 5.329070518200751e-15
94002122 5.329070518200751e-15
94055715 5.329070518200751e-15
94109308 5.329070518200751e-15
94162901 5.329070518200751e-15
94216494 5.329070518200751e-15
94270087 5.329070518200751e-15
94323680 5.329070518200751e-15
94377273 5.329070518200751e-15
94430866 5.329070518200751e-15
94484459 7.105427357601002e-15
94538052 5.329070518200751e-15
94591645 5.329070518200751e-15
94645238 5.329070518200751e-15
94698831 5.329070518200751e-15
94752424 5.329070518200751e-15
94806017 5.329070518200751e-15
94859610 5.329070518200751e-15
94913203 5.329070518200751e-15
94966796 5.329070518200751e-15
95020389 5.329070518200751e-15
95073982 5.329070518200751e-15
95127575 5.329070518200751e-15
95181168 5.329070518200751e-15
95234761 5.329070518200751e-15
95288354 5.329070518200751e-15
95341947 7.105427357601002e-15
95395540 5.329070518200751e-15
95449133 5.329070518200751e-15
95502726 5.329070518200751e-15
95556319 5.329070518200751e-15
95609912 5.329070518200751e-15
95663505 5.329070518200751e-15
95717098 5.329070518200751e-15
95770691 5.329070518200751e-15
95824284 5.329070518200751e-15
95877877 5.329070518200751e-15
95931470 5.329070518200751e-15
95985063 5.329070518200751e-15
96038656 5.329070518200751e-15
96092249 5.329070518200751e-15
96145842 5.329070518200751e-15
96199435 7.105427357601002e-15
96253028 5.329070518200751e-15
96306621 5.329070518200751e-15
96360214 5.329070518200751e-15
96413807 5.329070518200751e-15
96467400 5.329070518200751e-15
96520993 5.329070518200751e-15
96574586 5.329070518200751e-15
96628179 5.329070518200751e-15
96681772 5.329070518200751e-15
96735365 5.329070518200751e-15
96788958 5.329070518200751e-15
96842551 5.329070518200751e-15
96896144 5.329070518200751e-15
96949737 5.329070518200751e-15
97003330 5.329070518200751e-15
97056923 7.105427357601002e-15
97110516 5.329070518200751e-15
97164109 5.329070518200751e-15
97217702 5.329070518200751e-15
97271295 5.329070518200751e-15
97324888 5.329070518200751e-15
97378481 5.329070518200751e-15
97432074 5.329070518200751e-15
97485667 5.329070518200751e-15
97539260 5.329070518200751e-15
97592853 5.329070518200751e-15
97646446 5.329070518200751e-15
97700039 5.329070518200751e-15
97753632 5.329070518200751e-15
97807225 5.329070518200751e-15
97860818 5.329070518200751e-15
97914411 7.105427357601002e-15
97968004 5.329070518200751e-15
98021597 5.329070518200751e-15
98075190 5.329070518200751e-15
98128783 5.329070518200751e-15
98182376 5.329070518200751e-15
98235969 5.329070518200751e-15
98289562 5.329070518200751e-15
98343155 5.329070518200751e-15
98396748 5.329070518200751e-15
98450341 5.329070518200751e-15
98503934 5.329070518200751e-15
98557527 5.329070518200751e-15
98611120 5.329070518200751e-15
98664713 5.329070518200751e-15
98718306 5.329070518200751e-15
98771899 7.105427357601002e-15
98825492 5.329070518200751e-15
98879085 5.329070518200751e-15
98932678 5.329070518200751e-15
98986271 5.329070518200751e-15
99039864 5.329070518200751e-15
99093457 5.329070518200751e-15
99147050 5.329070518200751e-15
99200643 5.329070518200751e-15
99254236 5.329070518200751e-15
99307829 5.329070518200751e-15
99361422 5.329070518200751e-15
99415015 5.329070518200751e-15
99468608 5.329070518200751e-15
99522201 5.329070518200751e-15
99575794 5.329070518200751e-15
99629387 7.105427357601002e-15
99682980 5.329070518200751e-15
99736573 5.329070518200751e-15
99790166 5.329070518200751e-15
99843759 5.329070518200751e-15
99897352 5.329070518200751e-15
99950945 5.329070518200751e-15
100004538 5.329070518200751e-15
100058131 5.329070518200751e-15
100111724 5.329070518200751e-15
100165317 5.329070518200751e-15
100218910 5.329070518200751e-15
100272503 5.329070518200751e-15
100326096 5.329070518200751e-15
100379689 5.329070518200751e-15
100433282 5.329070518200751e-15
100486875 7.105427357601002e-15
100540468 5.329070518200751e-15
100594061 5.329070518200751e-15
100647654 5.329070518200751e-15
100701247 5.329070518200751e-15
100754840 5.329070518200751e-15
100808433 5.329070518200751e-15
100862026 5.329070518200751e-15
100915619 5.329070518200751e-15
100969212 5.329070518200751e-15
101022805 5.329070518200751e-15
101076398 5.329070518200751e-15
101129991 5.329070518200751e-15
101183584 5.329070518200751e-15
101237177 5.329070518200751e-15
101290770 5.329070518200751e-15
101344363 7.105427357601002e-15
101397956 5.329070518200751e-15
101451549 5.329070518200751e-15
101505142 5.329070518200751e-15
101558735 5.329070518200751e-15
101612328 5.329070518200751e-15
101665921 5.329070518200751e-15
101719514 5.329070518200751e-15
101773107 5.329070518200751e-15
101826700 5.329070518200751e-15
101880293 5.329070518200751e-15
101933886 5.329070518200751e-15
101987479 5.329070518200751e-15
102041072 5.329070518200751e-15
102094665 5.329070518200751e-15
102148258 5.329070518200751e-15
102201851 7.105427357601002e-15
102255444 5.329070518200751e-15
102309037 5.329070518200751e-15
102362630 5.329070518200751e-15
102416223 5.329070518200751e-15
102469816 5.329070518200751e-15
102523409 5.329070518200751e-15
102577002 5.329070518200751e-15
102630595 5.329070518200751e-15
102684188 5.329070518200751e-15
102737781 5.329070518200751e-15
102791374 5.329070518200751e-15
102844967 5.329070518200751e-15
102898560 5.329070518200751e-15
102952153 5.329070518200751e-15
103005746 5.329070518200751e-15
103059339 7.105427357601002e-15
103112932 5.329070518200751e-15
103166525 5.329070518200751e-15
103220118 5.329070518200751e-15
103273711 5.329070518200751e-15
103327304 5.329070518200751e-15
103380897 5.329070518200751e-15
103434490 5.329070518200751e-15
103488083 5.329070518200751e-15
103541676 5.329070518200751e-15
103595269 5.329070518200751e-15
103648862 5.329070518200751e-15
103702455 5.329070518200751e-15
103756048 5.329070518200751e-15
103809641 5.329070518200751e-15
103863234 5.329070518200751e-15
103916827 7.105427357601002e-15
103970420 5.329070518200751e-15
104024013 5.329070518200751e-15
104077606 5.329070518200751e-15
104131199 5.329070518200751e-15
104184792 5.329070518200751e-15
104238385 5.329070518200751e-15
104291978 5.329070518200751e-15
104345571 5.329070518200751e-15
104399164 5.329070518200751e-15
104452757 5.329070518200751e-15
104506350 5.329070518200751e-15
104559943 5.329070518200751e-15
104613536 5.329070518200751e-15
104667129 5.329070518200751e-15
104720722 5.329070518200751e-15
104774315 7.105427357601002e-15
104827908 5.329070518200751e-15
104881501 5.329070518200751e-15
104935094 5.329070518200751e-15
104988687 5.329070518200751e-15
105042280 5.329070518200751e-15
105095873 5.329070518200751e-15
105149466 5.329070518200751e-15
105203059 5.329070518200751e-15
105256652 5.329070518200751e-15
105310245 5.329070518200751e-15
105363838 5.329070518200751e-15
105417431 5.329070518200751e-15
105471024 5.329070518200751e-15
105524617 5.329070518200751e-15
105578210 5.329070518200751e-15
105631803 7.105427357601002e-15
105685396 5.329070518200751e-15
105738989 5.329070518200751e-15
105792582 5.329070518200751e-15
105846175 5.329070518200751e-15
105899768 5.329070518200751e-15
105953361 5.329070518200751e-15
106006954 5.329070518200751e-15
106060547 5.329070518200751e-15
106114140 5.329070518200751e-15
106167733 5.329070518200751e-15
106221326 5.329070518200751e-15
106274919 5.329070518200751e-15
106328512 5.329070518200751e-15
106382105 5.329070518200751e-15
106435698 5.329070518200751e-15
106489291 7.105427357601002e-15
106542884 5.329070518200751e-15
106596477 5.329070518200751e-15
106650070 5.329070518200751e-15
106703663 5.329070518200751e-15
106757256 5.329070518200751e-15
106810849 5.329070518200751e-15
106864442 5.329070518200751e-15
106918035 5.329070518200751e-15
106971628 5.329070518200751e-15
107025221 5.329070518200751e-15
107078814 5.329070518200751e-15
107132407 5.329070518200751e-15
107186000 5.329070518200751e-15
107239593 5.329070518200751e-15
107293186 5.329070518200751e-15
107346779 7.105427357601002e-15
107400372 5.329070518200751e-15
107453965 5.329070518200751e-15
107507558 5.329070518200751e-15
107561151 5.329070518200751e-15
107614744 5.329070518200751e-15
107668337 5.329070518200751e-15
107721930 5.329070518200751e-15
107775523 5.329070518200751e-15
107829116 5.329070518200751e-15
107882709 5.329070518200751e-15
107936302 5.329070518200751e-15
107989895 5.329070518200751e-15
108043488 5.329070518200751e-15
108097081 5.329070518200751e-15
108150674 5.329070518200751e-15
108204267 7.105427357601002e-15
108257860 5.329070518200751e-15
108311453 5.329070518200751e-15
108365046 5.329070518200751e-15
108418639 5.329070518200751e-15
108472232 5.329070518200751e-15
108525825 5.329070518200751e-15
108579418 5.329070518200751e-15
108633011 5.329070518200751e-15
108686604 5.329070518200751e-15
108740197 5.329070518200751e-15
108793790 5.329070518200751e-15
108847383 5.329070518200751e-15
108900976 5.329070518200751e-15
108954569 5.329070518200751e-15
109008162 5.329070518200751e-15
109061755 7.105427357601002e-15
109115348 5.329070518200751e-15
109168941 5.329070518200751e-15
109222534 5.329070518200751e-15
109276127 5.329070518200751e-15
109329720 5.329070518200751e-15
109383313 5.329070518200751e-15
109436906 5.329070518200751e-15
109490499 5.329070518200751e-15
109544092 5.329070518200751e-15
109597685 5.329070518200751e-15
109651278 5.329070518200751e-15
109704871 5.329070518200751e-15
109758464 5.329070518200751e-15
109812057 5.329070518200751e-15
109865650 5.329070518200751e-15
109919243 7.105427357601002e-15
109972836 5.329070518200751e-15
110026429 5.329070518200751e-15
110080022 5.329070518200751e-15
110133615 5.329070518200751e-15
110187208 5.329070518200751e-15
110240801 5.329070518200751e-15
110294394 5.329070518200751e-15
110347987 5.329070518200751e-15
110401580 5.329070518200751e-15
110455173 5.329070518200751e-15
110508766 5.329070518200751e-15
110562359 5.329070518200751e-15
110615952 5.329070518200751e-15
110669545 5.329070518200751e-15
110723138 5.329070518200751e-15
110776731 7.105427357601002e-15
110830324 5.329070518200751e-15
110883917 5.329070518200751e-15
110937510 5.329070518200751e-15
110991103 5.329070518200751e-15
111044696 5.329070518200751e-15
111098289 5.329070518200751e-15
111151882 5.329070518200751e-15
111205475 5.329070518200751e-15
111259068 5.329070518200751e-15
111312661 5.329070518200751e-15
111366254 5.329070518200751e-15
111419847 5.329070518200751e-15
111473440 5.329070518200751e-15
111527033 5.329070518200751e-15
111580626 5.329070518200751e-15
111634219 7.105427357601002e-15
111687812 5.329070518200751e-15
111741405 5.329070518200751e-15
111794998 5.329070518200751e-15
111848591 5.329070518200751e-15
111902184 5.329070518200751e-15
111955777 5.329070518200751e-15
112009370 5.329070518200751e-15
112062963 5.329070518200751e-15
112116556 5.329070518200751e-15
112170149 5.329070518200751e-15
112223742 5.329070518200751e-15
112277335 5.329070518200751e-15
112330928 5.329070518200751e-15
112384521 5.329070518200751e-15
112438114 5.329070518200751e-15
112491707 7.105427357601002e-15
112545300 5.329070518200751e-15
112598893 5.329070518200751e-15
112652486 5.329070518200751e-15
112706079 5.329070518200751e-15
112759672 5.329070518200751e-15
112813265 5.329070518200751e-15
112866858 5.329070518200751e-15
112920451 5.329070518200751e-15
112974044 5.329070518200751e-15
113027637 5.329070518200751e-15
113081230 5.329070518200751e-15
113134823 5.329070518200751e-15
113188416 5.329070518200751e-15
113242009 5.329070518200751e-15
113295602 5.329070518200751e-15
113349195 7.105427357601002e-15
113402788 5.329070518200751e-15
113456381 5.329070518200751e-15
113509974 5.329070518200751e-15
113563567 5.329070518200751e-15
113617160 5.329070518200751e-15
113670753 5.329070518200751e-15
113724346 5.329070518200751e-15
113777939 5.329070518200751e-15
113831532 5.329070518200751e-15
113885125 5.329070518200751e-15
113938718 5.329070518200751e-15
113992311 5.329070518200751e-15
114045904 5.329070518200751e-15
114099497 5.329070518200751e-15
114153090 5.329070518200751e-15
114206683 7.105427357601002e-15
114260276 5.329070518200751e-15
114313869 5.329070518200751e-15
114367462 5.329070518200751e-15
114421055 5.329070518200751e-15
114474648 5.329070518200751e-15
114528241 5.329070518200751e-15
114581834 5.329070518200751e-15
114635427 5.329070518200751e-15
114689020 5.329070518200751e-15
114742613 5.329070518200751e-15
114796206 5.329070518200751e-15
114849799 5.329070518200751e-15
114903392 5.329070518200751e-15
114956985 5.329070518200751e-15
115010578 5.329070518200751e-15
115064171 7.105427357601002e-15
115117764 5.329070518200751e-15
115171357 5.329070518200751e-15
115224950 5.329070518200751e-15
115278543 5.329070518200751e-15
115332136 5.329070518200751e-15
115385729 5.329070518200751e-15
115439322 5.329070518200751e-15
115492915 5.329070518200751e-15
115546508 5.329070518200751e-15
115600101 5.329070518200751e-15
115653694 5.329070518200751e-15
115707287 5.329070518200751e-15
115760880 5.329070518200751e-15
115814473 5.329070518200751e-15
115868066 5.329070518200751e-15
115921659 7.105427357601002e-15
115975252 5.329070518200751e-15
116028845 5.329070518200751e-15
116082438 5.329070518200751e-15
116136031 5.329070518200751e-15
116189624 5.329070518200751e-15
116243217 5.329070518200751e-15
116296810 5.329070518200751e-15
116350403 5.329070518200751e-15
116403996 5.329070518200751e-15
116457589 5.329070518200751e-15
116511182 5.329070518200751e-15
116564775 5.329070518200751e-15
116618368 5.329070518200751e-15
116671961 5.329070518200751e-15
116725554 5.329070518200751e-15
116779147 7.105427357601002e-15
116832740 5.329070518200751e-15
116886333 5.329070518200751e-15
116939926 5.329070518200751e-15
116993519 5.329070518200751e-15
117047112 5.329070518200751e-15
117100705 5.329070518200751e-15
117154298 5.329070518200751e-15
117207891 5.329070518200751e-15
117261484 5.329070518200751e-15
117315077 5.329070518200751e-15
117368670 5.329070518200751e-15
117422263 5.329070518200751e-15
117475856 5.329070518200751e-15
117529449 5.329070518200751e-15
117583042 5.329070518200751e-15
117636635 7.105427357601002e-15
117690228 5.329070518200751e-15
117743821 5.329070518200751e-15
117797414 5.329070518200751e-15
117851007 5.329070518200751e-15
117904600 5.329070518200751e-15
117958193 5.329070518200751e-15
118011786 5.329070518200751e-15
118065379 5.329070518200751e-15
118118972 5.329070518200751e-15
118172565 5.329070518200751e-15
118226158 5.329070518200751e-15
118279751 5.329070518200751e-15
118333344 5.329070518200751e-15
118386937 5.329070518200751e-15
118440530 5.329070518200751e-15
118494123 7.105427357601002e-15
118547716 5.329070518200751e-15
118601309 5.329070518200751e-15
118654902 5.329070518200751e-15
118708495 5.329070518200751e-15
118762088 5.329070518200751e-15
118815681 5.329070518200751e-15
118869274 5.329070518200751e-15
118922867 5.329070518200751e-15
118976460 5.329070518200751e-15
119030053 5.329070518200751e-15
119083646 5.329070518200751e-15
119137239 5.329070518200751e-15
119190832 5.329070518200751e-15
119244425 5.329070518200751e-15
119298018 5.329070518200751e-15
119351611 7.105427357601002e-15
119405204 5.329070518200751e-15
119458797 5.329070518200751e-15
119512390 5.329070518200751e-15
119565983 5.329070518200751e-15
119619576 5.329070518200751e-15
119673169 5.329070518200751e-15
119726762 5.329070518200751e-15
119780355 5.329070518200751e-15
119833948 5.329070518200751e-15
119887541 5.329070518200751e-15
119941134 5.329070518200751e-15
119994727 5.329070518200751e-15
120048320 5.329070518200751e-15
120101913 5.329070518200751e-15
120155506 5.329070518200751e-15
120209099 7.105427357601002e-15
120262692 5.329070518200751e-15
120316285 5.329070518200751e-15
120369878 5.329070518200751e-15
120423471 5.329070518200751e-15
120477064 5.329070518200751e-15
120530657 5.329070518200751e-15
120584250 5.329070518200751e-15
120637843 5.329070518200751e-15
120691436 5.329070518200751e-15
120745029 5.329070518200751e-15
120798622 5.329070518200751e-15
120852215 5.329070518200751e-15
120905808 5.329070518200751e-15
120959401 5.329070518200751e-15
121012994 5.329070518200751e-15
121066587 7.105427357601002e-15
121120180 5.329070518200751e-15
121173773 5.329070518200751e-15
121227366 5.329070518200751e-15
121280959 5.329070518200751e-15
121334552 5.329070518200751e-15
121388145 5.329070518200751e-15
121441738 5.329070518200751e-15
121495331 5.329070518200751e-15
121548924 5.329070518200751e-15
121602517 5.329070518200751e-15
121656110 5.329070518200751e-15
121709703 5.329070518200751e-15
121763296 5.329070518200751e-15
121816889 5.329070518200751e-15
121870482 5.329070518200751e-15
121924075 7.105427357601002e-15
121977668 5.329070518200751e-15
122031261 5.329070518200751e-15
122084854 5.329070518200751e-15
122138447 5.329070518200751e-15
122192040 5.329070518200751e-15
122245633 5.329070518200751e-15
122299226 5.329070518200751e-15
122352819 5.329070518200751e-15
122406412 5.329070518200751e-15
122460005 5.329070518200751e-15
122513598 5.329070518200751e-15
122567191 5.329070518200751e-15
122620784 5.329070518200751e-15
122674377 5.329070518200751e-15
122727970 5.329070518200751e-15
122781563 7.105427357601002e-15
122835156 5.329070518200751e-15
122888749 5.329070518200751e-15
122942342 5.329070518200751e-15
122995935 5.329070518200751e-15
123049528 5.329070518200751e-15
123103121 5.329070518200751e-15
123156714 5.329070518200751e-15
123210307 5.329070518200751e-15
123263900 5.329070518200751e-15
123317493 5.329070518200751e-15
123371086 5.329070518200751e-15
123424679 5.329070518200751e-15
123478272 5.329070518200751e-15
123531865 5.329070518200751e-15
123585458 5.329070518200751e-15
123639051 7.105427357601002e-15
123692644 5.329070518200751e-15
123746237 5.329070518200751e-15
123799830 5.329070518200751e-15
123853423 5.329070518200751e-15
123907016 5.329070518200751e-15
123960609 5.329070518200751e-15
124014202 5.329070518200751e-15
124067795 5.329070518200751e-15
124121388 5.329070518200751e-15
124174981 5.329070518200751e-15
124228574 5.329070518200751e-15
124282167 5.329070518200751e-15
124335760 5.329070518200751e-15
124389353 5.329070518200751e-15
124442946 5.329070518200751e-15
124496539 7.105427357601002e-15
124550132 5.329070518200751e-15
124603725 5.329070518200751e-15
124657318 5.329070518200751e-15
124710911 5.329070518200751e-15
124764504 5.329070518200751e-15
124818097 5.329070518200751e-15
124871690 5.329070518200751e-15
124925283 5.329070518200751e-15
124978876 5.329070518200751e-15
125032469 5.329070518200751e-15
125086062 5.329070518200751e-15
125139655 5.329070518200751e-15
125193248 5.329070518200751e-15
125246841 5.329070518200751e-15
125300434 5.329070518200751e-15
125354027 7.105427357601002e-15
125407620 5.329070518200751e-15
125461213 5.329070518200751e-15
125514806 5.329070518200751e-15
125568399 5.329070518200751e-15
125621992 5.329070518200751e-15
125675585 5.329070518200751e-15
125729178 5.329070518200751e-15
125782771 5.329070518200751e-15
125836364 5.329070518200751e-15
125889957 5.329070518200751e-15
125943550 5.329070518200751e-15
125997143 5.329070518200751e-15
126050736 5.329070518200751e-15
126104329 5.329070518200751e-15
126157922 5.329070518200751e-15
126211515 7.105427357601002e-15
126265108 5.329070518200751e-15
126318701 5.329070518200751e-15
126372294 5.329070518200751e-15
126425887 5.329070518200751e-15
126479480 5.329070518200751e-15
126533073 5.329070518200751e-15
126586666 5.329070518200751e-15
126640259 5.329070518200751e-15
126693852 5.329070518200751e-15
126747445 5.329070518200751e-15
126801038 5.329070518200751e-15
126854631 5.329070518200751e-15
126908224 5.329070518200751e-15
126961817 5.329070518200751e-15
127015410 5.329070518200751e-15
127069003 7.105427357601002e-15
127122596 5.329070518200751e-15
127176189 5.329070518200751e-15
127229782 5.329070518200751e-15
127283375 5.329070518200751e-15
127336968 5.329070518200751e-15
127390561 5.329070518200751e-15
127444154 5.329070518200751e-15
127497747 5.329070518200751e-15
127551340 5.329070518200751e-15
127604933 5.329070518200751e-15
127658526 5.329070518200751e-15
127712119 5.329070518200751e-15
127765712 5.329070518200751e-15
127819305 5.329070518200751e-15
127872898 5.329070518200751e-15
127926491 7.105427357601002e-15
127980084 5.329070518200751e-15
128033677 5.329070518200751e-15
128087270 5.329070518200751e-15
128140863 5.329070518200751e-15
128194456 5.329070518200751e-15
128248049 5.329070518200751e-15
128301642 5.329070518200751e-15
128355235 5.329070518200751e-15
128408828 5.329070518200751e-15
128462421 5.329070518200751e-15
128516014 5.329070518200751e-15
128569607 5.329070518200751e-15
128623200 5.329070518200751e-15
128676793 5.329070518200751e-15
128730386 5.329070518200751e-15
128783979 7.105427357601002e-15
128837572 5.329070518200751e-15
128891165 5.329070518200751e-15
128944758 5.329070518200751e-15
128998351 5.329070518200751e-15
129051944 5.329070518200751e-15
129105537 5.329070518200751e-15
129159130 5.329070518200751e-15
129212723 5.329070518200751e-15
129266316 5.329070518200751e-15
129319909 5.329070518200751e-15
129373502 5.329070518200751e-15
129427095 5.329070518200751e-15
129480688 5.329070518200751e-15
129534281 5.329070518200751e-15
129587874 5.329070518200751e-15
129641467 7.105427357601002e-15
129695060 5.329070518200751e-15
129748653 5.329070518200751e-15
129802246 5.329070518200751e-15
129855839 5.329070518200751e-15
129909432 5.329070518200751e-15
129963025 5.329070518200751e-15
130016618 5.329070518200751e-15
130070211 5.329070518200751e-15
130123804 5.329070518200751e-15
130177397 5.329070518200751e-15
130230990 5.329070518200751e-15
130284583 5.329070518200751e-15
130338176 5.329070518200751e-15
130391769 5.329070518200751e-15
130445362 5.329070518200751e-15
130498955 7.105427357601002e-15
130552548 5.329070518200751e-15
130606141 5.329070518200751e-15
130659734 5.329070518200751e-15
130713327 5.329070518200751e-15
130766920 5.329070518200751e-15
130820513 5.329070518200751e-15
130874106 5.329070518200751e-15
130927699 5.329070518200751e-15
130981292 5.329070518200751e-15
131034885 5.329070518200751e-15
131088478 5.329070518200751e-15
131142071 5.329070518200751e-15
131195664 5.329070518200751e-15
131249257 5.329070518200751e-15
131302850 5.329070518200751e-15
131356443 7.105427357601002e-15
131410036 5.329070518200751e-15
131463629 5.329070518200751e-15
131517222 5.329070518200751e-15
131570815 5.329070518200751e-15
131624408 5.329070518200751e-15
131678001 5.329070518200751e-15
131731594 5.329070518200751e-15
131785187 5.329070518200751e-15
131838780 5.329070518200751e-15
131892373 5.329070518200751e-15
131945966 5.329070518200751e-15
131999559 5.329070518200751e-15
132053152 5.329070518200751e-15
132106745 5.329070518200751e-15
132160338 5.329070518200751e-15
132213931 7.105427357601002e-15
132267524 5.329070518200751e-15
132321117 5.329070518200751e-15
132374710 5.329070518200751e-15
132428303 5.329070518200751e-15
132481896 5.329070518200751e-15
132535489 5.329070518200751e-15
132589082 5.329070518200751e-15
132642675 5.329070518200751e-15
132696268 5.329070518200751e-15
132749861 5.329070518200751e-15
132803454 5.329070518200751e-15
132857047 5.329070518200751e-15
132910640 5.329070518200751e-15
132964233 5.329070518200751e-15
133017826 5.329070518200751e-15
133071419 7.105427357601002e-15
133125012 5.329070518200751e-15
133178605 5.329070518200751e-15
133232198 5.329070518200751e-15
133285791 5.329070518200751e-15
133339384 5.329070518200751e-15
133392977 5.329070518200751e-15
133446570 5.329070518200751e-15
133500163 5.329070518200751e-15
133553756 5.329070518200751e-15
133607349 5.329070518200751e-15
133660942 5.329070518200751e-15
133714535 5.329070518200751e-15
133768128 5.329070518200751e-15
133821721 5.329070518200751e-15
133875314 5.329070518200751e-15
133928907 7.105427357601002e-15
133982500 5.329070518200751e-15
134036093 5.329070518200751e-15
134089686 5.329070518200751e-15
134143279 5.329070518200751e-15
134196872 5.329070518200751e-15
134250465 5.329070518200751e-15
134304058 5.329070518200751e-15
134357651 5.329070518200751e-15
134411244 5.329070518200751e-15
134464837 5.329070518200751e-15
134518430 5.329070518200751e-15
134572023 5.329070518200751e-15
134625616 5.329070518200751e-15
134679209 5.329070518200751e-15
134732802 5.329070518200751e-15
134786395 7.105427357601002e-15
134839988 5.329070518200751e-15
134893581 5.329070518200751e-15
134947174 5.329070518200751e-15
135000767 5.329070518200751e-15
135054360 5.329070518200751e-15
135107953 5.329070518200751e-15
135161546 5.329070518200751e-15
135215139 5.329070518200751e-15
135268732 5.329070518200751e-15
135322325 5.329070518200751e-15
135375918 5.329070518200751e-15
135429511 5.329070518200751e-15
135483104 5.329070518200751e-15
135536697 5.329070518200751e-15
135590290 5.329070518200751e-15
135643883 7.105427357601002e-15
135697476 5.329070518200751e-15
135751069 5.329070518200751e-15
135804662 5.329070518200751e-15
135858255 5.329070518200751e-15
135911848 5.329070518200751e-15
135965441 5.329070518200751e-15
136019034 5.329070518200751e-15
136072627 5.329070518200751e-15
136126220 5.329070518200751e-15
136179813 5.329070518200751e-15
136233406 5.329070518200751e-15
136286999 5.329070518200751e-15
136340592 5.329070518200751e-15
136394185 5.329070518200751e-15
136447778 5.329070518200751e-15
136501371 7.105427357601002e-15
136554964 5.329070518200751e-15
136608557 5.329070518200751e-15
136662150 5.329070518200751e-15
136715743 5.329070518200751e-15
136769336 5.329070518200751e-15
136822929 5.329070518200751e-15
136876522 5.329070518200751e-15
136930115 5.329070518200751e-15
136983708 5.329070518200751e-15
137037301 5.329070518200751e-15
137090894 5.329070518200751e-15
137144487 5.329070518200751e-15
137198080 5.329070518200751e-15
137251673 5.329070518200751e-15
137305266 5.329070518200751e-15
137358859 7.105427357601002e-15
137412452 5.329070518200751e-15
137466045 5.329070518200751e-15
137519638 5.329070518200751e-15
137573231 5.329070518200751e-15
137626824 5.329070518200751e-15
137680417 5.329070518200751e-15
137734010 5.329070518200751e-15
137787603 5.329070518200751e-15
137841196 5.329070518200751e-15
137894789 5.329070518200751e-15
137948382 5.329070518200751e-15
138001975 5.329070518200751e-15
138055568 5.329070518200751e-15
138109161 5.329070518200751e-15
138162754 5.329070518200751e-15
138216347 7.105427357601002e-15
138269940 5.329070518200751e-15
138323533 5.329070518200751e-15
138377126 5.329070518200751e-15
138430719 5.329070518200751e-15
138484312 5.329070518200751e-15
138537905 5.329070518200751e-15
138591498 5.329070518200751e-15
138645091 5.329070518200751e-15
138698684 5.329070518200751e-15
138752277 5.329070518200751e-15
138805870 5.329070518200751e-15
138859463 5.329070518200751e-15
138913056 5.329070518200751e-15
138966649 5.329070518200751e-15
139020242 5.329070518200751e-15
139073835 7.105427357601002e-15
139127428 5.329070518200751e-15
139181021 5.329070518200751e-15
139234614 5.329070518200751e-15
139288207 5.329070518200751e-15
139341800 5.329070518200751e-15
139395393 5.329070518200751e-15
139448986 5.329070518200751e-15
139502579 5.329070518200751e-15
139556172 5.329070518200751e-15
139609765 5.329070518200751e-15
139663358 5.329070518200751e-15
139716951 5.329070518200751e-15
139770544 5.329070518200751e-15
139824137 5.329070518200751e-15
139877730 5.329070518200751e-15
139931323 7.105427357601002e-15
139984916 5.329070518200751e-15
140038509 5.329070518200751e-15
140092102 5.329070518200751e-15
140145695 5.329070518200751e-15
140199288 5.329070518200751e-15
140252881 5.329070518200751e-15
140306474 5.329070518200751e-15
140360067 5.329070518200751e-15
140413660 5.329070518200751e-15
140467253 5.329070518200751e-15
140520846 5.329070518200751e-15
140574439 5.329070518200751e-15
140628032 5.329070518200751e-15
140681625 5.329070518200751e-15
140735218 5.329070518200751e-15
140788811 7.105427357601002e-15
140842404 5.329070518200751e-15
140895997 5.329070518200751e-15
140949590 5.329070518200751e-15
141003183 5.329070518200751e-15
141056776 5.329070518200751e-15
141110369 5.329070518200751e-15
141163962 5.329070518200751e-15
141217555 5.329070518200751e-15
141271148 5.329070518200751e-15
141324741 5.329070518200751e-15
141378334 5.329070518200751e-15
141431927 5.329070518200751e-15
141485520 5.329070518200751e-15
141539113 5.329070518200751e-15
141592706 5.329070518200751e-15
141646299 7.105427357601002e-15
141699892 5.329070518200751e-15
141753485 5.329070518200751e-15
141807078 5.329070518200751e-15
141860671 5.329070518200751e-15
141914264 5.329070518200751e-15
141967857 5.329070518200751e-15
142021450 5.329070518200751e-15
142075043 5.329070518200751e-15
142128636 5.329070518200751e-15
142182229 5.329070518200751e-15
142235822 5.329070518200751e-15
142289415 5.329070518200751e-15
142343008 5.329070518200751e-15
142396601 5.329070518200751e-15
142450194 5.329070518200751e-15
142503787 7.105427357601002e-15
142557380 5.329070518200751e-15
142610973 5.329070518200751e-15
142664566 5.329070518200751e-15
142718159 5.329070518200751e-15
142771752 5.329070518200751e-15
142825345 5.329070518200751e-15
142878938 5.329070518200751e-15
142932531 5.329070518200751e-15
142986124 5.329070518200751e-15
143039717 5.329070518200751e-15
143093310 5.329070518200751e-15
143146903 5.329070518200751e-15
143200496 5.329070518200751e-15
143254089 5.329070518200751e-15
143307682 5.329070518200751e-15
143361275 7.105427357601002e-15
143414868 5.329070518200751e-15
143468461 5.329070518200751e-15
143522054 5.329070518200751e-15
143575647 5.329070518200751e-15
143629240 5.329070518200751e-15
143682833 5.329070518200751e-15
143736426 5.329070518200751e-15
143790019 5.329070518200751e-15
143843612 5.329070518200751e-15
143897205 5.329070518200751e-15
143950798 5.329070518200751e-15
144004391 5.329070518200751e-15
144057984 5.329070518200751e-15
144111577 5.329070518200751e-15
144165170 5.329070518200751e-15
144218763 7.105427357601002e-15
144272356 5.329070518200751e-15
144325949 5.329070518200751e-15
144379542 5.329070518200751e-15
144433135 5.329070518200751e-15
144486728 5.329070518200751e-15
144540321 5.329070518200751e-15
144593914 5.329070518200751e-15
144647507 5.329070518200751e-15
144701100 5.329070518200751e-15
144754693 5.329070518200751e-15
144808286 5.329070518200751e-15
144861879 5.329070518200751e-15
144915472 5.329070518200751e-15
144969065 5.329070518200751e-15
145022658 5.329070518200751e-15
145076251 7.105427357601002e-15
145129844 5.329070518200751e-15
145183437 5.329070518200751e-15
145237030 5.329070518200751e-15
145290623 5.329070518200751e-15
145344216 5.329070518200751e-15
145397809 5.329070518200751e-15
145451402 5.329070518200751e-15
145504995 5.329070518200751e-15
145558588 5.329070518200751e-15
145612181 5.329070518200751e-15
145665774 5.329070518200751e-15
145719367 5.329070518200751e-15
145772960 5.329070518200751e-15
145826553 5.329070518200751e-15
145880146 5.329070518200751e-15
145933739 7.105427357601002e-15
145987332 5.329070518200751e-15
146040925 5.329070518200751e-15
146094518 5.329070518200751e-15
146148111 5.329070518200751e-15
146201704 5.329070518200751e-15
146255297 5.329070518200751e-15
146308890 5.329070518200751e-15
146362483 5.329070518200751e-15
146416076 5.329070518200751e-15
146469669 5.329070518200751e-15
146523262 5.329070518200751e-15
146576855 5.329070518200751e-15
146630448 5.329070518200751e-15
146684041 5.329070518200751e-15
146737634 5.329070518200751e-15
146791227 7.105427357601002e-15
146844820 5.329070518200751e-15
146898413 5.329070518200751e-15
146952006 5.329070518200751e-15
147005599 5.329070518200751e-15
147059192 5.329070518200751e-15
147112785 5.329070518200751e-15
147166378 5.329070518200751e-15
147219971 5.329070518200751e-15
147273564 5.329070518200751e-15
147327157 5.329070518200751e-15
147380750 5.329070518200751e-15
147434343 5.329070518200751e-15
147487936 5.329070518200751e-15
147541529 5.329070518200751e-15
147595122 5.329070518200751e-15
147648715 7.105427357601002e-15
147702308 5.329070518200751e-15
147755901 5.329070518200751e-15
147809494 5.329070518200751e-15
147863087 5.329070518200751e-15
147916680 5.329070518200751e-15
147970273 5.329070518200751e-15
148023866 5.329070518200751e-15
148077459 5.329070518200751e-15
148131052 5.329070518200751e-15
148184645 5.329070518200751e-15
148238238 5.329070518200751e-15
148291831 5.329070518200751e-15
148345424 5.329070518200751e-15
148399017 5.329070518200751e-15
148452610 5.329070518200751e-15
148506203 7.105427357601002e-15
148559796 5.329070518200751e-15
148613389 5.329070518200751e-15
148666982 5.329070518200751e-15
148720575 5.329070518200751e-15
148774168 5.329070518200751e-15
148827761 5.329070518200751e-15
148881354 5.329070518200751e-15
148934947 5.329070518200751e-15
148988540 5.329070518200751e-15
149042133 5.329070518200751e-15
149095726 5.329070518200751e-15
149149319 5.329070518200751e-15
149202912 5.329070518200751e-15
149256505 5.329070518200751e-15
149310098 5.329070518200751e-15
149363691 7.105427357601002e-15
149417284 5.329070518200751e-15
149470877 5.329070518200751e-15
149524470 5.329070518200751e-15
149578063 5.329070518200751e-15
149631656 5.329070518200751e-15
149685249 5.329070518200751e-15
149738842 5.329070518200751e-15
149792435 5.329070518200751e-15
149846028 5.329070518200751e-15
149899621 5.329070518200751e-15
149953214 5.329070518200751e-15
150006807 5.329070518200751e-15
150060400 5.329070518200751e-15
150113993 5.329070518200751e-15
150167586 5.329070518200751e-15
150221179 7.105427357601002e-15
150274772 5.329070518200751e-15
150328365 5.329070518200751e-15
150381958 5.329070518200751e-15
150435551 5.329070518200751e-15
150489144 5.329070518200751e-15
150542737 5.329070518200751e-15
150596330 5.329070518200751e-15
150649923 5.329070518200751e-15
150703516 5.329070518200751e-15
150757109 5.329070518200751e-15
150810702 5.329070518200751e-15
150864295 5.329070518200751e-15
150917888 5.329070518200751e-15
150971481 5.329070518200751e-15
151025074 5.329070518200751e-15
151078667 7.105427357601002e-15
151132260 5.329070518200751e-15
151185853 5.329070518200751e-15
151239446 5.329070518200751e-15
151293039 5.329070518200751e-15
151346632 5.329070518200751e-15
151400225 5.329070518200751e-15
151453818 5.329070518200751e-15
151507411 5.329070518200751e-15
151561004 5.329070518200751e-15
151614597 5.329070518200751e-15
151668190 5.329070518200751e-15
151721783 5.329070518200751e-15
151775376 5.329070518200751e-15
151828969 5.329070518200751e-15
151882562 5.329070518200751e-15
151936155 7.105427357601002e-15
151989748 5.329070518200751e-15
152043341 5.329070518200751e-15
152096934 5.329070518200751e-15
152150527 5.329070518200751e-15
152204120 5.329070518200751e-15
152257713 5.329070518200751e-15
152311306 5.329070518200751e-15
152364899 5.329070518200751e-15
152418492 5.329070518200751e-15
152472085 5.329070518200751e-15
152525678 5.329070518200751e-15
152579271 5.329070518200751e-15
152632864 5.329070518200751e-15
152686457 5.329070518200751e-15
152740050 5.329070518200751e-15
152793643 7.105427357601002e-15
152847236 5.329070518200751e-15
152900829 5.329070518200751e-15
152954422 5.329070518200751e-15
153008015 5.329070518200751e-15
153061608 5.329070518200751e-15
153115201 5.329070518200751e-15
153168794 5.329070518200751e-15
153222387 5.329070518200751e-15
153275980 5.329070518200751e-15
153329573 5.329070518200751e-15
153383166 5.329070518200751e-15
153436759 5.329070518200751e-15
153490352 5.329070518200751e-15
153543945 5.329070518200751e-15
153597538 5.329070518200751e-15
153651131 7.105427357601002e-15
153704724 5.329070518200751e-15
153758317 5.329070518200751e-15
153811910 5.329070518200751e-15
153865503 5.329070518200751e-15
153919096 5.329070518200751e-15
153972689 5.329070518200751e-15
154026282 5.329070518200751e-15
154079875 5.329070518200751e-15
154133468 5.329070518200751e-15
154187061 5.329070518200751e-15
154240654 5.329070518200751e-15
154294247 5.329070518200751e-15
154347840 5.329070518200751e-15
154401433 5.329070518200751e-15
154455026 5.329070518200751e-15
154508619 7.105427357601002e-15
154562212 5.329070518200751e-15
154615805 5.329070518200751e-15
154669398 5.329070518200751e-15
154722991 5.329070518200751e-15
154776584 5.329070518200751e-15
154830177 5.329070518200751e-15
154883770 5.329070518200751e-15
154937363 5.329070518200751e-15
154990956 5.329070518200751e-15
155044549 5.329070518200751e-15
155098142 5.329070518200751e-15
155151735 5.329070518200751e-15
155205328 5.329070518200751e-15
155258921 5.329070518200751e-15
155312514 5.329070518200751e-15
155366107 7.105427357601002e-15
155419700 5.329070518200751e-15
155473293 5.329070518200751e-15
155526886 5.329070518200751e-15
155580479 5.329070518200751e-15
155634072 5.329070518200751e-15
155687665 5.329070518200751e-15
155741258 5.329070518200751e-15
155794851 5.329070518200751e-15
155848444 5.329070518200751e-15
155902037 5.329070518200751e-15
155955630 5.329070518200751e-15
156009223 5.329070518200751e-15
156062816 5.329070518200751e-15
156116409 5.329070518200751e-15
156170002 5.329070518200751e-15
156223595 7.105427357601002e-15
156277188 5.329070518200751e-15
156330781 5.329070518200751e-15
156384374 5.329070518200751e-15
156437967 5.329070518200751e-15
156491560 5.329070518200751e-15
156545153 5.329070518200751e-15
156598746 5.329070518200751e-15
156652339 5.329070518200751e-15
156705932 5.329070518200751e-15
156759525 5.329070518200751e-15
156813118 5.329070518200751e-15
156866711 5.329070518200751e-15
156920304 5.329070518200751e-15
156973897 5.329070518200751e-15
157027490 5.329070518200751e-15
157081083 7.105427357601002e-15
157134676 5.329070518200751e-15
157188269 5.329070518200751e-15
157241862 5.329070518200751e-15
157295455 5.329070518200751e-15
157349048 5.329070518200751e-15
157402641 5.329070518200751e-15
157456234 5.329070518200751e-15
157509827 5.329070518200751e-15
157563420 5.329070518200751e-15
157617013 5.329070518200751e-15
157670606 5.329070518200751e-15
157724199 5.329070518200751e-15
157777792 5.329070518200751e-15
157831385 5.329070518200751e-15
157884978 5.329070518200751e-15
157938571 7.105427357601002e-15
157992164 5.329070518200751e-15
158045757 5.329070518200751e-15
158099350 5.329070518200751e-15
158152943 5.329070518200751e-15
158206536 5.329070518200751e-15
158260129 5.329070518200751e-15
158313722 5.329070518200751e-15
158367315 5.329070518200751e-15
158420908 5.329070518200751e-15
158474501 5.329070518200751e-15
158528094 5.329070518200751e-15
158581687 5.329070518200751e-15
158635280 5.329070518200751e-15
158688873 5.329070518200751e-15
158742466 5.329070518200751e-15
158796059 7.105427357601002e-15
158849652 5.329070518200751e-15
158903245 5.329070518200751e-15
158956838 5.329070518200751e-15
159010431 5.329070518200751e-15
159064024 5.329070518200751e-15
159117617 5.329070518200751e-15
159171210 5.329070518200751e-15
159224803 5.329070518200751e-15
159278396 5.329070518200751e-15
159331989 5.329070518200751e-15
159385582 5.329070518200751e-15
159439175 5.329070518200751e-15
159492768 5.329070518200751e-15
159546361 5.329070518200751e-15
159599954 5.329070518200751e-15
159653547 7.105427357601002e-15
159707140 5.329070518200751e-15
159760733 5.329070518200751e-15
159814326 5.329070518200751e-15
159867919 5.329070518200751e-15
159921512 5.329070518200751e-15
159975105 5.329070518200751e-15
160028698 5.329070518200751e-15
160082291 5.329070518200751e-15
160135884 5.329070518200751e-15
160189477 5.329070518200751e-15
160243070 5.329070518200751e-15
160296663 5.329070518200751e-15
160350256 5.329070518200751e-15
160403849 5.329070518200751e-15
160457442 5.329070518200751e-15
160511035 7.105427357601002e-15
160564628 5.329070518200751e-15
160618221 5.329070518200751e-15
160671814 5.329070518200751e-15
160725407 5.329070518200751e-15
160779000 5.329070518200751e-15
160832593 5.329070518200751e-15
160886186 5.329070518200751e-15
160939779 5.329070518200751e-15
160993372 5.329070518200751e-15
161046965 5.329070518200751e-15
161100558 5.329070518200751e-15
161154151 5.329070518200751e-15
161207744 5.329070518200751e-15
161261337 5.329070518200751e-15
161314930 5.329070518200751e-15
161368523 7.105427357601002e-15
161422116 5.329070518200751e-15
161475709 5.329070518200751e-15
161529302 5.329070518200751e-15
161582895 5.329070518200751e-15
161636488 5.329070518200751e-15
161690081 5.329070518200751e-15
161743674 5.329070518200751e-15
161797267 5.329070518200751e-15
161850860 5.329070518200751e-15
161904453 5.329070518200751e-15
161958046 5.329070518200751e-15
162011639 5.329070518200751e-15
162065232 5.329070518200751e-15
162118825 5.329070518200751e-15
162172418 5.329070518200751e-15
162226011 7.105427357601002e-15
162279604 5.329070518200751e-15
162333197 5.329070518200751e-15
162386790 5.329070518200751e-15
162440383 5.329070518200751e-15
162493976 5.329070518200751e-15
162547569 5.329070518200751e-15
162601162 5.329070518200751e-15
162654755 5.329070518200751e-15
162708348 5.329070518200751e-15
162761941 5.329070518200751e-15
162815534 5.329070518200751e-15
162869127 5.329070518200751e-15
162922720 5.329070518200751e-15
162976313 5.329070518200751e-15
163029906 5.329070518200751e-15
