0 22.507783457552005
53593 2.3948163347434925
107186 1.243784033323612
160779 0.6350336447867875
214372 0.46762956432071157
267965 0.34554425264721544
321558 0.2653056002858234
375151 0.21675995516211888
428744 0.18314683406287902
482337 0.1546576467382348
535930 0.13469943005863882
589523 0.12100007448470862
643116 0.10821363628914149
696709 0.09671410537499536
750302 0.0875318047164626
803895 0.08040344324014814
857488 0.07424846617790326
911081 0.0685907596095241
964674 0.06377450712819765
1018267 0.059383780253351226
1071860 0.05594651363934666
1125453 0.052653673349569274
1179046 0.049524066610239004
1232639 0.04665087357030906
1286232 0.044092083211757505
1339825 0.04169776430956951
1393418 0.039728146754485216
1447011 0.037831566247438886
1500604 0.036012580569872554
1554197 0.034431202964587015
1607790 0.03295005227311343
1661383 0.03151977534769124
1714976 0.03017179929438729
1768569 0.028935313119760053
1822162 0.027739556900569617
1875755 0.026585616294138248
1929348 0.02547847828579375
1982941 0.024492169354592086
2036534 0.023536291420633404
2090127 0.022611375730857475
2143720 0.021717627176216503
2197313 0.020854988287281273
2250906 0.02002319253187146
2304499 0.019221808544005903
2358092 0.018458759293828564
2411685 0.01774002824147125
2465278 0.017046251329811746
2518871 0.01637704702963294
2572464 0.01573195673282246
2626057 0.015123737309088447
2679650 0.014550579190603763
2733243 0.013996622756994093
2786836 0.013461569414185526
2840429 0.01294507451236715
2894022 0.012446756447862306
2947615 0.01196620446043628
3001208 0.01150298530418059
3054801 0.011056648945929837
3108394 0.010626733424265566
3161987 0.010212768984036558
3215580 0.009814281585457607
3269173 0.009430795873390352
3322766 0.009061837680624407
3376359 0.008706936128847431
3429952 0.008365625382378283
3483545 0.008037446102155066
3537138 0.00772194664120196
3590731 0.007418684016979427
3644324 0.00712722469157967
3697917 0.0068471451863327815
3751510 0.006578032554029889
3805103 0.006319484728787295
3858696 0.006071110771016741
3912289 0.005833025020002047
3965882 0.0056047486317654105
4019475 0.005385443578290072
4073068 0.0051747759467648535
4126661 0.004972421632179369
4180254 0.004778066379283352
4233847 0.004591405772990775
4287440 0.004412145184977234
4341033 0.004239999683155915
4394626 0.00407469390990034
4448219 0.003915961934195522
4501812 0.0037635470822703354
4555405 0.00361740733019289
4608998 0.003478146089710421
4662591 0.003344352056782185
4716184 0.0032158144863663196
4769777 0.0030926463661167247
4823370 0.0029744739473995807
4876963 0.0028609415933598115
4930556 0.002751869037017407
4984149 0.0026470824898998657
5037742 0.00254641447303694
5091335 0.002449703644577639
5144928 0.002356794625327119
5198521 0.002267537823202659
5252114 0.002181789257545752
5305707 0.0020994103840674683
5359300 0.002020267921094998
5412893 0.001944233677656726
5466486 0.0018711843839662734
5520079 0.0018010015245897293
5573672 0.0017335711747472615
5627265 0.0016687838399436217
5680858 0.001606534299150475
5734451 0.0015467214517910222
5788044 0.0014892481685473413
5841637 0.0014340211461592034
5895230 0.0013809507662747578
5948823 0.0013299509583637459
6002416 0.0012809390667412046
6056009 0.0012338357216590268
6109602 0.0011885647144946887
6163195 0.0011450528769412216
6216788 0.0011032299642117493
6270381 0.0010630285421440178
6323974 0.0010245285179895092
6377567 0.0009878330536423618
6431160 0.0009525404251977676
6484753 0.0009185952890238269
6538346 0.0008859444909292691
6591939 0.0008545369823993454
6645532 0.0008243237396214909
6699125 0.0007952576853389459
6752718 0.0007672936134506259
6806311 0.0007403881162515447
6859904 0.0007144995143093524
6913497 0.0006895877888588586
6967090 0.0006656145166576977
7020683 0.0006425428072525108
7074276 0.0006203372425614972
7127869 0.0005989638187111623
7181462 0.0005783898900357798
7235055 0.0005585841152440096
7288648 0.0005395164055732593
7342241 0.0005211578749477752
7395834 0.0005034807920640816
7449427 0.0004864585342927441
7503020 0.0004700655433769185
7556613 0.00045427728285662994
7610206 0.0004390701971370703
7663799 0.00042442167216538706
7717392 0.0004103099976626723
7770985 0.0003967143308107879
7824578 0.0003836146614082381
7878171 0.00037099177835742125
7931764 0.00035882723752944656
7985357 0.0003471033308679594
8038950 0.00033580305673996946
8092543 0.0003249100914590741
8146136 0.0003144087619650904
8199729 0.00030428401955528983
8253322 0.00029452141471963955
8306915 0.00028510707294593374
8360508 0.000276056051405682
8414101 0.0002674434252822877
8467694 0.0002591314971276404
8521287 0.0002511089290688773
8574880 0.0002433648294024593
8628473 0.00023588873474889027
8682066 0.0002286705928717936
8735659 0.00022170074626881586
8789252 0.00021496991629099682
8842845 0.0002084691880464007
8896438 0.00020218999577892305
8950031 0.00019612410892833054
9003624 0.0001902636186663642
9057217 0.0001846009250590086
9110810 0.00017912872467995555
9164403 0.00017385817435622286
9217996 0.0001688520585609865
9271589 0.00016400966949836615
9325182 0.00015932508697824588
9378775 0.00015479261902795471
9432368 0.0001504067928013164
9485961 0.00014616234582964793
9539554 0.00014205421766178006
9593147 0.0001380775418056146
9646740 0.00013422763801651527
9700333 0.0001305000049049987
9753926 0.00012689031279844443
9807519 0.0001233943969669582
9861112 0.00012000825103974933
9914705 0.00011672802075768374
9968298 0.00011354999791546305
10021891 0.0001104706146111134
10075484 0.00010753302516119945
10129077 0.00010470296233888732
10182670 0.00010195772013998905
10236263 9.929442883471751e-05
10289856 9.671032481906039e-05
10343449 9.420274647098381e-05
10397042 9.176913018160704e-05
10450635 8.94070065355912e-05
10504228 8.711399665228825e-05
10557821 8.488780867210721e-05
10611414 8.272623437921567e-05
10665007 8.062714596013265e-05
10718600 7.85884928937719e-05
10772193 7.663361182297379e-05
10825786 7.475252796984577e-05
10879379 7.292351320398183e-05
10932972 7.114492531812289e-05
10986565 6.941517995695534e-05
11040158 6.77327484086554e-05
11093751 6.609615549946213e-05
11147344 6.450397757173931e-05
11200937 6.29548405344238e-05
11254530 6.144741799962716e-05
11308123 5.9980429481409914e-05
11361716 5.855263867537985e-05
11415309 5.716285180579206e-05
11468902 5.5809916025495454e-05
11522495 5.449271789892407e-05
11576088 5.32101819223918e-05
11629681 5.196696818465796e-05
11683274 5.0775877172615225e-05
11736867 4.961487062749015e-05
11790460 4.848308698912618e-05
11844053 4.7379692725169065e-05
11897646 4.63038813292016e-05
11951239 4.525487235618186e-05
12004832 4.423191047964181e-05
12058425 4.324055695126283e-05
12112018 4.228750809098791e-05
12165611 4.135714008057789e-05
12219204 4.044884953824379e-05
12272797 3.9562051368680073e-05
12326390 3.869617813623272e-05
12379983 3.78506794629363e-05
12433576 3.7029076129346805e-05
12487169 3.623768655858228e-05
12540762 3.5464189456657635e-05
12594355 3.4708141936512504e-05
12647948 3.39691134882969e-05
12701541 3.324668559234745e-05
12755134 3.254045133771477e-05
12808727 3.1850015052015124e-05
12862320 3.117499195304241e-05
12915913 3.0515007803044725e-05
12969506 2.9869698581874715e-05
13023099 2.9238710169465776e-05
13076692 2.862169803585779e-05
13130285 2.8018326951428918e-05
13183878 2.7428270692686496e-05
13237471 2.685121177292693e-05
13291064 2.6286841174449904e-05
13344657 2.5734858089654367e-05
13398250 2.5194969671238354e-05
13451843 2.4673738828528968e-05
13505436 2.4164008659899316e-05
13559029 2.366511261231441e-05
13612622 2.3176808088942735e-05
13666215 2.2698858409997413e-05
13719808 2.2233750964939514e-05
13773401 2.1781562985545566e-05
13826994 2.133869640102981e-05
13880587 2.090495391837699e-05
13934180 2.0480142627787856e-05
13987773 2.0064073898040657e-05
14041366 1.965656327557186e-05
14094959 1.925743038144745e-05
14148552 1.8866498816050292e-05
14202145 1.8483596063822993e-05
14255738 1.8108553400897343e-05
14309331 1.7741205805776872e-05
14362924 1.7381391869575324e-05
14416517 1.702895371580304e-05
14470110 1.6683736910827474e-05
14523703 1.6345590390320908e-05
14577296 1.601436637371778e-05
14630889 1.5689920293548987e-05
14684482 1.537211071661604e-05
14738075 1.506079927349191e-05
14791668 1.4755850586523067e-05
14845261 1.445713220205036e-05
14898854 1.4164514521908256e-05
14952447 1.3877870739920084e-05
15006040 1.3597076773175232e-05
15059633 1.3322011207017592e-05
15113226 1.3052555227099916e-05
15166819 1.2788592565926571e-05
15220412 1.25300094414027e-05
15274005 1.227669450126756e-05
15327598 1.2028538770525454e-05
15381191 1.1785435595046412e-05
15434784 1.1547280589496722e-05
15488377 1.1313971589987926e-05
15541970 1.1085408598898727e-05
15595563 1.0861493740743633e-05
15649156 1.0642131213822736e-05
15702749 1.0427227242260084e-05
15756342 1.0216690033648668e-05
15809935 1.0010429733031678e-05
15863528 9.808358380769544e-06
15917121 9.610389870351455e-06
15970714 9.416439909204488e-06
16024307 9.22642597667167e-06
16077900 9.040267284987635e-06
16131493 8.85788474341842e-06
16185086 8.679200919459173e-06
16238679 8.504140002030258e-06
16292272 8.332627768725676e-06
16345865 8.164591547454858e-06
16399458 7.999960186300115e-06
16453051 7.838664018156027e-06
16506644 7.68063483030934e-06
16560237 7.5258058310767595e-06
16613830 7.374111619273815e-06
16667423 7.225488156681337e-06
16721016 7.079872736293069e-06
16774609 6.937203952894766e-06
16828202 6.797421678306215e-06
16881795 6.6604670315717485e-06
16935388 6.526282351537738e-06
16988981 6.39481117420404e-06
17042574 6.265998202192868e-06
17096167 6.13978928504233e-06
17149760 6.016131391062274e-06
17203353 5.894972584907787e-06
17256946 5.776262003653887e-06
17310539 5.659949833869415e-06
17364132 5.545987292132626e-06
17417725 5.434326598052763e-06
17471318 5.3249209582273416e-06
17524911 5.217724541206614e-06
17578504 5.112692460118584e-06
17632097 5.0097807509641434e-06
17685690 4.90894635557515e-06
17739283 4.81014709713401e-06
17792876 4.713341668793891e-06
17846469 4.618489609475862e-06
17900062 4.52555129032417e-06
17953655 4.434487893723027e-06
18007248 4.345261398752687e-06
18060841 4.257834563980989e-06
18114434 4.172170909866324e-06
18168027 4.0882347046578005e-06
18221620 4.0059909476308775e-06
18275213 3.925405354487932e-06
18328806 3.846444341371047e-06
18382399 3.7690750112062688e-06
18435992 3.693265139603774e-06
18489585 3.6189831600919042e-06
18543178 3.5461981500173323e-06
18596771 3.474879819387322e-06
18650364 3.4049984946049605e-06
18703957 3.3365251094208404e-06
18757550 3.269431187669092e-06
18811143 3.203688835717866e-06
18864736 3.1392707270372355e-06
18918329 3.0761500927067864e-06
18971922 3.0143007080374318e-06
19025515 2.953696882523893e-06
19079108 2.8943134484649136e-06
19132701 2.8361257500275627e-06
19186294 2.7791096341989174e-06
19239887 2.723241436297652e-06
19293480 2.668497975533146e-06
19347073 2.6148565401840074e-06
19400666 2.5622948814918445e-06
19454259 2.5107912011712585e-06
19507852 2.460324144470949e-06
19561445 2.4108727903482396e-06
19615038 2.3624166416991166e-06
19668631 2.314935617087066e-06
19722224 2.268410043471114e-06
19775817 2.222820646602397e-06
19829410 2.1781485428085112e-06
19883003 2.1343752302782626e-06
19936596 2.091482584176685e-06
19990189 2.0494528455983207e-06
20043782 2.0082686154609952e-06
20097375 1.9679128477889662e-06
20150968 1.9283688422189194e-06
20204561 1.8896202338969381e-06
20258154 1.8516509932564595e-06
20311747 1.8144454118074194e-06
20365340 1.7779881003598952e-06
20418933 1.74226398147459e-06
20472526 1.707258282190871e-06
20526119 1.6729565284201442e-06
20579712 1.6393445380069593e-06
20633305 1.6064084177869198e-06
20686898 1.5741345526509853e-06
20740491 1.5425096048238274e-06
20794084 1.5115205058147119e-06
20847677 1.4811544495341167e-06
20901270 1.4513988912390197e-06
20954863 1.4222415371523134e-06
21008456 1.3936703431860487e-06
21062049 1.3656735091682748e-06
21115642 1.3382394714045454e-06
21169235 1.3113569004574721e-06
21222828 1.2850146964837883e-06
21276421 1.2592019825174994e-06
21330014 1.2339081017498366e-06
21383607 1.2091226118116083e-06
21437200 1.1848352823862207e-06
21490793 1.1610360884928284e-06
21544386 1.1377152066560647e-06
21597979 1.1148630137958193e-06
21651572 1.0924700787895425e-06
21705165 1.07052716219469e-06
21758758 1.0490252105310738e-06
21812351 1.0279553512293482e-06
21865944 1.0073088939632768e-06
21919537 9.870773206577255e-07
21973130 9.672522855441734e-07
22026723 9.478256120520889e-07
22080316 9.287892881459925e-07
22133909 9.10135462717232e-07
22187502 8.918564428084252e-07
22241095 8.739446913375026e-07
22294688 8.563928221017036e-07
22348281 8.391935978901977e-07
22401874 8.223399287077271e-07
22455467 8.058248651687805e-07
22509060 7.896415992747485e-07
22562653 7.737834595844539e-07
22616246 7.582439091602389e-07
22669839 7.430165430699631e-07
22723432 7.28095085056335e-07
22777025 7.134733847058428e-07
22830618 6.991454165605759e-07
22884211 6.851052752887554e-07
22937804 6.713471754626887e-07
22991397 6.578654472844114e-07
23044990 6.446545356975086e-07
23098583 6.31708997056446e-07
23152176 6.190234975722575e-07
23205769 6.065928103704543e-07
23259362 5.944118147138688e-07
23312955 5.824754916727848e-07
23366548 5.707789234032923e-07
23420141 5.593172931472878e-07
23473734 5.480858776274466e-07
23527327 5.370800514881147e-07
23580920 5.262952808560151e-07
23634513 5.157271233402483e-07
23688106 5.053712267000243e-07
23741699 4.952233251254157e-07
23795292 4.852792396814465e-07
23848885 4.755348747553789e-07
23902478 4.6598621611382285e-07
23956071 4.5662933351175994e-07
24009664 4.474603724768933e-07
24063257 4.3847555647458236e-07
24116850 4.29671187684999e-07
24170443 4.210436391205441e-07
24224036 4.125893586781615e-07
24277629 4.043048654200909e-07
24331222 3.961867478530223e-07
24384815 3.882316642056516e-07
24438408 3.804363383763665e-07
24492001 3.7279756076591397e-07
24545594 3.653121875002441e-07
24599187 3.5797713543450627e-07
24652780 3.507893859833189e-07
24706373 3.437459794586317e-07
24759966 3.368440170681275e-07
24813559 3.3008065619677396e-07
24867152 3.2345311351544836e-07
24920745 3.1695866103964576e-07
24974338 3.105946247417002e-07
25027931 3.043583852169185e-07
25081524 2.982473751300674e-07
25135117 2.9225908021457414e-07
25188710 2.863910346651011e-07
25242303 2.806408227473689e-07
25295896 2.750060784095787e-07
25349489 2.6948448234032085e-07
25403082 2.6407376219061973e-07
25456675 2.587716899649095e-07
25510268 2.535760847410806e-07
25563861 2.4848480717487575e-07
25617454 2.4349576271953666e-07
25671047 2.386068977955347e-07
25724640 2.338162004567046e-07
25778233 2.2912169839184315e-07
25831826 2.2452146059004363e-07
25885419 2.2001359317735947e-07
25939012 2.1559624174827263e-07
25992605 2.112675878684911e-07
26046198 2.0702585074028335e-07
26099791 2.0286928420487627e-07
26153384 1.9879617829676732e-07
26206977 1.9480485641265588e-07
26260570 1.9089367642166621e-07
26314163 1.8706102916654643e-07
26367756 1.833053369648674e-07
26421349 1.796250553298684e-07
26474942 1.760186688071208e-07
26528535 1.724846939721303e-07
26582128 1.6902167648824573e-07
26635721 1.6562819143972618e-07
26689314 1.6230284294316277e-07
26742907 1.590442623711219e-07
26796500 1.5585110857418982e-07
26850093 1.5272206854710646e-07
26903686 1.4965585409809634e-07
26957279 1.466512039027812e-07
27010872 1.4370688211640115e-07
27064465 1.4082167659745792e-07
27118058 1.3799440090611625e-07
27171651 1.3522389119557943e-07
27225244 1.3250900759986806e-07
27278837 1.2984863384524203e-07
27332430 1.272416744191318e-07
27386023 1.2468705778978517e-07
27439616 1.221837322429309e-07
27493209 1.197306676026244e-07
27546802 1.1732685523124786e-07
27600395 1.1497130636417552e-07
27653988 1.1266305111057306e-07
27707581 1.104011402852656e-07
27761174 1.0818464324380273e-07
27814767 1.0601264821552547e-07
27868360 1.0388426152641017e-07
27921953 1.0179860726600154e-07
27975546 9.975482795354651e-08
28029139 9.775208248408163e-08
28082732 9.578954668354456e-08
28136325 9.386641403041907e-08
28189918 9.198189210302132e-08
28243511 9.013520713141432e-08
28297104 8.832559794669237e-08
28350697 8.655232114351818e-08
28404290 8.481464647269732e-08
28457883 8.311185989429148e-08
28511476 8.144326002490487e-08
28565069 7.980816080221942e-08
28618662 7.820589031926062e-08
28672255 7.663578810435112e-08
28725848 7.509720978404744e-08
28779441 7.358952081037984e-08
28833034 7.211210228952325e-08
28886627 7.066434548619327e-08
28940220 6.92456555428933e-08
28993813 6.78554483712901e-08
29047406 6.649315226203711e-08
29100999 6.515820727415189e-08
29154592 6.385006390274839e-08
29208185 6.256818357863736e-08
29261778 6.131203927894902e-08
29315371 6.008111491651036e-08
29368964 5.887490289735453e-08
29422557 5.769290861712406e-08
29476150 5.6534644521377686e-08
29529743 5.539963437994899e-08
29583336 5.428741212121224e-08
29636929 5.3197519167547114e-08
29690522 5.2129508099074684e-08
29744115 5.108293871236569e-08
29797708 5.005738101804269e-08
29851301 4.905241318686748e-08
29904894 4.806762204934145e-08
29958487 4.7102602152016004e-08
30012080 4.6156956479137534e-08
30065673 4.5230296119580515e-08
30119266 4.43222401558252e-08
30172859 4.343241505333495e-08
30226452 4.2560453772377826e-08
30280045 4.170599926522911e-08
30333638 4.086869864750042e-08
30387231 4.0048208804766006e-08
30440824 3.924419084144759e-08
30494417 3.8456315076818015e-08
30548010 3.768425732575409e-08
30601603 3.692769967589271e-08
30655196 3.618633054314202e-08
30708789 3.545984583741557e-08
30762382 3.474794652014168e-08
30815975 3.4050339270397245e-08
30869568 3.336673803921997e-08
30923161 3.269686077445044e-08
30976754 3.204043247384547e-08
31030347 3.13971826315651e-08
31083940 3.0766846625951416e-08
31137533 3.014916594157313e-08
31191126 2.9543885837757244e-08
31244719 2.8950757791079695e-08
31298312 2.8369537607986217e-08
31351905 2.779998586888155e-08
31405498 2.7241868705285555e-08
31459091 2.6694956856143648e-08
31512684 2.6159024779648377e-08
31566277 2.5633852207551655e-08
31619870 2.511922309045289e-08
31673463 2.4614925930865894e-08
31727056 2.4120753450151966e-08
31780649 2.3636501700341483e-08
31834242 2.3161972284579946e-08
31887835 2.269696935952581e-08
31941428 2.2241301911307687e-08
31995021 2.1794783422457442e-08
32048614 2.1357227819596147e-08
32102207 2.092845818868483e-08
32155800 2.050829567279422e-08
32209393 2.0096568686955862e-08
32262986 1.96931078111362e-08
32316579 1.9297747622104566e-08
32370172 1.8910326249343967e-08
32423765 1.8530682766026985e-08
32477358 1.8158660963774054e-08
32530951 1.779410779834123e-08
32584544 1.7436873667175945e-08
32638137 1.708681113266053e-08
32691730 1.6743776476424443e-08
32745323 1.6407628533610108e-08
32798916 1.607822919247326e-08
32852509 1.5755442783760287e-08
32906102 1.5439136746842053e-08
32959695 1.5129180797046615e-08
33013288 1.4825447480770748e-08
33066881 1.4527812119968786e-08
33120474 1.4236151812951903e-08
33174067 1.3950346877678044e-08
33227660 1.3670279852551204e-08
33281253 1.3395835329887973e-08
33334846 1.3126900733073654e-08
33388439 1.2863365317361541e-08
33442032 1.2605120447428675e-08
33495625 1.2352060096976203e-08
33549218 1.2104080238106718e-08
33602811 1.1861078841324257e-08
33656404 1.1622955931045453e-08
33709997 1.1389613641110685e-08
33763590 1.116095582620602e-08
33817183 1.0936888616974727e-08
33870776 1.0717319642861156e-08
33924369 1.050215886477801e-08
33977962 1.0291317742439077e-08
34031555 1.0084709123336921e-08
34085148 9.88224851949937e-09
34138741 9.683852664199577e-09
34192334 9.489439734000626e-09
34245927 9.298929792844746e-09
34299520 9.112244570008698e-09
34353113 8.929307238059181e-09
34406706 8.750042523875123e-09
34460299 8.574376764158842e-09
34513892 8.402237572369131e-09
34567485 8.233554227299322e-09
34621078 8.068257562054981e-09
34674671 7.906279242408942e-09
34728264 7.747552988046635e-09
34781857 7.592013073765003e-09
34835450 7.439595883784733e-09
34889043 7.290238523971482e-09
34942636 7.143879876547743e-09
34996229 7.000459323336372e-09
35049822 6.859918133539367e-09
35103415 6.722198520048295e-09
35157008 6.587243528421993e-09
35210601 6.454998147109592e-09
35264194 6.325407697627128e-09
35317787 6.198418889269419e-09
35371380 6.073979375020855e-09
35424973 5.952038306666907e-09
35478566 5.832545113548804e-09
35532159 5.715451001364613e-09
35585752 5.600707675412764e-09
35639345 5.488267895703558e-09
35692938 5.37808542144802e-09
35746531 5.270115122080199e-09
35800124 5.164312200101051e-09
35853717 5.060633578857221e-09
35907310 4.959036348228807e-09
35960903 4.8594786528077805e-09
36014496 4.761919969453743e-09
36068089 4.666319441959388e-09
36121682 4.5726386566080635e-09
36175275 4.480838367015849e-09
36228868 4.39088093662221e-09
36282461 4.302729839089636e-09
36336054 4.2163481039914075e-09
36389647 4.131700703791097e-09
36443240 4.04875272197458e-09
36496833 3.967470074695001e-09
36550426 3.887819177705865e-09
36604019 3.809767279427945e-09
36657612 3.733282460949283e-09
36711205 3.6583330809136783e-09
36764798 3.5848883306321966e-09
36818391 3.512918178572022e-09
36871984 3.4423928152449434e-09
36925577 3.3732833193411693e-09
36979170 3.3055613246624205e-09
37032763 3.239198964610779e-09
37086356 3.174168816677536e-09
37139949 3.1104442355101014e-09
37193542 3.047998908822791e-09
37247135 2.98680735699719e-09
37300728 2.9268442669483363e-09
37354321 2.8680849362139327e-09
37407914 2.8105053284654957e-09
37461507 2.754081573907996e-09
37515100 2.6987906354136726e-09
37568693 2.6446097534105206e-09
37622286 2.5915164458822915e-09
37675879 2.53948928552461e-09
37729472 2.488506456455042e-09
37783065 2.4385473085253295e-09
37836658 2.38959096954261e-09
37890251 2.3416174554924396e-09
37943844 2.2946072819607366e-09
37997437 2.2485406314665113e-09
38051030 2.2033990187964037e-09
38104623 2.159163570158995e-09
38158216 2.1158162999412866e-09
38211809 2.073339167019128e-09
38265402 2.0317148519133355e-09
38318995 1.9909260351447244e-09
38372588 1.950956340923682e-09
38426181 1.9117889493713847e-09
38479774 1.8734077067428245e-09
38533367 1.8357971809379592e-09
38586960 1.7989419398567463e-09
38640553 1.76282638486569e-09
38694146 1.7274359165320163e-09
38747739 1.6927557133783466e-09
38801332 1.658772119661478e-09
38854925 1.6254705359486366e-09
38908518 1.5928375840523756e-09
38962111 1.560859774762946e-09
39015704 1.5295240629598084e-09
39069297 1.4988172369889696e-09
39122890 1.4687270288860077e-09
39176483 1.439240837619593e-09
39230076 1.410346728292211e-09
39283669 1.3820326549840445e-09
39337262 1.3542868493310323e-09
39390855 1.3270982646140794e-09
39444448 1.3004552990025786e-09
39498041 1.2743475164000984e-09
39551634 1.2487636480429387e-09
39605227 1.2236934798792731e-09
39658820 1.1991266313238214e-09
39712413 1.175052943835908e-09
39766006 1.1514625919417654e-09
39819599 1.1283458056787765e-09
39873192 1.1056932036623834e-09
39926785 1.0834952934857256e-09
39980378 1.0617430823423035e-09
40033971 1.0404274664033153e-09
40087564 1.0195398969514713e-09
40141157 9.990716587360282e-10
40194750 9.790142585508477e-10
40248343 9.593594807455474e-10
40301936 9.40099498247804e-10
40355529 9.212260954072349e-10
40409122 9.027314451515167e-10
40462715 8.846081644975357e-10
40516308 8.668489259733292e-10
40569901 8.494460135288762e-10
40623494 8.323926548037264e-10
40677087 8.156814668147661e-10
40730680 7.993057882238475e-10
40784273 7.832589576928228e-10
40837866 7.675343138835444e-10
40891459 7.521252509690157e-10
40945052 7.370257182337525e-10
40998645 7.222291653619095e-10
41052238 7.07729652660305e-10
41105831 6.935211849246059e-10
41159424 6.795980445062355e-10
41213017 6.65954513756617e-10
41266610 6.52584764004871e-10
41320203 6.394834106693281e-10
41373796 6.266451801906214e-10
41427389 6.140646324759302e-10
41480982 6.017366604993413e-10
41534575 5.896562127460925e-10
41588168 5.778182932125731e-10
41641761 5.662181279397771e-10
41695354 5.548506654129426e-10
41748947 5.43711464739971e-10
41802540 5.327959740064614e-10
41856133 5.220995302757103e-10
41909726 5.116179147002242e-10
41963319 5.013465198544509e-10
42016912 4.912814044466529e-10
42070505 4.814186271850929e-10
42124098 4.717535806442186e-10
42177691 4.6228276762150244e-10
42231284 4.530018027359972e-10
42284877 4.4390741082978025e-10
42338470 4.349955950999629e-10
42392063 4.2626263629941263e-10
42445656 4.177049817144507e-10
42499249 4.0931907863139827e-10
42552842 4.0110170740348394e-10
42606435 3.930489267389703e-10
42660028 3.851581831249007e-10
42713621 3.774258683364451e-10
42767214 3.6984870721568086e-10
42820807 3.6242359113813905e-10
42874400 3.551475780128044e-10
42927993 3.4801761472635917e-10
42981586 3.4103081469893937e-10
43035179 3.3418429135068095e-10
43088772 3.274753801463248e-10
43142365 3.2090080592794834e-10
43195958 3.144582372271998e-10
43249551 3.081454535980299e-10
43303144 3.019590133490624e-10
43356737 2.9589686256770165e-10
43410330 2.899563922298398e-10
43463923 2.8413538188942766e-10
43517516 2.784310559889036e-10
43571109 2.728411940822184e-10
43624702 2.6736368674562527e-10
43678295 2.619960359773188e-10
43731888 2.567361878647034e-10
43785481 2.515820884951836e-10
43839074 2.465312398669539e-10
43892667 2.415819766454774e-10
43946260 2.3673185634009997e-10
43999853 2.319792136162846e-10
44053446 2.2732199456143576e-10
44107039 2.2275820077410913e-10
44160632 2.18286222430919e-10
44214225 2.1390389459696735e-10
44267818 2.096096629600197e-10
44321411 2.054014736074805e-10
44375004 2.0127771671596406e-10
44428597 1.972370600178408e-10
44482190 1.932772830670615e-10
44535783 1.8939688706254287e-10
44589376 1.8559459524780664e-10
44642969 1.8186863126601338e-10
44696562 1.7821749631607986e-10
44750155 1.7463952506346914e-10
44803748 1.7113349626285412e-10
44857341 1.6769785560200035e-10
44910934 1.6433104876867333e-10
44964527 1.6103196553984844e-10
45018120 1.5779916262559368e-10
45071713 1.5463103020252333e-10
45125306 1.5152679111452017e-10
45178899 1.48484724515896e-10
45232492 1.4550372018362623e-10
45286085 1.425826678946862e-10
45339678 1.3972017987029517e-10
45393271 1.3691509037627725e-10
45446864 1.3416645572306152e-10
45500457 1.3147283262071596e-10
45554050 1.2883338840197212e-10
45607643 1.2624701284380535e-10
45661236 1.2371242918973735e-10
45714829 1.2122886028365087e-10
45768422 1.1879514039137007e-10
45822015 1.1641015928987031e-10
45875608 1.1407297328958066e-10
45929201 1.1178297176783758e-10
45982794 1.0953871143470906e-10
46036387 1.0733958166753155e-10
46089980 1.0518458326558289e-10
46143573 1.0307299458389707e-10
46197166 1.0100370539944947e-10
46250759 9.897604957842532e-11
46304352 9.698897240895121e-11
46357945 9.504180775721238e-11
46411538 9.313372295594036e-11
46465131 9.12639408490179e-11
46518724 8.943179530263023e-11
46572317 8.76362871160552e-11
46625910 8.587702771123418e-11
46679503 8.415279584284008e-11
46733096 8.246342497741921e-11
46786689 8.080786040309818e-11
46840282 7.918565803066713e-11
46893875 7.759587417055513e-11
46947468 7.603812024470358e-11
47001061 7.451150807469276e-11
47054654 7.301570459361528e-11
47108247 7.1549710600749e-11
47161840 7.011330405148897e-11
47215433 6.870570778971796e-11
47269026 6.732636670392367e-11
47322619 6.597467017144254e-11
47376212 6.465022961421596e-11
47429805 6.335226787612669e-11
47483398 6.208039637911611e-11
47536991 6.083411552282314e-11
47590584 5.9612759173433e-11
47644177 5.841604977518955e-11
47697770 5.7243265683126765e-11
47751363 5.6094018319186034e-11
47804956 5.496791910530874e-11
47858549 5.3864468441133795e-11
47912142 5.278305570399766e-11
47965735 5.172329231584172e-11
48019328 5.068490072090981e-11
48072921 4.9667436829992084e-11
48126514 4.8670290020425e-11
48180107 4.76931827364524e-11
48233700 4.67356153777132e-11
48287293 4.5797476921904945e-11
48340886 4.487799021291039e-11
48394479 4.3977044228427076e-11
48448072 4.309408385694269e-11
48501665 4.222883154270107e-11
48555258 4.1381120752248535e-11
48608851 4.055039637407276e-11
48662444 3.9736325341266365e-11
48716037 3.893857458692196e-11
48769630 3.8156866555283386e-11
48823223 3.739086817944326e-11
48876816 3.664013537019173e-11
48930409 3.5904668127528794e-11
48984002 3.518380031763968e-11
49037595 3.4477476429373155e-11
49091188 3.378525237351937e-11
49144781 3.31069061054734e-11
49198374 3.244227109178155e-11
49251967 3.179101426553643e-11
49305560 3.115280255983066e-11
49359153 3.052730290775685e-11
49412746 2.991445979816376e-11
49466339 2.931388465299278e-11
49519932 2.8725355427638988e-11
49573525 2.814870558864868e-11
49627118 2.7583657580265708e-11
49680711 2.702982282443145e-11
49734304 2.6487312343448366e-11
49787897 2.5955460003501685e-11
49841490 2.5434321315742636e-11
49895083 2.4923729746717527e-11
49948676 2.442346325182143e-11
50002269 2.3933188764146962e-11
50055862 2.3452684239089194e-11
50109455 2.2981783143194434e-11
50163048 2.2520318943008988e-11
50216641 2.2068180616230393e-11
50270234 2.1625312651707418e-11
50323827 2.1190993404474057e-11
50377420 2.076566696374016e-11
50431013 2.0348833729144644e-11
50484606 1.994038267838505e-11
50538199 1.9539814211100293e-11
50591792 1.9147572416500225e-11
50645385 1.8763324227677458e-11
50698978 1.8386625555422142e-11
50752571 1.8017420888583047e-11
50806164 1.765571022716017e-11
50859757 1.7301493571153514e-11
50913350 1.6953827230992147e-11
50966943 1.6613654896247e-11
51020536 1.6280199410800833e-11
51074129 1.5953127707746262e-11
51127722 1.563310592089806e-11
51181315 1.5318968316080372e-11
51234908 1.5011436538259204e-11
51288501 1.4710010987073474e-11
51342094 1.4414913707128107e-11
51395687 1.4125700609213254e-11
51449280 1.3841816581816602e-11
51502873 1.356414980335785e-11
51556466 1.3291590050812374e-11
51610059 1.3024969991448643e-11
51663652 1.2763234913393262e-11
51717245 1.2506995439309776e-11
51770838 1.2256196058046953e-11
51824431 1.2009893080033862e-11
51878024 1.1768919172538972e-11
51931617 1.1532441668293814e-11
51985210 1.1301182212264393e-11
52038803 1.1074141603728549e-11
52092396 1.085176393189613e-11
52145989 1.06341602190696e-11
52199582 1.0420442286829257e-11
52253175 1.021138729129234e-11
52306768 1.0006440120946536e-11
52360361 9.805489753489383e-12
52413954 9.608591700072111e-12
52467547 9.416079027602109e-12
52521140 9.226452934996132e-12
52574733 9.041378756791119e-12
52628326 8.859857292264905e-12
52681919 8.681833030266262e-12
52735512 8.507639037702575e-12
52789105 8.336942247666457e-12
52842698 8.169520615552983e-12
52896291 8.005540674815848e-12
52949884 7.844835892001356e-12
53003477 7.687295244807046e-12
53057070 7.533085266686612e-12
53110663 7.381983913035128e-12
53164256 7.233602605793976e-12
53217849 7.0883299230217744e-12
53271442 6.946110353567292e-12
53325035 6.80655531937191e-12
53378628 6.6699978873430155e-12
53432221 6.535993968270759e-12
53485814 6.404821117911297e-12
53539407 6.276312802810935e-12
53593000 6.1502469783647484e-12
53646593 6.026956711480125e-12
53700186 5.905942401795983e-12
53753779 5.7872595604635535e-12
53807372 5.670908187482837e-12
53860965 5.557443394366146e-12
53914558 5.445643935786393e-12
53968151 5.3363979901632774e-12
54021744 5.229150445984487e-12
54075337 5.1243453924598725e-12
54128930 5.021316695774658e-12
54182523 4.920563956289925e-12
54236116 4.821809618249517e-12
54289709 4.724887148199741e-12
54343302 4.630074101896753e-12
54396895 4.537092923584396e-12
54450488 4.446110146716364e-12
54504081 4.356681682082808e-12
54557674 4.269251618893577e-12
54611267 4.183542401392515e-12
54664860 4.099554029579622e-12
54718453 4.017286503454898e-12
54772046 3.9367398230183426e-12
54825639 3.857802965967494e-12
54879232 3.780309398848658e-12
54932825 3.704370143964297e-12
54986418 3.6300962236168743e-12
55040011 3.5570990597477703e-12
55093604 3.4856562081131415e-12
55147197 3.415823179864219e-12
55200790 3.347100374639922e-12
55254383 3.2800429039525625e-12
55307976 3.214095656289828e-12
55361569 3.149702720861569e-12
55415162 3.0865310307603977e-12
55468755 3.0242475190789264e-12
55522348 2.9637403642368554e-12
55575941 2.9041213878144845e-12
55629534 2.8459457013241263e-12
55683127 2.788658193253468e-12
55736720 2.733036019719748e-12
55790313 2.677913446547109e-12
55843906 2.6240676298527887e-12
55897499 2.5716651030904814e-12
55951092 2.519873198991718e-12
56004685 2.469358051371273e-12
56058278 2.419564548716835e-12
56111871 2.3712143359944093e-12
56165464 2.32358576823799e-12
56219057 2.276845378901271e-12
56272650 2.2310486791354833e-12
56326243 2.1865287358480145e-12
56379836 2.142452881770396e-12
56433429 2.0993762284149398e-12
56487022 2.057243264630415e-12
56540615 2.0160539904168218e-12
56594208 1.975419827715541e-12
56647801 1.9358958880388855e-12
56701394 1.8969825710257737e-12
56754987 1.8588464101298996e-12
56808580 1.8215429165024943e-12
56862173 1.7850165789923267e-12
56915766 1.7491563752969341e-12
56969359 1.7139067942650854e-12
57022952 1.6798229474090931e-12
57076545 1.6459056340067946e-12
57130138 1.6127099655705024e-12
57183731 1.5806245201588354e-12
57237324 1.5488166305033246e-12
57290917 1.5176193635113577e-12
57344510 1.4874768083927847e-12
57398103 1.457389764425443e-12
57451696 1.4281908988778014e-12
57505289 1.3995471448424723e-12
57558882 1.371291968865762e-12
57612475 1.343924971308752e-12
57666068 1.3169465518103607e-12
57719661 1.2906342661267445e-12
57773254 1.2644330027455908e-12
57826847 1.239064406632906e-12
57880440 1.2142509220325337e-12
57934033 1.1899370377932428e-12
57987626 1.1661782650662644e-12
58041219 1.1425860257929799e-12
58094812 1.119992987241858e-12
58148405 1.0971223929345797e-12
58201998 1.0753065105006954e-12
58255591 1.053490628066811e-12
58309184 1.0323408794477018e-12
58362777 1.0118017534921364e-12
58416370 9.913736498390335e-13
58469963 9.715006576982432e-13
58523556 9.523493105234593e-13
58577149 9.32920407592519e-13
58630742 9.139911050226601e-13
58684335 8.958389585700388e-13
58737928 8.779643678735738e-13
58791521 8.602563106308025e-13
58845114 8.429368314466501e-13
58898707 8.25894908018654e-13
58952300 8.094080961029704e-13
59005893 7.932543510946743e-13
59059486 7.772671395400721e-13
59113079 7.616129948928574e-13
59166672 7.464029394554927e-13
59220265 7.313594174718219e-13
59273858 7.169820293029261e-13
59327451 7.024381076803365e-13
59381044 6.881717418139033e-13
59434637 6.743494651573201e-13
59488230 6.611378111642807e-13
59541823 6.475930902638538e-13
59595416 6.34714503178202e-13
59649009 6.218359160925502e-13
59702602 6.094569293679797e-13
59756195 5.971889649458717e-13
59809788 5.850320228262262e-13
59863381 5.735412145213559e-13
59916974 5.617728504603292e-13
59970567 5.508926648190027e-13
60024160 5.395128788165948e-13
60077753 5.289102489314246e-13
60131346 5.181410855925606e-13
60184939 5.076494780098528e-13
60238532 4.973799150320701e-13
60292125 4.877209747178313e-13
60345718 4.780065232523611e-13
60399311 4.684030940893535e-13
60452904 4.588551760775772e-13
60506497 4.496403249731884e-13
60560090 4.4048098502003086e-13
60613683 4.317657342767234e-13
60667276 4.229394612309534e-13
60720869 4.145017662438022e-13
60774462 4.063416270128073e-13
60828055 3.9823699893304365e-13
60881648 3.9018788200451127e-13
60935241 3.8258285428582894e-13
60988834 3.745892485085278e-13
61042427 3.6703973194107675e-13
61096020 3.5993430458347575e-13
61149613 3.523847880160247e-13
61203206 3.453903829608862e-13
61256799 3.383959779057477e-13
61310392 3.3173463975799677e-13
61363985 3.249622793077833e-13
61417578 3.1874503036988244e-13
61471171 3.1213920337336276e-13
61524764 3.0586644328423063e-13
61578357 2.9964919434632975e-13
61631950 2.936539900133539e-13
61685543 2.878808302853031e-13
61739136 2.8199664825478976e-13
61792729 2.762789996779702e-13
61846322 2.707833957060757e-13
61899915 2.6539881403664367e-13
61953508 2.601252546696742e-13
62007101 2.5474067300024217e-13
62060694 2.495781359357352e-13
62114287 2.4474866577861576e-13
62167880 2.399747067727276e-13
62221473 2.3503421431314564e-13
62275066 2.3042678876095124e-13
62328659 2.2554180745260055e-13
62382252 2.2104540420286867e-13
62435845 2.1654900095313678e-13
62489438 2.1238566461079245e-13
62543031 2.0805579481475434e-13
62596624 2.041700142285663e-13
62650217 1.999511667349907e-13
62703810 1.957323192414151e-13
62757403 1.921796055626146e-13
62810996 1.87960758069039e-13
62864589 1.844080443902385e-13
62918182 1.805777749552817e-13
62971775 1.7685852782278744e-13
63025368 1.7341683644644945e-13
63078961 1.7030821197749901e-13
63132554 1.6653345369377348e-13
63186147 1.630917623174355e-13
63239740 1.5987211554602254e-13
63293333 1.5709655798445965e-13
63346926 1.5343282200319663e-13
63400519 1.5037970868547745e-13
63454112 1.4732659536775827e-13
63507705 1.4449552665496412e-13
63561298 1.4155343563970746e-13
63614891 1.387223669269133e-13
63668484 1.358357870628879e-13
63722077 1.3344880755994382e-13
63775670 1.3078427230084344e-13
63829263 1.280642258905118e-13
63882856 1.2539969063141143e-13
63936449 1.2301271112846734e-13
63990042 1.2040368702059823e-13
64043635 1.1801670751765414e-13
64097228 1.155742168634788e-13
64150821 1.1329825966299722e-13
64204414 1.1102230246251565e-13
64258007 1.0902390101819037e-13
64311600 1.0658141036401503e-13
64365193 1.0447198661722723e-13
64418786 1.0236256287043943e-13
64472379 1.0019762797242038e-13
64525972 9.847678228425139e-14
64579565 9.625633623500107e-14
64633158 9.431344594190705e-14
64686751 9.242606680004428e-14
64740344 9.070522111187529e-14
64793937 8.876233081878127e-14
64847530 8.698597397938101e-14
64901123 8.537615059367454e-14
64954716 8.359979375427429e-14
65008309 8.182343691487404e-14
65061902 8.054668043655511e-14
65115495 7.877032359715486e-14
65169088 7.716050021144838e-14
65222681 7.538414337204813e-14
65276274 7.394085344003543e-14
65329867 7.249756350802272e-14
65383460 7.105427357601002e-14
65437053 6.961098364399732e-14
65490646 6.838973831690964e-14
65544239 6.70019595361282e-14
65597832 6.544764730165298e-14
65651425 6.428191312579656e-14
65705018 6.306066779870889e-14
65758611 6.17284001691587e-14
65812204 6.050715484207103e-14
65865797 5.934142066621462e-14
65919390 5.800915303666443e-14
65972983 5.695444116327053e-14
66026576 5.5844218138645374e-14
66080169 5.473399511402022e-14
66133762 5.3512749786932545e-14
66187355 5.2513549064769904e-14
66240948 5.134781488891349e-14
66294541 5.034861416675085e-14
66348134 4.957145804951324e-14
66401727 4.829470157119431e-14
66455320 4.7351012000262926e-14
66508913 4.674038933671909e-14
66562506 4.5852210917018965e-14
66616099 4.463096558993129e-14
66669692 4.3853809472693683e-14
66723285 4.3076653355456074e-14
66776878 4.218847493575595e-14
66830471 4.118927421359331e-14
66884064 4.030109579389318e-14
66937657 3.957945082788683e-14
66991250 3.885780586188048e-14
67044843 3.7969627442180354e-14
67098436 3.730349362740526e-14
67152029 3.6415315207705135e-14
67205622 3.574918139293004e-14
67259215 3.497202527569243e-14
67312808 3.419486915845482e-14
67366401 3.3639757646142243e-14
67419994 3.3084646133829665e-14
67473587 3.219646771412954e-14
67527180 3.164135620181696e-14
67580773 3.097522238704187e-14
67634366 3.064215547965432e-14
67687959 2.9976021664879227e-14
67741552 2.914335439641036e-14
67795145 2.90878432451791e-14
67848738 2.8310687127941492e-14
67902331 2.758904216193514e-14
67955924 2.708944180085382e-14
68009517 2.708944180085382e-14
68063110 2.5979218776228663e-14
68116703 2.5757174171303632e-14
68170296 2.503552920529728e-14
68223889 2.531308496145357e-14
68277482 2.3869795029440866e-14
68331075 2.375877272697835e-14
68384668 2.3092638912203256e-14
68438261 2.3092638912203256e-14
68491854 2.2093438190040615e-14
68545447 2.1760371282653068e-14
68599040 2.1316282072803006e-14
68652633 2.0761170560490427e-14
68706226 2.042810365310288e-14
68759819 2.020605904817785e-14
68813412 1.9984014443252818e-14
68867005 1.9206858326015208e-14
68920598 1.9095836023552692e-14
68974191 1.8762769116165146e-14
69027784 1.865174681370263e-14
69081377 1.865174681370263e-14
69134970 1.7541523789077473e-14
69188563 1.709743457922741e-14
69242156 1.7319479184152442e-14
69295749 1.687538997430238e-14
69349342 1.6431300764452317e-14
69402935 1.5987211554602254e-14
69456528 1.5987211554602254e-14
69510121 1.554312234475219e-14
69563714 1.509903313490213e-14
69617307 1.5987211554602254e-14
69670900 1.4876988529977098e-14
69724493 1.4210854715202004e-14
69778086 1.4432899320127035e-14
69831679 1.3988810110276972e-14
69885272 1.3766765505351941e-14
69938865 1.4210854715202004e-14
69992458 1.3322676295501878e-14
70046051 1.3322676295501878e-14
70099644 1.2878587085651816e-14
70153237 1.2434497875801753e-14
70206830 1.2434497875801753e-14
70260423 1.3322676295501878e-14
70314016 1.2434497875801753e-14
70367609 1.2434497875801753e-14
70421202 1.2434497875801753e-14
70474795 1.1546319456101628e-14
70528388 1.1546319456101628e-14
70581981 1.1102230246251565e-14
70635574 1.1546319456101628e-14
70689167 1.1546319456101628e-14
70742760 1.0658141036401503e-14
70796353 1.0658141036401503e-14
70849946 1.0658141036401503e-14
70903539 9.769962616701378e-15
70957132 1.0658141036401503e-14
71010725 1.0658141036401503e-14
71064318 1.0658141036401503e-14
71117911 1.0658141036401503e-14
71171504 1.0658141036401503e-14
71225097 1.0658141036401503e-14
71278690 9.769962616701378e-15
71332283 1.0658141036401503e-14
71385876 1.0658141036401503e-14
71439469 9.769962616701378e-15
71493062 8.881784197001252e-15
71546655 1.1546319456101628e-14
71600248 1.0658141036401503e-14
71653841 1.0658141036401503e-14
71707434 8.881784197001252e-15
71761027 8.881784197001252e-15
71814620 1.0658141036401503e-14
71868213 1.0658141036401503e-14
71921806 8.881784197001252e-15
71975399 1.0658141036401503e-14
72028992 8.881784197001252e-15
72082585 1.0658141036401503e-14
72136178 1.0658141036401503e-14
72189771 8.881784197001252e-15
72243364 8.881784197001252e-15
72296957 8.881784197001252e-15
72350550 8.881784197001252e-15
72404143 8.881784197001252e-15
72457736 8.881784197001252e-15
72511329 1.0658141036401503e-14
72564922 8.881784197001252e-15
72618515 8.881784197001252e-15
72672108 8.881784197001252e-15
72725701 8.881784197001252e-15
72779294 8.881784197001252e-15
72832887 7.105427357601002e-15
72886480 7.993605777301127e-15
72940073 8.881784197001252e-15
72993666 8.881784197001252e-15
73047259 1.0658141036401503e-14
73100852 8.881784197001252e-15
73154445 8.881784197001252e-15
73208038 8.881784197001252e-15
73261631 8.881784197001252e-15
73315224 8.881784197001252e-15
73368817 8.881784197001252e-15
73422410 1.0658141036401503e-14
73476003 8.881784197001252e-15
73529596 8.881784197001252e-15
73583189 8.881784197001252e-15
73636782 8.881784197001252e-15
73690375 7.993605777301127e-15
73743968 8.881784197001252e-15
73797561 8.881784197001252e-15
73851154 7.993605777301127e-15
73904747 8.881784197001252e-15
73958340 8.881784197001252e-15
74011933 8.881784197001252e-15
74065526 8.881784197001252e-15
74119119 8.881784197001252e-15
74172712 8.881784197001252e-15
74226305 8.881784197001252e-15
74279898 8.881784197001252e-15
74333491 8.881784197001252e-15
74387084 8.881784197001252e-15
74440677 8.881784197001252e-15
74494270 8.881784197001252e-15
74547863 8.881784197001252e-15
74601456 8.881784197001252e-15
74655049 7.105427357601002e-15
74708642 8.881784197001252e-15
74762235 8.881784197001252e-15
74815828 7.993605777301127e-15
74869421 8.881784197001252e-15
74923014 7.105427357601002e-15
74976607 8.881784197001252e-15
75030200 7.105427357601002e-15
75083793 7.105427357601002e-15
75137386 7.105427357601002e-15
75190979 8.881784197001252e-15
75244572 7.105427357601002e-15
75298165 8.881784197001252e-15
75351758 7.105427357601002e-15
75405351 8.881784197001252e-15
75458944 8.881784197001252e-15
75512537 8.881784197001252e-15
75566130 7.105427357601002e-15
75619723 7.105427357601002e-15
75673316 7.105427357601002e-15
75726909 8.881784197001252e-15
75780502 8.881784197001252e-15
75834095 7.993605777301127e-15
75887688 7.105427357601002e-15
75941281 7.105427357601002e-15
75994874 1.0658141036401503e-14
76048467 7.105427357601002e-15
76102060 7.105427357601002e-15
76155653 7.105427357601002e-15
76209246 7.105427357601002e-15
76262839 8.881784197001252e-15
76316432 8.881784197001252e-15
76370025 7.105427357601002e-15
76423618 7.105427357601002e-15
76477211 7.105427357601002e-15
76530804 8.881784197001252e-15
76584397 8.881784197001252e-15
76637990 8.881784197001252e-15
76691583 8.881784197001252e-15
76745176 8.881784197001252e-15
76798769 7.105427357601002e-15
76852362 8.881784197001252e-15
76905955 7.105427357601002e-15
76959548 7.105427357601002e-15
77013141 8.881784197001252e-15
77066734 7.105427357601002e-15
77120327 7.105427357601002e-15
77173920 8.881784197001252e-15
77227513 8.881784197001252e-15
77281106 8.881784197001252e-15
77334699 7.105427357601002e-15
77388292 8.881784197001252e-15
77441885 8.881784197001252e-15
77495478 8.881784197001252e-15
77549071 7.993605777301127e-15
77602664 7.105427357601002e-15
77656257 7.105427357601002e-15
77709850 7.993605777301127e-15
77763443 7.105427357601002e-15
77817036 7.105427357601002e-15
77870629 7.105427357601002e-15
77924222 7.105427357601002e-15
77977815 8.881784197001252e-15
78031408 7.105427357601002e-15
78085001 7.105427357601002e-15
78138594 7.105427357601002e-15
78192187 7.105427357601002e-15
78245780 8.881784197001252e-15
78299373 7.105427357601002e-15
78352966 8.881784197001252e-15
78406559 8.881784197001252e-15
78460152 7.105427357601002e-15
78513745 7.105427357601002e-15
78567338 7.105427357601002e-15
78620931 7.105427357601002e-15
78674524 7.105427357601002e-15
78728117 7.105427357601002e-15
78781710 7.105427357601002e-15
78835303 7.105427357601002e-15
78888896 7.105427357601002e-15
78942489 7.105427357601002e-15
78996082 7.105427357601002e-15
79049675 7.105427357601002e-15
79103268 7.105427357601002e-15
79156861 7.105427357601002e-15
79210454 7.105427357601002e-15
79264047 7.105427357601002e-15
79317640 7.105427357601002e-15
79371233 8.881784197001252e-15
79424826 7.105427357601002e-15
79478419 7.105427357601002e-15
79532012 7.105427357601002e-15
79585605 7.105427357601002e-15
79639198 7.105427357601002e-15
79692791 7.105427357601002e-15
79746384 7.105427357601002e-15
79799977 7.105427357601002e-15
79853570 5.329070518200751e-15
79907163 7.105427357601002e-15
79960756 5.329070518200751e-15
80014349 7.105427357601002e-15
80067942 7.105427357601002e-15
80121535 7.105427357601002e-15
80175128 5.329070518200751e-15
80228721 7.105427357601002e-15
80282314 7.105427357601002e-15
80335907 7.105427357601002e-15
80389500 7.105427357601002e-15
80443093 7.105427357601002e-15
80496686 7.105427357601002e-15
80550279 7.105427357601002e-15
80603872 7.105427357601002e-15
80657465 7.105427357601002e-15
80711058 5.329070518200751e-15
80764651 5.329070518200751e-15
80818244 7.105427357601002e-15
80871837 7.105427357601002e-15
80925430 7.993605777301127e-15
80979023 5.329070518200751e-15
81032616 7.105427357601002e-15
81086209 8.881784197001252e-15
81139802 5.329070518200751e-15
81193395 7.105427357601002e-15
81246988 8.881784197001252e-15
81300581 5.329070518200751e-15
81354174 7.105427357601002e-15
81407767 7.105427357601002e-15
81461360 7.105427357601002e-15
81514953 7.105427357601002e-15
81568546 7.105427357601002e-15
81622139 7.105427357601002e-15
81675732 7.105427357601002e-15
81729325 7.105427357601002e-15
81782918 7.105427357601002e-15
81836511 5.329070518200751e-15
81890104 5.329070518200751e-15
81943697 5.329070518200751e-15
81997290 5.329070518200751e-15
82050883 5.329070518200751e-15
82104476 5.329070518200751e-15
82158069 5.329070518200751e-15
82211662 5.329070518200751e-15
82265255 5.329070518200751e-15
82318848 5.329070518200751e-15
82372441 5.329070518200751e-15
82426034 5.329070518200751e-15
82479627 5.329070518200751e-15
82533220 5.329070518200751e-15
82586813 5.329070518200751e-15
82640406 5.329070518200751e-15
82693999 5.329070518200751e-15
82747592 5.329070518200751e-15
82801185 5.329070518200751e-15
82854778 5.329070518200751e-15
82908371 5.329070518200751e-15
82961964 5.329070518200751e-15
83015557 5.329070518200751e-15
83069150 5.329070518200751e-15
83122743 5.329070518200751e-15
83176336 5.329070518200751e-15
83229929 5.329070518200751e-15
83283522 5.329070518200751e-15
83337115 5.329070518200751e-15
83390708 5.329070518200751e-15
83444301 5.329070518200751e-15
83497894 5.329070518200751e-15
83551487 5.329070518200751e-15
83605080 5.329070518200751e-15
83658673 5.329070518200751e-15
83712266 5.329070518200751e-15
83765859 5.329070518200751e-15
83819452 5.329070518200751e-15
83873045 5.329070518200751e-15
83926638 5.329070518200751e-15
83980231 5.329070518200751e-15
84033824 5.329070518200751e-15
84087417 5.329070518200751e-15
84141010 5.329070518200751e-15
84194603 5.329070518200751e-15
84248196 5.329070518200751e-15
84301789 5.329070518200751e-15
84355382 5.329070518200751e-15
84408975 5.329070518200751e-15
84462568 5.329070518200751e-15
84516161 5.329070518200751e-15
84569754 5.329070518200751e-15
84623347 5.329070518200751e-15
84676940 5.329070518200751e-15
84730533 5.329070518200751e-15
84784126 5.329070518200751e-15
84837719 5.329070518200751e-15
84891312 5.329070518200751e-15
84944905 5.329070518200751e-15
84998498 5.329070518200751e-15
85052091 5.329070518200751e-15
85105684 5.329070518200751e-15
85159277 5.329070518200751e-15
85212870 5.329070518200751e-15
85266463 5.329070518200751e-15
85320056 5.329070518200751e-15
85373649 5.329070518200751e-15
85427242 5.329070518200751e-15
85480835 5.329070518200751e-15
85534428 5.329070518200751e-15
85588021 5.329070518200751e-15
85641614 5.329070518200751e-15
85695207 5.329070518200751e-15
85748800 5.329070518200751e-15
85802393 5.329070518200751e-15
85855986 5.329070518200751e-15
85909579 5.329070518200751e-15
85963172 5.329070518200751e-15
86016765 5.329070518200751e-15
86070358 5.329070518200751e-15
86123951 5.329070518200751e-15
86177544 5.329070518200751e-15
86231137 5.329070518200751e-15
86284730 5.329070518200751e-15
86338323 5.329070518200751e-15
86391916 5.329070518200751e-15
86445509 5.329070518200751e-15
86499102 5.329070518200751e-15
86552695 5.329070518200751e-15
86606288 5.329070518200751e-15
86659881 5.329070518200751e-15
86713474 5.329070518200751e-15
86767067 5.329070518200751e-15
86820660 5.329070518200751e-15
86874253 5.329070518200751e-15
86927846 5.329070518200751e-15
86981439 5.329070518200751e-15
87035032 5.329070518200751e-15
87088625 5.329070518200751e-15
87142218 5.329070518200751e-15
87195811 5.329070518200751e-15
87249404 5.329070518200751e-15
87302997 5.329070518200751e-15
87356590 5.329070518200751e-15
87410183 5.329070518200751e-15
87463776 5.329070518200751e-15
87517369 5.329070518200751e-15
87570962 5.329070518200751e-15
87624555 5.329070518200751e-15
87678148 5.329070518200751e-15
87731741 5.329070518200751e-15
87785334 5.329070518200751e-15
87838927 5.329070518200751e-15
87892520 5.329070518200751e-15
87946113 5.329070518200751e-15
87999706 5.329070518200751e-15
88053299 5.329070518200751e-15
88106892 5.329070518200751e-15
88160485 5.329070518200751e-15
88214078 5.329070518200751e-15
88267671 5.329070518200751e-15
88321264 5.329070518200751e-15
88374857 5.329070518200751e-15
88428450 5.329070518200751e-15
88482043 5.329070518200751e-15
88535636 5.329070518200751e-15
88589229 5.329070518200751e-15
88642822 5.329070518200751e-15
88696415 5.329070518200751e-15
88750008 5.329070518200751e-15
88803601 5.329070518200751e-15
88857194 5.329070518200751e-15
88910787 5.329070518200751e-15
88964380 5.329070518200751e-15
89017973 5.329070518200751e-15
89071566 5.329070518200751e-15
89125159 5.329070518200751e-15
89178752 5.329070518200751e-15
89232345 5.329070518200751e-15
89285938 5.329070518200751e-15
89339531 5.329070518200751e-15
89393124 5.329070518200751e-15
89446717 5.329070518200751e-15
89500310 5.329070518200751e-15
89553903 5.329070518200751e-15
89607496 5.329070518200751e-15
89661089 5.329070518200751e-15
89714682 5.329070518200751e-15
89768275 5.329070518200751e-15
89821868 5.329070518200751e-15
89875461 5.329070518200751e-15
89929054 5.329070518200751e-15
89982647 5.329070518200751e-15
90036240 5.329070518200751e-15
90089833 5.329070518200751e-15
90143426 5.329070518200751e-15
90197019 5.329070518200751e-15
90250612 5.329070518200751e-15
90304205 5.329070518200751e-15
90357798 5.329070518200751e-15
90411391 5.329070518200751e-15
90464984 5.329070518200751e-15
90518577 5.329070518200751e-15
90572170 5.329070518200751e-15
90625763 5.329070518200751e-15
90679356 5.329070518200751e-15
90732949 5.329070518200751e-15
90786542 5.329070518200751e-15
90840135 5.329070518200751e-15
90893728 5.329070518200751e-15
90947321 5.329070518200751e-15
91000914 5.329070518200751e-15
91054507 5.329070518200751e-15
91108100 5.329070518200751e-15
91161693 5.329070518200751e-15
91215286 5.329070518200751e-15
91268879 5.329070518200751e-15
91322472 5.329070518200751e-15
91376065 5.329070518200751e-15
91429658 5.329070518200751e-15
91483251 5.329070518200751e-15
91536844 5.329070518200751e-15
91590437 5.329070518200751e-15
91644030 5.329070518200751e-15
91697623 5.329070518200751e-15
91751216 5.329070518200751e-15
91804809 5.329070518200751e-15
91858402 5.329070518200751e-15
91911995 5.329070518200751e-15
91965588 5.329070518200751e-15
92019181 5.329070518200751e-15
92072774 5.329070518200751e-15
92126367 5.329070518200751e-15
92179960 5.329070518200751e-15
92233553 5.329070518200751e-15
92287146 5.329070518200751e-15
92340739 5.329070518200751e-15
92394332 5.329070518200751e-15
92447925 5.329070518200751e-15
92501518 5.329070518200751e-15
92555111 5.329070518200751e-15
92608704 5.329070518200751e-15
92662297 5.329070518200751e-15
92715890 5.329070518200751e-15
92769483 5.329070518200751e-15
92823076 5.329070518200751e-15
92876669 5.329070518200751e-15
92930262 5.329070518200751e-15
92983855 5.329070518200751e-15
93037448 5.329070518200751e-15
93091041 5.329070518200751e-15
93144634 5.329070518200751e-15
93198227 5.329070518200751e-15
93251820 5.329070518200751e-15
93305413 5.329070518200751e-15
93359006 5.329070518200751e-15
93412599 5.329070518200751e-15
93466192 5.329070518200751e-15
93519785 5.329070518200751e-15
93573378 5.329070518200751e-15
93626971 5.329070518200751e-15
93680564 5.329070518200751e-15
93734157 5.329070518200751e-15
93787750 5.329070518200751e-15
93841343 5.329070518200751e-15
93894936 5.329070518200751e-15
93948529 5.329070518200751e-15
94002122 5.329070518200751e-15
94055715 5.329070518200751e-15
94109308 5.329070518200751e-15
94162901 5.329070518200751e-15
94216494 5.329070518200751e-15
94270087 5.329070518200751e-15
94323680 5.329070518200751e-15
94377273 5.329070518200751e-15
94430866 5.329070518200751e-15
94484459 5.329070518200751e-15
94538052 5.329070518200751e-15
94591645 5.329070518200751e-15
94645238 5.329070518200751e-15
94698831 5.329070518200751e-15
94752424 5.329070518200751e-15
94806017 5.329070518200751e-15
94859610 5.329070518200751e-15
94913203 5.329070518200751e-15
94966796 5.329070518200751e-15
95020389 5.329070518200751e-15
95073982 5.329070518200751e-15
95127575 5.329070518200751e-15
95181168 5.329070518200751e-15
95234761 5.329070518200751e-15
95288354 5.329070518200751e-15
95341947 5.329070518200751e-15
95395540 5.329070518200751e-15
95449133 5.329070518200751e-15
95502726 5.329070518200751e-15
95556319 5.329070518200751e-15
95609912 5.329070518200751e-15
95663505 5.329070518200751e-15
95717098 5.329070518200751e-15
95770691 5.329070518200751e-15
95824284 5.329070518200751e-15
95877877 5.329070518200751e-15
95931470 5.329070518200751e-15
95985063 5.329070518200751e-15
96038656 5.329070518200751e-15
96092249 5.329070518200751e-15
96145842 5.329070518200751e-15
96199435 5.329070518200751e-15
96253028 5.329070518200751e-15
96306621 5.329070518200751e-15
96360214 5.329070518200751e-15
96413807 5.329070518200751e-15
96467400 5.329070518200751e-15
96520993 5.329070518200751e-15
96574586 5.329070518200751e-15
96628179 5.329070518200751e-15
96681772 5.329070518200751e-15
96735365 5.329070518200751e-15
96788958 5.329070518200751e-15
96842551 5.329070518200751e-15
96896144 5.329070518200751e-15
96949737 5.329070518200751e-15
97003330 5.329070518200751e-15
97056923 5.329070518200751e-15
97110516 5.329070518200751e-15
97164109 5.329070518200751e-15
97217702 5.329070518200751e-15
97271295 5.329070518200751e-15
97324888 5.329070518200751e-15
97378481 5.329070518200751e-15
97432074 5.329070518200751e-15
97485667 5.329070518200751e-15
97539260 5.329070518200751e-15
97592853 5.329070518200751e-15
97646446 5.329070518200751e-15
97700039 5.329070518200751e-15
97753632 5.329070518200751e-15
97807225 5.329070518200751e-15
97860818 5.329070518200751e-15
97914411 5.329070518200751e-15
97968004 5.329070518200751e-15
98021597 5.329070518200751e-15
98075190 5.329070518200751e-15
98128783 5.329070518200751e-15
98182376 5.329070518200751e-15
98235969 5.329070518200751e-15
98289562 5.329070518200751e-15
98343155 5.329070518200751e-15
98396748 5.329070518200751e-15
98450341 5.329070518200751e-15
98503934 5.329070518200751e-15
98557527 5.329070518200751e-15
98611120 5.329070518200751e-15
98664713 5.329070518200751e-15
98718306 5.329070518200751e-15
98771899 5.329070518200751e-15
98825492 5.329070518200751e-15
98879085 5.329070518200751e-15
98932678 5.329070518200751e-15
98986271 5.329070518200751e-15
99039864 5.329070518200751e-15
99093457 5.329070518200751e-15
99147050 5.329070518200751e-15
99200643 5.329070518200751e-15
99254236 5.329070518200751e-15
99307829 5.329070518200751e-15
99361422 5.329070518200751e-15
99415015 5.329070518200751e-15
99468608 5.329070518200751e-15
99522201 5.329070518200751e-15
99575794 5.329070518200751e-15
99629387 5.329070518200751e-15
99682980 5.329070518200751e-15
99736573 5.329070518200751e-15
99790166 5.329070518200751e-15
99843759 5.329070518200751e-15
99897352 5.329070518200751e-15
99950945 5.329070518200751e-15
100004538 5.329070518200751e-15
100058131 5.329070518200751e-15
100111724 5.329070518200751e-15
100165317 5.329070518200751e-15
100218910 5.329070518200751e-15
100272503 5.329070518200751e-15
100326096 5.329070518200751e-15
100379689 5.329070518200751e-15
100433282 5.329070518200751e-15
100486875 5.329070518200751e-15
100540468 5.329070518200751e-15
100594061 5.329070518200751e-15
100647654 5.329070518200751e-15
100701247 5.329070518200751e-15
100754840 5.329070518200751e-15
100808433 5.329070518200751e-15
100862026 5.329070518200751e-15
100915619 5.329070518200751e-15
100969212 5.329070518200751e-15
101022805 5.329070518200751e-15
101076398 5.329070518200751e-15
101129991 5.329070518200751e-15
101183584 5.329070518200751e-15
101237177 5.329070518200751e-15
101290770 5.329070518200751e-15
101344363 5.329070518200751e-15
101397956 5.329070518200751e-15
101451549 5.329070518200751e-15
101505142 5.329070518200751e-15
101558735 5.329070518200751e-15
101612328 5.329070518200751e-15
101665921 5.329070518200751e-15
101719514 5.329070518200751e-15
101773107 5.329070518200751e-15
101826700 5.329070518200751e-15
101880293 5.329070518200751e-15
101933886 5.329070518200751e-15
101987479 5.329070518200751e-15
102041072 5.329070518200751e-15
102094665 5.329070518200751e-15
102148258 5.329070518200751e-15
102201851 5.329070518200751e-15
102255444 5.329070518200751e-15
102309037 5.329070518200751e-15
102362630 5.329070518200751e-15
102416223 5.329070518200751e-15
102469816 5.329070518200751e-15
102523409 5.329070518200751e-15
102577002 5.329070518200751e-15
102630595 5.329070518200751e-15
102684188 5.329070518200751e-15
102737781 5.329070518200751e-15
102791374 5.329070518200751e-15
102844967 5.329070518200751e-15
102898560 5.329070518200751e-15
102952153 5.329070518200751e-15
103005746 5.329070518200751e-15
103059339 5.329070518200751e-15
103112932 5.329070518200751e-15
103166525 5.329070518200751e-15
103220118 5.329070518200751e-15
103273711 5.329070518200751e-15
103327304 5.329070518200751e-15
103380897 5.329070518200751e-15
103434490 5.329070518200751e-15
103488083 5.329070518200751e-15
103541676 5.329070518200751e-15
103595269 5.329070518200751e-15
103648862 5.329070518200751e-15
103702455 5.329070518200751e-15
103756048 5.329070518200751e-15
103809641 5.329070518200751e-15
103863234 5.329070518200751e-15
103916827 5.329070518200751e-15
103970420 5.329070518200751e-15
104024013 5.329070518200751e-15
104077606 5.329070518200751e-15
104131199 5.329070518200751e-15
104184792 5.329070518200751e-15
104238385 5.329070518200751e-15
104291978 5.329070518200751e-15
104345571 5.329070518200751e-15
104399164 5.329070518200751e-15
104452757 5.329070518200751e-15
104506350 5.329070518200751e-15
104559943 5.329070518200751e-15
104613536 5.329070518200751e-15
104667129 5.329070518200751e-15
104720722 5.329070518200751e-15
104774315 5.329070518200751e-15
104827908 5.329070518200751e-15
104881501 5.329070518200751e-15
104935094 5.329070518200751e-15
104988687 5.329070518200751e-15
105042280 5.329070518200751e-15
105095873 5.329070518200751e-15
105149466 5.329070518200751e-15
105203059 5.329070518200751e-15
105256652 5.329070518200751e-15
105310245 5.329070518200751e-15
105363838 5.329070518200751e-15
105417431 5.329070518200751e-15
105471024 5.329070518200751e-15
105524617 5.329070518200751e-15
105578210 5.329070518200751e-15
105631803 5.329070518200751e-15
105685396 5.329070518200751e-15
105738989 5.329070518200751e-15
105792582 5.329070518200751e-15
105846175 5.329070518200751e-15
105899768 5.329070518200751e-15
105953361 5.329070518200751e-15
106006954 5.329070518200751e-15
106060547 5.329070518200751e-15
106114140 5.329070518200751e-15
106167733 5.329070518200751e-15
106221326 5.329070518200751e-15
106274919 5.329070518200751e-15
106328512 5.329070518200751e-15
106382105 5.329070518200751e-15
106435698 5.329070518200751e-15
106489291 5.329070518200751e-15
106542884 5.329070518200751e-15
106596477 5.329070518200751e-15
106650070 5.329070518200751e-15
106703663 5.329070518200751e-15
106757256 5.329070518200751e-15
106810849 5.329070518200751e-15
106864442 5.329070518200751e-15
106918035 5.329070518200751e-15
106971628 5.329070518200751e-15
107025221 5.329070518200751e-15
107078814 5.329070518200751e-15
107132407 5.329070518200751e-15
107186000 5.329070518200751e-15
107239593 5.329070518200751e-15
107293186 5.329070518200751e-15
107346779 5.329070518200751e-15
107400372 5.329070518200751e-15
107453965 5.329070518200751e-15
107507558 5.329070518200751e-15
107561151 5.329070518200751e-15
107614744 5.329070518200751e-15
107668337 5.329070518200751e-15
107721930 5.329070518200751e-15
107775523 5.329070518200751e-15
107829116 5.329070518200751e-15
107882709 5.329070518200751e-15
107936302 5.329070518200751e-15
107989895 5.329070518200751e-15
108043488 5.329070518200751e-15
108097081 5.329070518200751e-15
108150674 5.329070518200751e-15
108204267 5.329070518200751e-15
108257860 5.329070518200751e-15
108311453 5.329070518200751e-15
108365046 5.329070518200751e-15
108418639 5.329070518200751e-15
108472232 5.329070518200751e-15
108525825 5.329070518200751e-15
108579418 5.329070518200751e-15
108633011 5.329070518200751e-15
108686604 5.329070518200751e-15
108740197 5.329070518200751e-15
108793790 5.329070518200751e-15
108847383 5.329070518200751e-15
108900976 5.329070518200751e-15
108954569 5.329070518200751e-15
109008162 5.329070518200751e-15
109061755 5.329070518200751e-15
109115348 5.329070518200751e-15
109168941 5.329070518200751e-15
109222534 5.329070518200751e-15
109276127 5.329070518200751e-15
109329720 5.329070518200751e-15
109383313 5.329070518200751e-15
109436906 5.329070518200751e-15
109490499 5.329070518200751e-15
109544092 5.329070518200751e-15
109597685 5.329070518200751e-15
109651278 5.329070518200751e-15
109704871 5.329070518200751e-15
109758464 5.329070518200751e-15
109812057 5.329070518200751e-15
109865650 5.329070518200751e-15
109919243 5.329070518200751e-15
109972836 5.329070518200751e-15
110026429 5.329070518200751e-15
110080022 5.329070518200751e-15
110133615 5.329070518200751e-15
110187208 5.329070518200751e-15
110240801 5.329070518200751e-15
110294394 5.329070518200751e-15
110347987 5.329070518200751e-15
110401580 5.329070518200751e-15
110455173 5.329070518200751e-15
110508766 5.329070518200751e-15
110562359 5.329070518200751e-15
110615952 5.329070518200751e-15
110669545 5.329070518200751e-15
110723138 5.329070518200751e-15
110776731 5.329070518200751e-15
110830324 5.329070518200751e-15
110883917 5.329070518200751e-15
110937510 5.329070518200751e-15
110991103 5.329070518200751e-15
111044696 5.329070518200751e-15
111098289 5.329070518200751e-15
111151882 5.329070518200751e-15
111205475 5.329070518200751e-15
111259068 5.329070518200751e-15
111312661 5.329070518200751e-15
111366254 5.329070518200751e-15
111419847 5.329070518200751e-15
111473440 5.329070518200751e-15
111527033 5.329070518200751e-15
111580626 5.329070518200751e-15
111634219 5.329070518200751e-15
111687812 5.329070518200751e-15
111741405 5.329070518200751e-15
111794998 5.329070518200751e-15
111848591 5.329070518200751e-15
111902184 5.329070518200751e-15
111955777 5.329070518200751e-15
112009370 5.329070518200751e-15
112062963 5.329070518200751e-15
112116556 5.329070518200751e-15
112170149 5.329070518200751e-15
112223742 5.329070518200751e-15
112277335 5.329070518200751e-15
112330928 5.329070518200751e-15
112384521 5.329070518200751e-15
112438114 5.329070518200751e-15
112491707 5.329070518200751e-15
112545300 5.329070518200751e-15
112598893 5.329070518200751e-15
112652486 5.329070518200751e-15
112706079 5.329070518200751e-15
112759672 5.329070518200751e-15
112813265 5.329070518200751e-15
112866858 5.329070518200751e-15
112920451 5.329070518200751e-15
112974044 5.329070518200751e-15
113027637 5.329070518200751e-15
113081230 5.329070518200751e-15
113134823 5.329070518200751e-15
113188416 5.329070518200751e-15
113242009 5.329070518200751e-15
113295602 5.329070518200751e-15
113349195 5.329070518200751e-15
113402788 5.329070518200751e-15
113456381 5.329070518200751e-15
113509974 5.329070518200751e-15
113563567 5.329070518200751e-15
113617160 5.329070518200751e-15
113670753 5.329070518200751e-15
113724346 5.329070518200751e-15
113777939 5.329070518200751e-15
113831532 5.329070518200751e-15
113885125 5.329070518200751e-15
113938718 5.329070518200751e-15
113992311 5.329070518200751e-15
114045904 5.329070518200751e-15
114099497 5.329070518200751e-15
114153090 5.329070518200751e-15
114206683 5.329070518200751e-15
114260276 5.329070518200751e-15
114313869 5.329070518200751e-15
114367462 5.329070518200751e-15
114421055 5.329070518200751e-15
114474648 5.329070518200751e-15
114528241 5.329070518200751e-15
114581834 5.329070518200751e-15
114635427 5.329070518200751e-15
114689020 5.329070518200751e-15
114742613 5.329070518200751e-15
114796206 5.329070518200751e-15
114849799 5.329070518200751e-15
114903392 5.329070518200751e-15
114956985 5.329070518200751e-15
115010578 5.329070518200751e-15
115064171 5.329070518200751e-15
115117764 5.329070518200751e-15
115171357 5.329070518200751e-15
115224950 5.329070518200751e-15
115278543 5.329070518200751e-15
115332136 5.329070518200751e-15
115385729 5.329070518200751e-15
115439322 5.329070518200751e-15
115492915 5.329070518200751e-15
115546508 5.329070518200751e-15
115600101 5.329070518200751e-15
115653694 5.329070518200751e-15
115707287 5.329070518200751e-15
115760880 5.329070518200751e-15
115814473 5.329070518200751e-15
115868066 5.329070518200751e-15
115921659 5.329070518200751e-15
115975252 5.329070518200751e-15
116028845 5.329070518200751e-15
116082438 5.329070518200751e-15
116136031 5.329070518200751e-15
116189624 5.329070518200751e-15
116243217 5.329070518200751e-15
116296810 5.329070518200751e-15
116350403 5.329070518200751e-15
116403996 5.329070518200751e-15
116457589 5.329070518200751e-15
116511182 5.329070518200751e-15
116564775 5.329070518200751e-15
116618368 5.329070518200751e-15
116671961 5.329070518200751e-15
116725554 5.329070518200751e-15
116779147 5.329070518200751e-15
116832740 5.329070518200751e-15
116886333 5.329070518200751e-15
116939926 5.329070518200751e-15
116993519 5.329070518200751e-15
117047112 5.329070518200751e-15
117100705 5.329070518200751e-15
117154298 5.329070518200751e-15
117207891 5.329070518200751e-15
117261484 5.329070518200751e-15
117315077 5.329070518200751e-15
117368670 5.329070518200751e-15
117422263 5.329070518200751e-15
117475856 5.329070518200751e-15
117529449 5.329070518200751e-15
117583042 5.329070518200751e-15
117636635 5.329070518200751e-15
117690228 5.329070518200751e-15
117743821 5.329070518200751e-15
117797414 5.329070518200751e-15
117851007 5.329070518200751e-15
117904600 5.329070518200751e-15
117958193 5.329070518200751e-15
118011786 5.329070518200751e-15
118065379 5.329070518200751e-15
118118972 5.329070518200751e-15
118172565 5.329070518200751e-15
118226158 5.329070518200751e-15
118279751 5.329070518200751e-15
118333344 5.329070518200751e-15
118386937 5.329070518200751e-15
118440530 5.329070518200751e-15
118494123 5.329070518200751e-15
118547716 5.329070518200751e-15
118601309 5.329070518200751e-15
118654902 5.329070518200751e-15
118708495 5.329070518200751e-15
118762088 5.329070518200751e-15
118815681 5.329070518200751e-15
118869274 5.329070518200751e-15
118922867 5.329070518200751e-15
118976460 5.329070518200751e-15
119030053 5.329070518200751e-15
119083646 5.329070518200751e-15
119137239 5.329070518200751e-15
119190832 5.329070518200751e-15
119244425 5.329070518200751e-15
119298018 5.329070518200751e-15
119351611 5.329070518200751e-15
119405204 5.329070518200751e-15
119458797 5.329070518200751e-15
119512390 5.329070518200751e-15
119565983 5.329070518200751e-15
119619576 5.329070518200751e-15
119673169 5.329070518200751e-15
119726762 5.329070518200751e-15
119780355 5.329070518200751e-15
119833948 5.329070518200751e-15
119887541 5.329070518200751e-15
119941134 5.329070518200751e-15
119994727 5.329070518200751e-15
120048320 5.329070518200751e-15
120101913 5.329070518200751e-15
120155506 5.329070518200751e-15
120209099 5.329070518200751e-15
120262692 5.329070518200751e-15
120316285 5.329070518200751e-15
120369878 5.329070518200751e-15
120423471 5.329070518200751e-15
120477064 5.329070518200751e-15
120530657 5.329070518200751e-15
120584250 5.329070518200751e-15
120637843 5.329070518200751e-15
120691436 5.329070518200751e-15
120745029 5.329070518200751e-15
120798622 5.329070518200751e-15
120852215 5.329070518200751e-15
120905808 5.329070518200751e-15
120959401 5.329070518200751e-15
121012994 5.329070518200751e-15
121066587 5.329070518200751e-15
121120180 5.329070518200751e-15
121173773 5.329070518200751e-15
121227366 5.329070518200751e-15
121280959 5.329070518200751e-15
121334552 5.329070518200751e-15
121388145 5.329070518200751e-15
121441738 5.329070518200751e-15
121495331 5.329070518200751e-15
121548924 5.329070518200751e-15
121602517 5.329070518200751e-15
121656110 5.329070518200751e-15
121709703 5.329070518200751e-15
121763296 5.329070518200751e-15
121816889 5.329070518200751e-15
121870482 5.329070518200751e-15
121924075 5.329070518200751e-15
121977668 5.329070518200751e-15
122031261 5.329070518200751e-15
122084854 5.329070518200751e-15
122138447 5.329070518200751e-15
122192040 5.329070518200751e-15
122245633 5.329070518200751e-15
122299226 5.329070518200751e-15
122352819 5.329070518200751e-15
122406412 5.329070518200751e-15
122460005 5.329070518200751e-15
122513598 5.329070518200751e-15
122567191 5.329070518200751e-15
122620784 5.329070518200751e-15
122674377 5.329070518200751e-15
122727970 5.329070518200751e-15
122781563 5.329070518200751e-15
122835156 5.329070518200751e-15
122888749 5.329070518200751e-15
122942342 5.329070518200751e-15
122995935 5.329070518200751e-15
123049528 5.329070518200751e-15
123103121 5.329070518200751e-15
123156714 5.329070518200751e-15
123210307 5.329070518200751e-15
123263900 5.329070518200751e-15
123317493 5.329070518200751e-15
123371086 5.329070518200751e-15
123424679 5.329070518200751e-15
123478272 5.329070518200751e-15
123531865 5.329070518200751e-15
123585458 5.329070518200751e-15
123639051 5.329070518200751e-15
123692644 5.329070518200751e-15
123746237 5.329070518200751e-15
123799830 5.329070518200751e-15
123853423 5.329070518200751e-15
123907016 5.329070518200751e-15
123960609 5.329070518200751e-15
124014202 5.329070518200751e-15
124067795 5.329070518200751e-15
124121388 5.329070518200751e-15
124174981 5.329070518200751e-15
124228574 5.329070518200751e-15
124282167 5.329070518200751e-15
124335760 5.329070518200751e-15
124389353 5.329070518200751e-15
124442946 5.329070518200751e-15
124496539 5.329070518200751e-15
124550132 5.329070518200751e-15
124603725 5.329070518200751e-15
124657318 5.329070518200751e-15
124710911 5.329070518200751e-15
124764504 5.329070518200751e-15
124818097 5.329070518200751e-15
124871690 5.329070518200751e-15
124925283 5.329070518200751e-15
124978876 5.329070518200751e-15
125032469 5.329070518200751e-15
125086062 5.329070518200751e-15
125139655 5.329070518200751e-15
125193248 5.329070518200751e-15
125246841 5.329070518200751e-15
125300434 5.329070518200751e-15
125354027 5.329070518200751e-15
125407620 5.329070518200751e-15
125461213 5.329070518200751e-15
125514806 5.329070518200751e-15
125568399 5.329070518200751e-15
125621992 5.329070518200751e-15
125675585 5.329070518200751e-15
125729178 5.329070518200751e-15
125782771 5.329070518200751e-15
125836364 5.329070518200751e-15
125889957 5.329070518200751e-15
125943550 5.329070518200751e-15
125997143 5.329070518200751e-15
126050736 5.329070518200751e-15
126104329 5.329070518200751e-15
126157922 5.329070518200751e-15
126211515 5.329070518200751e-15
126265108 5.329070518200751e-15
126318701 5.329070518200751e-15
126372294 5.329070518200751e-15
126425887 5.329070518200751e-15
126479480 5.329070518200751e-15
126533073 5.329070518200751e-15
126586666 5.329070518200751e-15
126640259 5.329070518200751e-15
126693852 5.329070518200751e-15
126747445 5.329070518200751e-15
126801038 5.329070518200751e-15
126854631 5.329070518200751e-15
126908224 5.329070518200751e-15
126961817 5.329070518200751e-15
127015410 5.329070518200751e-15
127069003 5.329070518200751e-15
127122596 5.329070518200751e-15
127176189 5.329070518200751e-15
127229782 5.329070518200751e-15
127283375 5.329070518200751e-15
127336968 5.329070518200751e-15
127390561 5.329070518200751e-15
127444154 5.329070518200751e-15
127497747 5.329070518200751e-15
127551340 5.329070518200751e-15
127604933 5.329070518200751e-15
127658526 5.329070518200751e-15
127712119 5.329070518200751e-15
127765712 5.329070518200751e-15
127819305 5.329070518200751e-15
127872898 5.329070518200751e-15
127926491 5.329070518200751e-15
127980084 5.329070518200751e-15
128033677 5.329070518200751e-15
128087270 5.329070518200751e-15
128140863 5.329070518200751e-15
128194456 5.329070518200751e-15
128248049 5.329070518200751e-15
128301642 5.329070518200751e-15
128355235 5.329070518200751e-15
128408828 5.329070518200751e-15
128462421 5.329070518200751e-15
128516014 5.329070518200751e-15
128569607 5.329070518200751e-15
128623200 5.329070518200751e-15
128676793 5.329070518200751e-15
128730386 5.329070518200751e-15
128783979 5.329070518200751e-15
128837572 5.329070518200751e-15
128891165 5.329070518200751e-15
128944758 5.329070518200751e-15
128998351 5.329070518200751e-15
129051944 5.329070518200751e-15
129105537 5.329070518200751e-15
129159130 5.329070518200751e-15
129212723 5.329070518200751e-15
129266316 5.329070518200751e-15
129319909 5.329070518200751e-15
129373502 5.329070518200751e-15
129427095 5.329070518200751e-15
129480688 5.329070518200751e-15
129534281 5.329070518200751e-15
129587874 5.329070518200751e-15
129641467 5.329070518200751e-15
129695060 5.329070518200751e-15
129748653 5.329070518200751e-15
129802246 5.329070518200751e-15
129855839 5.329070518200751e-15
129909432 5.329070518200751e-15
129963025 5.329070518200751e-15
130016618 5.329070518200751e-15
130070211 5.329070518200751e-15
130123804 5.329070518200751e-15
130177397 5.329070518200751e-15
130230990 5.329070518200751e-15
130284583 5.329070518200751e-15
130338176 5.329070518200751e-15
130391769 5.329070518200751e-15
130445362 5.329070518200751e-15
130498955 5.329070518200751e-15
130552548 5.329070518200751e-15
130606141 5.329070518200751e-15
130659734 5.329070518200751e-15
130713327 5.329070518200751e-15
130766920 5.329070518200751e-15
130820513 5.329070518200751e-15
130874106 5.329070518200751e-15
130927699 5.329070518200751e-15
130981292 5.329070518200751e-15
131034885 5.329070518200751e-15
131088478 5.329070518200751e-15
131142071 5.329070518200751e-15
131195664 5.329070518200751e-15
131249257 5.329070518200751e-15
131302850 5.329070518200751e-15
131356443 5.329070518200751e-15
131410036 5.329070518200751e-15
131463629 5.329070518200751e-15
131517222 5.329070518200751e-15
131570815 5.329070518200751e-15
131624408 5.329070518200751e-15
131678001 5.329070518200751e-15
131731594 5.329070518200751e-15
131785187 5.329070518200751e-15
131838780 5.329070518200751e-15
131892373 5.329070518200751e-15
131945966 5.329070518200751e-15
131999559 5.329070518200751e-15
132053152 5.329070518200751e-15
132106745 5.329070518200751e-15
132160338 5.329070518200751e-15
132213931 5.329070518200751e-15
132267524 5.329070518200751e-15
132321117 5.329070518200751e-15
132374710 5.329070518200751e-15
132428303 5.329070518200751e-15
132481896 5.329070518200751e-15
132535489 5.329070518200751e-15
132589082 5.329070518200751e-15
132642675 5.329070518200751e-15
132696268 5.329070518200751e-15
132749861 5.329070518200751e-15
132803454 5.329070518200751e-15
132857047 5.329070518200751e-15
132910640 5.329070518200751e-15
132964233 5.329070518200751e-15
133017826 5.329070518200751e-15
133071419 5.329070518200751e-15
133125012 5.329070518200751e-15
133178605 5.329070518200751e-15
133232198 5.329070518200751e-15
133285791 5.329070518200751e-15
133339384 5.329070518200751e-15
133392977 5.329070518200751e-15
133446570 5.329070518200751e-15
133500163 5.329070518200751e-15
133553756 5.329070518200751e-15
133607349 5.329070518200751e-15
133660942 5.329070518200751e-15
133714535 5.329070518200751e-15
133768128 5.329070518200751e-15
133821721 5.329070518200751e-15
133875314 5.329070518200751e-15
133928907 5.329070518200751e-15
133982500 5.329070518200751e-15
134036093 5.329070518200751e-15
134089686 5.329070518200751e-15
134143279 5.329070518200751e-15
134196872 5.329070518200751e-15
134250465 5.329070518200751e-15
134304058 5.329070518200751e-15
134357651 5.329070518200751e-15
134411244 5.329070518200751e-15
134464837 5.329070518200751e-15
134518430 5.329070518200751e-15
134572023 5.329070518200751e-15
134625616 5.329070518200751e-15
134679209 5.329070518200751e-15
134732802 5.329070518200751e-15
134786395 5.329070518200751e-15
134839988 5.329070518200751e-15
134893581 5.329070518200751e-15
134947174 5.329070518200751e-15
135000767 5.329070518200751e-15
135054360 5.329070518200751e-15
135107953 5.329070518200751e-15
135161546 5.329070518200751e-15
135215139 5.329070518200751e-15
135268732 5.329070518200751e-15
135322325 5.329070518200751e-15
135375918 5.329070518200751e-15
135429511 5.329070518200751e-15
135483104 5.329070518200751e-15
135536697 5.329070518200751e-15
135590290 5.329070518200751e-15
135643883 5.329070518200751e-15
135697476 5.329070518200751e-15
135751069 5.329070518200751e-15
135804662 5.329070518200751e-15
135858255 5.329070518200751e-15
135911848 5.329070518200751e-15
135965441 5.329070518200751e-15
136019034 5.329070518200751e-15
136072627 5.329070518200751e-15
136126220 5.329070518200751e-15
136179813 5.329070518200751e-15
136233406 5.329070518200751e-15
136286999 5.329070518200751e-15
136340592 5.329070518200751e-15
136394185 5.329070518200751e-15
136447778 5.329070518200751e-15
136501371 5.329070518200751e-15
136554964 5.329070518200751e-15
136608557 5.329070518200751e-15
136662150 5.329070518200751e-15
136715743 5.329070518200751e-15
136769336 5.329070518200751e-15
136822929 5.329070518200751e-15
136876522 5.329070518200751e-15
136930115 5.329070518200751e-15
136983708 5.329070518200751e-15
137037301 5.329070518200751e-15
137090894 5.329070518200751e-15
137144487 5.329070518200751e-15
137198080 5.329070518200751e-15
137251673 5.329070518200751e-15
137305266 5.329070518200751e-15
137358859 5.329070518200751e-15
137412452 5.329070518200751e-15
137466045 5.329070518200751e-15
137519638 5.329070518200751e-15
137573231 5.329070518200751e-15
137626824 5.329070518200751e-15
137680417 5.329070518200751e-15
137734010 5.329070518200751e-15
137787603 5.329070518200751e-15
137841196 5.329070518200751e-15
137894789 5.329070518200751e-15
137948382 5.329070518200751e-15
138001975 5.329070518200751e-15
138055568 5.329070518200751e-15
138109161 5.329070518200751e-15
138162754 5.329070518200751e-15
138216347 5.329070518200751e-15
138269940 5.329070518200751e-15
138323533 5.329070518200751e-15
138377126 5.329070518200751e-15
138430719 5.329070518200751e-15
138484312 5.329070518200751e-15
138537905 5.329070518200751e-15
138591498 5.329070518200751e-15
138645091 5.329070518200751e-15
138698684 5.329070518200751e-15
138752277 5.329070518200751e-15
138805870 5.329070518200751e-15
138859463 5.329070518200751e-15
138913056 5.329070518200751e-15
138966649 5.329070518200751e-15
139020242 5.329070518200751e-15
139073835 5.329070518200751e-15
139127428 5.329070518200751e-15
139181021 5.329070518200751e-15
139234614 5.329070518200751e-15
139288207 5.329070518200751e-15
139341800 5.329070518200751e-15
139395393 5.329070518200751e-15
139448986 5.329070518200751e-15
139502579 5.329070518200751e-15
139556172 5.329070518200751e-15
139609765 5.329070518200751e-15
139663358 5.329070518200751e-15
139716951 5.329070518200751e-15
139770544 5.329070518200751e-15
139824137 5.329070518200751e-15
139877730 5.329070518200751e-15
139931323 5.329070518200751e-15
139984916 5.329070518200751e-15
140038509 5.329070518200751e-15
140092102 5.329070518200751e-15
140145695 5.329070518200751e-15
140199288 5.329070518200751e-15
140252881 5.329070518200751e-15
140306474 5.329070518200751e-15
140360067 5.329070518200751e-15
140413660 5.329070518200751e-15
140467253 5.329070518200751e-15
140520846 5.329070518200751e-15
140574439 5.329070518200751e-15
140628032 5.329070518200751e-15
140681625 5.329070518200751e-15
140735218 5.329070518200751e-15
140788811 5.329070518200751e-15
140842404 5.329070518200751e-15
140895997 5.329070518200751e-15
140949590 5.329070518200751e-15
141003183 5.329070518200751e-15
141056776 5.329070518200751e-15
141110369 5.329070518200751e-15
141163962 5.329070518200751e-15
141217555 5.329070518200751e-15
141271148 5.329070518200751e-15
141324741 5.329070518200751e-15
141378334 5.329070518200751e-15
141431927 5.329070518200751e-15
141485520 5.329070518200751e-15
141539113 5.329070518200751e-15
141592706 5.329070518200751e-15
141646299 5.329070518200751e-15
141699892 5.329070518200751e-15
141753485 5.329070518200751e-15
141807078 5.329070518200751e-15
141860671 5.329070518200751e-15
141914264 5.329070518200751e-15
141967857 5.329070518200751e-15
142021450 5.329070518200751e-15
142075043 5.329070518200751e-15
142128636 5.329070518200751e-15
142182229 5.329070518200751e-15
142235822 5.329070518200751e-15
142289415 5.329070518200751e-15
142343008 5.329070518200751e-15
142396601 5.329070518200751e-15
142450194 5.329070518200751e-15
142503787 5.329070518200751e-15
142557380 5.329070518200751e-15
142610973 5.329070518200751e-15
142664566 5.329070518200751e-15
142718159 5.329070518200751e-15
142771752 5.329070518200751e-15
142825345 5.329070518200751e-15
142878938 5.329070518200751e-15
142932531 5.329070518200751e-15
142986124 5.329070518200751e-15
143039717 5.329070518200751e-15
143093310 5.329070518200751e-15
143146903 5.329070518200751e-15
143200496 5.329070518200751e-15
143254089 5.329070518200751e-15
143307682 5.329070518200751e-15
143361275 5.329070518200751e-15
143414868 5.329070518200751e-15
143468461 5.329070518200751e-15
143522054 5.329070518200751e-15
143575647 5.329070518200751e-15
143629240 5.329070518200751e-15
143682833 5.329070518200751e-15
143736426 5.329070518200751e-15
143790019 5.329070518200751e-15
143843612 5.329070518200751e-15
143897205 5.329070518200751e-15
143950798 5.329070518200751e-15
144004391 5.329070518200751e-15
144057984 5.329070518200751e-15
144111577 5.329070518200751e-15
144165170 5.329070518200751e-15
144218763 5.329070518200751e-15
144272356 5.329070518200751e-15
144325949 5.329070518200751e-15
144379542 5.329070518200751e-15
144433135 5.329070518200751e-15
144486728 5.329070518200751e-15
144540321 5.329070518200751e-15
144593914 5.329070518200751e-15
144647507 5.329070518200751e-15
144701100 5.329070518200751e-15
144754693 5.329070518200751e-15
144808286 5.329070518200751e-15
144861879 5.329070518200751e-15
144915472 5.329070518200751e-15
144969065 5.329070518200751e-15
145022658 5.329070518200751e-15
145076251 5.329070518200751e-15
145129844 5.329070518200751e-15
145183437 5.329070518200751e-15
145237030 5.329070518200751e-15
145290623 5.329070518200751e-15
145344216 5.329070518200751e-15
145397809 5.329070518200751e-15
145451402 5.329070518200751e-15
145504995 5.329070518200751e-15
145558588 5.329070518200751e-15
145612181 5.329070518200751e-15
145665774 5.329070518200751e-15
145719367 5.329070518200751e-15
145772960 5.329070518200751e-15
145826553 5.329070518200751e-15
145880146 5.329070518200751e-15
145933739 5.329070518200751e-15
145987332 5.329070518200751e-15
146040925 5.329070518200751e-15
146094518 5.329070518200751e-15
146148111 5.329070518200751e-15
146201704 5.329070518200751e-15
146255297 5.329070518200751e-15
146308890 5.329070518200751e-15
146362483 5.329070518200751e-15
146416076 5.329070518200751e-15
146469669 5.329070518200751e-15
146523262 5.329070518200751e-15
146576855 5.329070518200751e-15
146630448 5.329070518200751e-15
146684041 5.329070518200751e-15
146737634 5.329070518200751e-15
146791227 5.329070518200751e-15
146844820 5.329070518200751e-15
146898413 5.329070518200751e-15
146952006 5.329070518200751e-15
147005599 5.329070518200751e-15
147059192 5.329070518200751e-15
147112785 5.329070518200751e-15
147166378 5.329070518200751e-15
147219971 5.329070518200751e-15
147273564 5.329070518200751e-15
147327157 5.329070518200751e-15
147380750 5.329070518200751e-15
147434343 5.329070518200751e-15
147487936 5.329070518200751e-15
147541529 5.329070518200751e-15
147595122 5.329070518200751e-15
147648715 5.329070518200751e-15
147702308 5.329070518200751e-15
147755901 5.329070518200751e-15
147809494 5.329070518200751e-15
147863087 5.329070518200751e-15
147916680 5.329070518200751e-15
147970273 5.329070518200751e-15
148023866 5.329070518200751e-15
148077459 5.329070518200751e-15
148131052 5.329070518200751e-15
148184645 5.329070518200751e-15
148238238 5.329070518200751e-15
148291831 5.329070518200751e-15
148345424 5.329070518200751e-15
148399017 5.329070518200751e-15
148452610 5.329070518200751e-15
148506203 5.329070518200751e-15
148559796 5.329070518200751e-15
148613389 5.329070518200751e-15
148666982 5.329070518200751e-15
148720575 5.329070518200751e-15
148774168 5.329070518200751e-15
148827761 5.329070518200751e-15
148881354 5.329070518200751e-15
148934947 5.329070518200751e-15
148988540 5.329070518200751e-15
149042133 5.329070518200751e-15
149095726 5.329070518200751e-15
149149319 5.329070518200751e-15
149202912 5.329070518200751e-15
149256505 5.329070518200751e-15
149310098 5.329070518200751e-15
149363691 5.329070518200751e-15
149417284 5.329070518200751e-15
149470877 5.329070518200751e-15
149524470 5.329070518200751e-15
149578063 5.329070518200751e-15
149631656 5.329070518200751e-15
149685249 5.329070518200751e-15
149738842 5.329070518200751e-15
149792435 5.329070518200751e-15
149846028 5.329070518200751e-15
149899621 5.329070518200751e-15
149953214 5.329070518200751e-15
150006807 5.329070518200751e-15
150060400 5.329070518200751e-15
150113993 5.329070518200751e-15
150167586 5.329070518200751e-15
150221179 5.329070518200751e-15
150274772 5.329070518200751e-15
150328365 5.329070518200751e-15
150381958 5.329070518200751e-15
150435551 5.329070518200751e-15
150489144 5.329070518200751e-15
150542737 5.329070518200751e-15
150596330 5.329070518200751e-15
150649923 5.329070518200751e-15
150703516 5.329070518200751e-15
150757109 5.329070518200751e-15
150810702 5.329070518200751e-15
150864295 5.329070518200751e-15
150917888 5.329070518200751e-15
150971481 5.329070518200751e-15
151025074 5.329070518200751e-15
151078667 5.329070518200751e-15
151132260 5.329070518200751e-15
151185853 5.329070518200751e-15
151239446 5.329070518200751e-15
151293039 5.329070518200751e-15
151346632 5.329070518200751e-15
151400225 5.329070518200751e-15
151453818 5.329070518200751e-15
151507411 5.329070518200751e-15
151561004 5.329070518200751e-15
151614597 5.329070518200751e-15
151668190 5.329070518200751e-15
151721783 5.329070518200751e-15
151775376 5.329070518200751e-15
151828969 5.329070518200751e-15
151882562 5.329070518200751e-15
151936155 5.329070518200751e-15
151989748 5.329070518200751e-15
152043341 5.329070518200751e-15
152096934 5.329070518200751e-15
152150527 5.329070518200751e-15
152204120 5.329070518200751e-15
152257713 5.329070518200751e-15
152311306 5.329070518200751e-15
152364899 5.329070518200751e-15
152418492 5.329070518200751e-15
152472085 5.329070518200751e-15
152525678 5.329070518200751e-15
152579271 5.329070518200751e-15
152632864 5.329070518200751e-15
152686457 5.329070518200751e-15
152740050 5.329070518200751e-15
152793643 5.329070518200751e-15
152847236 5.329070518200751e-15
152900829 5.329070518200751e-15
152954422 5.329070518200751e-15
153008015 5.329070518200751e-15
153061608 5.329070518200751e-15
153115201 5.329070518200751e-15
153168794 5.329070518200751e-15
153222387 5.329070518200751e-15
153275980 5.329070518200751e-15
153329573 5.329070518200751e-15
153383166 5.329070518200751e-15
153436759 5.329070518200751e-15
153490352 5.329070518200751e-15
153543945 5.329070518200751e-15
153597538 5.329070518200751e-15
153651131 5.329070518200751e-15
153704724 5.329070518200751e-15
153758317 5.329070518200751e-15
153811910 5.329070518200751e-15
153865503 5.329070518200751e-15
153919096 5.329070518200751e-15
153972689 5.329070518200751e-15
154026282 5.329070518200751e-15
154079875 5.329070518200751e-15
154133468 5.329070518200751e-15
154187061 5.329070518200751e-15
154240654 5.329070518200751e-15
154294247 5.329070518200751e-15
154347840 5.329070518200751e-15
154401433 5.329070518200751e-15
154455026 5.329070518200751e-15
154508619 5.329070518200751e-15
154562212 5.329070518200751e-15
154615805 5.329070518200751e-15
154669398 5.329070518200751e-15
154722991 5.329070518200751e-15
154776584 5.329070518200751e-15
154830177 5.329070518200751e-15
154883770 5.329070518200751e-15
154937363 5.329070518200751e-15
154990956 5.329070518200751e-15
155044549 5.329070518200751e-15
155098142 5.329070518200751e-15
155151735 5.329070518200751e-15
155205328 5.329070518200751e-15
155258921 5.329070518200751e-15
155312514 5.329070518200751e-15
155366107 5.329070518200751e-15
155419700 5.329070518200751e-15
155473293 5.329070518200751e-15
155526886 5.329070518200751e-15
155580479 5.329070518200751e-15
155634072 5.329070518200751e-15
155687665 5.329070518200751e-15
155741258 5.329070518200751e-15
155794851 5.329070518200751e-15
155848444 5.329070518200751e-15
155902037 5.329070518200751e-15
155955630 5.329070518200751e-15
156009223 5.329070518200751e-15
156062816 5.329070518200751e-15
156116409 5.329070518200751e-15
156170002 5.329070518200751e-15
156223595 5.329070518200751e-15
156277188 5.329070518200751e-15
156330781 5.329070518200751e-15
156384374 5.329070518200751e-15
156437967 5.329070518200751e-15
156491560 5.329070518200751e-15
156545153 5.329070518200751e-15
156598746 5.329070518200751e-15
156652339 5.329070518200751e-15
156705932 5.329070518200751e-15
156759525 5.329070518200751e-15
156813118 5.329070518200751e-15
156866711 5.329070518200751e-15
156920304 5.329070518200751e-15
156973897 5.329070518200751e-15
157027490 5.329070518200751e-15
157081083 5.329070518200751e-15
157134676 5.329070518200751e-15
157188269 5.329070518200751e-15
157241862 5.329070518200751e-15
157295455 5.329070518200751e-15
157349048 5.329070518200751e-15
157402641 5.329070518200751e-15
157456234 5.329070518200751e-15
157509827 5.329070518200751e-15
157563420 5.329070518200751e-15
157617013 5.329070518200751e-15
157670606 5.329070518200751e-15
157724199 5.329070518200751e-15
157777792 5.329070518200751e-15
157831385 5.329070518200751e-15
157884978 5.329070518200751e-15
157938571 5.329070518200751e-15
157992164 5.329070518200751e-15
158045757 5.329070518200751e-15
158099350 5.329070518200751e-15
158152943 5.329070518200751e-15
158206536 5.329070518200751e-15
158260129 5.329070518200751e-15
158313722 5.329070518200751e-15
158367315 5.329070518200751e-15
158420908 5.329070518200751e-15
158474501 5.329070518200751e-15
158528094 5.329070518200751e-15
158581687 5.329070518200751e-15
158635280 5.329070518200751e-15
158688873 5.329070518200751e-15
158742466 5.329070518200751e-15
158796059 5.329070518200751e-15
158849652 5.329070518200751e-15
158903245 5.329070518200751e-15
158956838 5.329070518200751e-15
159010431 5.329070518200751e-15
159064024 5.329070518200751e-15
159117617 5.329070518200751e-15
159171210 5.329070518200751e-15
159224803 5.329070518200751e-15
159278396 5.329070518200751e-15
159331989 5.329070518200751e-15
159385582 5.329070518200751e-15
159439175 5.329070518200751e-15
159492768 5.329070518200751e-15
159546361 5.329070518200751e-15
159599954 5.329070518200751e-15
159653547 5.329070518200751e-15
159707140 5.329070518200751e-15
159760733 5.329070518200751e-15
159814326 5.329070518200751e-15
159867919 5.329070518200751e-15
159921512 5.329070518200751e-15
159975105 5.329070518200751e-15
160028698 5.329070518200751e-15
160082291 5.329070518200751e-15
160135884 5.329070518200751e-15
160189477 5.329070518200751e-15
160243070 5.329070518200751e-15
160296663 5.329070518200751e-15
160350256 5.329070518200751e-15
160403849 5.329070518200751e-15
160457442 5.329070518200751e-15
160511035 5.329070518200751e-15
160564628 5.329070518200751e-15
160618221 5.329070518200751e-15
160671814 5.329070518200751e-15
160725407 5.329070518200751e-15
160779000 5.329070518200751e-15
160832593 5.329070518200751e-15
160886186 5.329070518200751e-15
160939779 5.329070518200751e-15
160993372 5.329070518200751e-15
161046965 5.329070518200751e-15
161100558 5.329070518200751e-15
161154151 5.329070518200751e-15
161207744 5.329070518200751e-15
161261337 5.329070518200751e-15
161314930 5.329070518200751e-15
161368523 5.329070518200751e-15
161422116 5.329070518200751e-15
161475709 5.329070518200751e-15
161529302 5.329070518200751e-15
161582895 5.329070518200751e-15
161636488 5.329070518200751e-15
161690081 5.329070518200751e-15
161743674 5.329070518200751e-15
161797267 5.329070518200751e-15
161850860 5.329070518200751e-15
161904453 5.329070518200751e-15
161958046 5.329070518200751e-15
162011639 5.329070518200751e-15
162065232 5.329070518200751e-15
162118825 5.329070518200751e-15
162172418 5.329070518200751e-15
162226011 5.329070518200751e-15
162279604 5.329070518200751e-15
162333197 5.329070518200751e-15
162386790 5.329070518200751e-15
162440383 5.329070518200751e-15
162493976 5.329070518200751e-15
162547569 5.329070518200751e-15
162601162 5.329070518200751e-15
162654755 5.329070518200751e-15
162708348 5.329070518200751e-15
162761941 5.329070518200751e-15
162815534 5.329070518200751e-15
162869127 5.329070518200751e-15
162922720 5.329070518200751e-15
162976313 5.329070518200751e-15
163029906 5.329070518200751e-15
