0 21.223298914889206
13145 2.415991520996248
26290 1.2098430703551557
39435 0.6322109983010673
52580 0.4695446003054542
65725 0.3456016637178623
78870 0.2654898853458354
92015 0.21531221068903417
105160 0.18176837966735526
118305 0.15284354781441145
131450 0.13115087418541815
144595 0.1166137111600225
157740 0.10347147561910752
170885 0.09147610030350695
184030 0.08070687190938397
197175 0.07113220480995253
210320 0.06324897374617677
223465 0.05642506040919315
236610 0.05026243853958423
249755 0.044723450750871585
262900 0.039762329223564485
276045 0.035330327008089135
289190 0.031394852718857
302335 0.027916757414724103
315480 0.02481152133705322
328625 0.022044466746031333
341770 0.019582444965159596
354915 0.017394367916149456
368060 0.015451479636302778
381205 0.013735617279450274
394350 0.012239918101873748
407495 0.01090760447303829
420640 0.009721472258518382
433785 0.00866592919794762
446930 0.007726896907622738
460075 0.006891703443977271
473220 0.0061489724073258145
486365 0.005488512716989469
499510 0.004901211831712438
512655 0.004379548222942731
525800 0.003921116033803074
538945 0.0035130528849851572
552090 0.003149712295805074
565235 0.002826076153144008
578380 0.0025376880048293415
591525 0.0022805924725650684
604670 0.0020512804973780163
617815 0.0018466400545076311
630960 0.0016639119353714094
644105 0.0015006501808478845
657250 0.0013546867533484885
670395 0.0012241000501331811
683540 0.0011071868815122343
696685 0.001002437563310643
709830 0.0009085137997466575
722975 0.0008242290608873049
736120 0.0007485311852031273
749265 0.0006804869640344435
762410 0.00061926848851801
775555 0.0005641410622629905
788700 0.0005144525035474246
801845 0.0004709731613252721
814990 0.00043192294307781154
828135 0.0003964908508620191
841280 0.00036430910082829726
854425 0.0003350497305150135
867570 0.0003088824618391328
880715 0.00028557102418069746
893860 0.00026422153199323617
907005 0.0002446495945309657
920150 0.00022668978322970545
933295 0.00021019355999474243
946440 0.00019502743967780845
959585 0.0001810713599148528
972730 0.0001686650134065104
985875 0.00015730055706741908
999020 0.00014676228705523542
1012165 0.0001369836915317002
1025310 0.00012790424814790313
1038455 0.00011946882872093667
1051600 0.00011162716737267431
1064745 0.00010433338513426982
1077890 9.754556470364939e-05
1091035 9.122536985373131e-05
1104180 8.533770453555967e-05
1117325 7.985040733049509e-05
1130470 7.473397737567389e-05
1143615 6.996132832015611e-05
1156760 6.550756726109164e-05
1169905 6.141817125804305e-05
1183050 5.76179961593315e-05
1196195 5.405793818891169e-05
1209340 5.07222441701316e-05
1222485 4.759626072192713e-05
1235630 4.4666350209277006e-05
1248775 4.1919813856816646e-05
1261920 3.9344821356590565e-05
1275065 3.6962741668422616e-05
1288210 3.472953933991718e-05
1301355 3.26311669138768e-05
1314500 3.065949533809231e-05
1327645 2.8806884315057957e-05
1340790 2.7066153079569055e-05
1353935 2.5430552903271675e-05
1367080 2.389374122568899e-05
1380225 2.2449757321241215e-05
1393370 2.10929994093334e-05
1406515 1.9818203124688516e-05
1419660 1.862042126876684e-05
1432805 1.74950047674427e-05
1445950 1.6437584764772417e-05
1459095 1.5444055783242483e-05
1472240 1.4510559891878216e-05
1485385 1.3633471819929355e-05
1498530 1.2809384960066339e-05
1511675 1.2035098210128048e-05
1524820 1.1307603604793215e-05
1537965 1.0624074684550955e-05
1551110 9.98185556477793e-06
1564255 9.378450662289595e-06
1577400 8.811515032514095e-06
1590545 8.278845295195403e-06
1603690 7.778371097666437e-06
1616835 7.308147095708151e-06
1629980 6.866345416356445e-06
1643125 6.451248570349399e-06
1656270 6.0612427964512605e-06
1669415 5.694811802459121e-06
1682560 5.350530883907467e-06
1695705 5.027061396933874e-06
1708850 4.723145565765918e-06
1721995 4.437601598850094e-06
1735140 4.169319105518099e-06
1748285 3.91725478154914e-06
1761430 3.680428363295185e-06
1774575 3.4579188149530538e-06
1787720 3.2488607591973917e-06
1800865 3.052441109208104e-06
1814010 2.867895914082652e-06
1827155 2.6945073915429774e-06
1840300 2.5316011368348157e-06
1853445 2.3785435038226055e-06
1866590 2.2347391416266404e-06
1879735 2.0996286831387323e-06
1892880 1.972686568763038e-06
1906025 1.8534190043828502e-06
1919170 1.741362043117256e-06
1932315 1.636079780320543e-06
1945460 1.5371626598259525e-06
1958605 1.444225881774841e-06
1971750 1.3569079061470646e-06
1984895 1.274869047329652e-06
1998040 1.1977901533954949e-06
2011185 1.1253713650960506e-06
2024330 1.057330949905122e-06
2037475 9.934042060066872e-07
2050620 9.333424335622453e-07
2063765 8.76911967040428e-07
2076910 8.238932669435428e-07
2090055 7.740800658240232e-07
2103200 7.272785653711367e-07
2116345 6.833066833467072e-07
2129490 6.419933459289595e-07
2142635 6.031778205795035e-07
2155780 5.667090933192398e-07
2168925 5.324452785337996e-07
2182070 5.00253069080081e-07
2195215 4.700072178120962e-07
2208360 4.415900483056845e-07
2221505 4.1489099933400553e-07
2234650 3.898061937679387e-07
2247795 3.662380353430805e-07
2260940 3.440948266320021e-07
2274085 3.232904164374162e-07
2287230 3.0374385939779813e-07
2300375 2.8537910634618413e-07
2313520 2.6812470454995463e-07
2326665 2.519135223755242e-07
2339810 2.366824853883287e-07
2352955 2.2237233432420567e-07
2366100 2.0892739105438096e-07
2379245 1.9629534520060332e-07
2392390 1.844270477446841e-07
2405535 1.732763225126277e-07
2418680 1.627997840980555e-07
2431825 1.5295667032955151e-07
2444970 1.4370868406388126e-07
2458115 1.3501984374997278e-07
2471260 1.268563419865032e-07
2484405 1.1918641706909483e-07
2497550 1.1198022575875655e-07
2510695 1.0520973159344749e-07
2523840 9.884859042408323e-08
2536985 9.287205327002113e-08
2550130 8.725686562183199e-08
2563275 8.198118084390416e-08
2576420 7.702447146762381e-08
2589565 7.23674520308748e-08
2602710 6.799200302776143e-08
2615855 6.388110018740178e-08
2629000 6.00187486377024e-08
2642145 5.6389920510824254e-08
2655290 5.2980497100563184e-08
2668435 4.977721212995334e-08
2681580 4.676760345656561e-08
2694725 4.3939959670780127e-08
2707870 4.128328001673509e-08
2721015 3.8787226985803613e-08
2734160 3.6442089346166995e-08
2747305 3.4238742396830446e-08
2760450 3.216861343968702e-08
2773595 3.0223647362603856e-08
2786740 2.8396277329534314e-08
2799885 2.667939280609488e-08
2813030 2.506631358034639e-08
2826175 2.355076400561984e-08
2839320 2.2126846910275333e-08
2852465 2.0789022059375384e-08
2865610 1.9532084394313642e-08
2878755 1.8351142605510518e-08
2891900 1.7241603145201623e-08
2905045 1.619914791195498e-08
2918190 1.5219721150039334e-08
2931335 1.4299512351989563e-08
2944480 1.3434940271395135e-08
2957625 1.2622642264759065e-08
2970770 1.1859456860996431e-08
2983915 1.1142414768627873e-08
2997060 1.0468726219237112e-08
3010205 9.835770198307614e-09
3023350 9.241083454014642e-09
3036495 8.682352392597181e-09
3049640 8.15740341941762e-09
3062785 7.664193613088344e-09
3075930 7.2008038420889875e-09
3089075 6.765431659339072e-09
3102220 6.3563826424584136e-09
3115365 5.97206517571891e-09
3128510 5.6109846768848115e-09
3141655 5.271735492584639e-09
3154800 4.9529977896867194e-09
3167945 4.6535314490725455e-09
3181090 4.372171291677773e-09
3194235 4.107822304533215e-09
3207380 3.859457087251883e-09
3220525 3.626108080467816e-09
3233670 3.4068673437914754e-09
3246815 3.2008826700291593e-09
3259960 3.007351923045576e-09
3273105 2.8255224826523317e-09
3286250 2.6546868037158333e-09
3299395 2.4941804177558424e-09
3312540 2.34337804716489e-09
3325685 2.201693383163672e-09
3338830 2.068575755131974e-09
3351975 1.9435061338057835e-09
3365120 1.8259985745672225e-09
3378265 1.715596109619355e-09
3391410 1.6118680834509291e-09
3404555 1.5144118181709132e-09
3417700 1.4228481726163977e-09
3430845 1.3368204321295707e-09
3443990 1.25599397549081e-09
3457135 1.180054387539542e-09
3470280 1.1087063489512161e-09
3483425 1.0416723039696762e-09
3496570 9.78691017117228e-10
3509715 9.195179062615466e-10
3522860 8.639222670581148e-10
3536005 8.116879390840381e-10
3549150 7.6261219561502e-10
3562295 7.165031901124053e-10
3575440 6.731822876915317e-10
3588585 6.324807344526562e-10
3601730 5.942397685032574e-10
3614875 5.583112860918504e-10
3628020 5.24555066050425e-10
3641165 4.928393249059582e-10
3654310 4.6304160505883374e-10
3667455 4.3504511104686117e-10
3680600 4.0874170714744196e-10
3693745 3.8402847568619336e-10
3706890 3.608096044160902e-10
3720035 3.3899438811602067e-10
3733180 3.184984498361132e-10
3746325 2.9924118738478e-10
3759470 2.81148881953186e-10
3772615 2.641497021116379e-10
3785760 2.4817903288010257e-10
3798905 2.3317359154617634e-10
3812050 2.1907564651257871e-10
3825195 2.0583013071728828e-10
3838340 1.9338519674505505e-10
3851485 1.8169277193891276e-10
3864630 1.707072261325493e-10
3877775 1.60386148806424e-10
3890920 1.5068868375323063e-10
3904065 1.4157797156855167e-10
3917210 1.3301826307099418e-10
3930355 1.2497547441370216e-10
3943500 1.174194075304058e-10
3956645 1.1031975333253285e-10
3969790 1.0364953340058491e-10
3982935 9.738287953808822e-11
3996080 9.149503377159363e-11
4009225 8.596312550679386e-11
4022370 8.076572743931365e-11
4035515 7.588230044319744e-11
4048660 7.129419277163151e-11
4061805 6.698386290082681e-11
4074950 6.293399135159916e-11
4088095 5.912892397930136e-11
4101240 5.555400584000836e-11
4114385 5.219480403440002e-11
4127530 4.903910610920548e-11
4140675 4.6074144499641534e-11
4153820 4.328837288625209e-11
4166965 4.067091108339582e-11
4180110 3.821221117306095e-11
4193255 3.5901615014211075e-11
4206400 3.3731129001068894e-11
4219545 3.169153828253002e-11
4232690 2.9775515386631923e-11
4245835 2.7975288752202232e-11
4258980 2.6283863974185806e-11
4272125 2.4694690736737357e-11
4285270 2.320144076861652e-11
4298415 2.1798562954700174e-11
4311560 2.0480506179865188e-11
4324705 1.9242385462803213e-11
4337850 1.8078760710693587e-11
4350995 1.698574614295012e-11
4364140 1.595878984517185e-11
4377285 1.4994117059075052e-11
4390430 1.4087397914863686e-11
4403575 1.3235745832673729e-11
4416720 1.2435386054221453e-11
4429865 1.1683543021945297e-11
4443010 1.0977219133678773e-11
4456155 1.0313416787255392e-11
4469300 9.689915536625904e-12
4482445 9.104272891136134e-12
4495590 8.553713293224519e-12
4508735 8.036238341446733e-12
4521880 7.55062679047569e-12
4535025 7.093992060447363e-12
4548170 6.665112906034665e-12
4561315 6.262323992700658e-12
4574460 5.883626919001017e-12
4587605 5.527689417306192e-12
4600750 5.19351228689402e-12
4613895 4.879430193227563e-12
4627040 4.584221890979734e-12
4640185 4.30733226863822e-12
4653330 4.046873947061158e-12
4666475 3.802291814736236e-12
4679620 3.5722536040339037e-12
4692765 3.3563152257443107e-12
4705910 3.153366456842832e-12
4719055 2.9626301412122302e-12
4732200 2.7835511673401925e-12
4745345 2.6152413568070187e-12
4758490 2.457034575797934e-12
4771635 2.3085977574055505e-12
4784780 2.1690427232101683e-12
4797925 2.037814361699475e-12
4811070 1.91491267287347e-12
4824215 1.7988943668001411e-12
4837360 1.6902035326893383e-12
4850505 1.5879519921213614e-12
4863650 1.4920287227937479e-12
4876795 1.4015455462867976e-12
4889940 1.3170575741128232e-12
4903085 1.237343560944737e-12
4916230 1.1625145290850014e-12
4929375 1.0923484339286915e-12
4942520 1.0262901639634947e-12
4955665 9.642286968869485e-13
4968810 9.058309657916652e-13
4981955 8.512079929801075e-13
4995100 7.994716000325752e-13
5008245 7.513989430663059e-13
5021390 7.058797990566745e-13
5034535 6.63136212608606e-13
5047680 6.229461391171753e-13
5060825 5.85420600884845e-13
5073970 5.500044863993026e-13
5087115 5.169198402654729e-13
5100260 4.853895063661184e-13
5113405 4.561906408184768e-13
5126550 4.2876813211023546e-13
5139695 4.027889133340068e-13
5152840 3.7836400679225335e-13
5165985 3.552713678800501e-13
5179130 3.340661081097096e-13
5192275 3.1397107136399427e-13
5205420 2.9476421303797906e-13
5218565 2.7700064464397656e-13
5231710 2.6001423236721166e-13
5244855 2.446931546273845e-13
5258000 2.2948309919001986e-13
5271145 2.1571633368466792e-13
5284290 2.0272672429655358e-13
5297435 1.9051427102567686e-13
5310580 1.7896795156957523e-13
5323725 1.6819878823071122e-13
5336870 1.5787371410169726e-13
5350015 1.4843681839238343e-13
5363160 1.396660564978447e-13
5376305 1.312283615106935e-13
5389450 1.2312373343092986e-13
5402595 1.1579626146840383e-13
5415740 1.0857981180834031e-13
5428885 1.021405182655144e-13
5442030 9.57012247226885e-14
5455175 9.037215420448774e-14
5468320 8.459899447643693e-14
5481465 7.960299086562372e-14
5494610 7.505107646466058e-14
5507755 7.027711745877241e-14
5520900 6.59472476627343e-14
5534045 6.217248937900877e-14
5547190 5.828670879282072e-14
5560335 5.4511950509095186e-14
5573480 5.162537064506978e-14
5586625 4.829470157119431e-14
5599770 4.529709940470639e-14
5612915 4.263256414560601e-14
5626060 4.007905118896815e-14
5639205 3.752553823233029e-14
5652350 3.519406988061746e-14
5665495 3.3306690738754696e-14
5678640 3.108624468950438e-14
5691785 2.930988785010413e-14
5704930 2.7755575615628914e-14
5718075 2.6201263381153694e-14
5731220 2.475797344914099e-14
5744365 2.3092638912203256e-14
5757510 2.1538326677728037e-14
5770655 2.042810365310288e-14
5783800 1.887379141862766e-14
5796945 1.787459069646502e-14
5810090 1.687538997430238e-14
5823235 1.609823385706477e-14
5836380 1.509903313490213e-14
5849525 1.4210854715202004e-14
5862670 1.3322676295501878e-14
5875815 1.2434497875801753e-14
5888960 1.1546319456101628e-14
5902105 1.1546319456101628e-14
5915250 1.1546319456101628e-14
5928395 1.021405182655144e-14
5941540 9.769962616701378e-15
5954685 1.0658141036401503e-14
5967830 8.881784197001252e-15
5980975 8.881784197001252e-15
5994120 8.881784197001252e-15
6007265 8.881784197001252e-15
6020410 8.881784197001252e-15
6033555 7.993605777301127e-15
6046700 8.881784197001252e-15
6059845 8.881784197001252e-15
6072990 7.105427357601002e-15
6086135 7.105427357601002e-15
6099280 8.881784197001252e-15
6112425 8.881784197001252e-15
6125570 8.881784197001252e-15
6138715 7.105427357601002e-15
6151860 7.105427357601002e-15
6165005 8.881784197001252e-15
6178150 7.105427357601002e-15
6191295 8.881784197001252e-15
6204440 8.881784197001252e-15
6217585 7.105427357601002e-15
6230730 8.881784197001252e-15
6243875 7.105427357601002e-15
6257020 8.881784197001252e-15
6270165 8.881784197001252e-15
6283310 7.105427357601002e-15
6296455 8.881784197001252e-15
6309600 8.881784197001252e-15
6322745 7.105427357601002e-15
6335890 7.105427357601002e-15
6349035 7.105427357601002e-15
6362180 7.105427357601002e-15
6375325 8.881784197001252e-15
6388470 7.105427357601002e-15
6401615 7.105427357601002e-15
6414760 7.105427357601002e-15
6427905 7.105427357601002e-15
6441050 7.105427357601002e-15
6454195 7.105427357601002e-15
6467340 7.105427357601002e-15
6480485 7.105427357601002e-15
6493630 7.105427357601002e-15
6506775 7.105427357601002e-15
6519920 7.105427357601002e-15
6533065 7.105427357601002e-15
6546210 5.329070518200751e-15
6559355 8.881784197001252e-15
6572500 5.329070518200751e-15
6585645 7.105427357601002e-15
6598790 7.105427357601002e-15
6611935 7.105427357601002e-15
6625080 5.329070518200751e-15
6638225 7.105427357601002e-15
6651370 5.329070518200751e-15
6664515 7.105427357601002e-15
6677660 5.329070518200751e-15
6690805 5.329070518200751e-15
6703950 7.105427357601002e-15
6717095 5.329070518200751e-15
6730240 5.329070518200751e-15
6743385 5.329070518200751e-15
6756530 5.329070518200751e-15
6769675 5.329070518200751e-15
6782820 5.329070518200751e-15
6795965 5.329070518200751e-15
6809110 5.329070518200751e-15
6822255 5.329070518200751e-15
6835400 5.329070518200751e-15
6848545 5.329070518200751e-15
6861690 5.329070518200751e-15
6874835 5.329070518200751e-15
6887980 5.329070518200751e-15
6901125 5.329070518200751e-15
6914270 5.329070518200751e-15
6927415 5.329070518200751e-15
6940560 5.329070518200751e-15
6953705 5.329070518200751e-15
6966850 5.329070518200751e-15
6979995 7.105427357601002e-15
6993140 5.329070518200751e-15
7006285 5.329070518200751e-15
7019430 5.329070518200751e-15
7032575 5.329070518200751e-15
7045720 5.329070518200751e-15
7058865 5.329070518200751e-15
7072010 5.329070518200751e-15
7085155 5.329070518200751e-15
7098300 7.105427357601002e-15
7111445 5.329070518200751e-15
7124590 5.329070518200751e-15
7137735 5.329070518200751e-15
7150880 5.329070518200751e-15
7164025 5.329070518200751e-15
7177170 5.329070518200751e-15
7190315 5.329070518200751e-15
7203460 5.329070518200751e-15
7216605 5.329070518200751e-15
7229750 5.329070518200751e-15
7242895 5.329070518200751e-15
7256040 5.329070518200751e-15
7269185 5.329070518200751e-15
7282330 7.105427357601002e-15
7295475 5.329070518200751e-15
7308620 5.329070518200751e-15
7321765 5.329070518200751e-15
7334910 5.329070518200751e-15
7348055 5.329070518200751e-15
7361200 7.105427357601002e-15
7374345 5.329070518200751e-15
7387490 5.329070518200751e-15
7400635 5.329070518200751e-15
7413780 5.329070518200751e-15
7426925 5.329070518200751e-15
7440070 5.329070518200751e-15
7453215 5.329070518200751e-15
7466360 5.329070518200751e-15
7479505 7.105427357601002e-15
7492650 5.329070518200751e-15
7505795 5.329070518200751e-15
7518940 5.329070518200751e-15
7532085 5.329070518200751e-15
7545230 5.329070518200751e-15
7558375 5.329070518200751e-15
7571520 5.329070518200751e-15
7584665 5.329070518200751e-15
7597810 5.329070518200751e-15
7610955 5.329070518200751e-15
7624100 5.329070518200751e-15
7637245 5.329070518200751e-15
7650390 5.329070518200751e-15
7663535 5.329070518200751e-15
7676680 5.329070518200751e-15
7689825 5.329070518200751e-15
7702970 5.329070518200751e-15
7716115 7.105427357601002e-15
7729260 5.329070518200751e-15
7742405 5.329070518200751e-15
7755550 5.329070518200751e-15
7768695 5.329070518200751e-15
7781840 5.329070518200751e-15
7794985 5.329070518200751e-15
7808130 5.329070518200751e-15
7821275 5.329070518200751e-15
7834420 7.105427357601002e-15
7847565 5.329070518200751e-15
7860710 5.329070518200751e-15
7873855 5.329070518200751e-15
7887000 5.329070518200751e-15
7900145 5.329070518200751e-15
7913290 5.329070518200751e-15
7926435 5.329070518200751e-15
7939580 5.329070518200751e-15
7952725 5.329070518200751e-15
7965870 5.329070518200751e-15
7979015 5.329070518200751e-15
7992160 5.329070518200751e-15
8005305 5.329070518200751e-15
8018450 5.329070518200751e-15
8031595 5.329070518200751e-15
8044740 5.329070518200751e-15
8057885 5.329070518200751e-15
8071030 7.105427357601002e-15
8084175 5.329070518200751e-15
8097320 5.329070518200751e-15
8110465 5.329070518200751e-15
8123610 5.329070518200751e-15
8136755 5.329070518200751e-15
8149900 5.329070518200751e-15
8163045 5.329070518200751e-15
8176190 5.329070518200751e-15
8189335 5.329070518200751e-15
8202480 5.329070518200751e-15
8215625 5.329070518200751e-15
8228770 5.329070518200751e-15
8241915 5.329070518200751e-15
8255060 5.329070518200751e-15
8268205 5.329070518200751e-15
8281350 5.329070518200751e-15
8294495 5.329070518200751e-15
8307640 5.329070518200751e-15
8320785 5.329070518200751e-15
8333930 5.329070518200751e-15
8347075 7.105427357601002e-15
8360220 5.329070518200751e-15
8373365 5.329070518200751e-15
8386510 5.329070518200751e-15
8399655 5.329070518200751e-15
8412800 5.329070518200751e-15
8425945 5.329070518200751e-15
8439090 5.329070518200751e-15
8452235 5.329070518200751e-15
8465380 7.105427357601002e-15
8478525 5.329070518200751e-15
8491670 5.329070518200751e-15
8504815 5.329070518200751e-15
8517960 5.329070518200751e-15
8531105 5.329070518200751e-15
8544250 7.105427357601002e-15
8557395 5.329070518200751e-15
8570540 5.329070518200751e-15
8583685 5.329070518200751e-15
8596830 5.329070518200751e-15
8609975 5.329070518200751e-15
8623120 7.105427357601002e-15
8636265 5.329070518200751e-15
8649410 5.329070518200751e-15
8662555 5.329070518200751e-15
8675700 5.329070518200751e-15
8688845 5.329070518200751e-15
8701990 7.105427357601002e-15
8715135 5.329070518200751e-15
8728280 5.329070518200751e-15
8741425 5.329070518200751e-15
8754570 5.329070518200751e-15
8767715 5.329070518200751e-15
8780860 7.105427357601002e-15
8794005 5.329070518200751e-15
8807150 5.329070518200751e-15
8820295 5.329070518200751e-15
8833440 5.329070518200751e-15
8846585 5.329070518200751e-15
8859730 7.105427357601002e-15
8872875 5.329070518200751e-15
8886020 5.329070518200751e-15
8899165 5.329070518200751e-15
8912310 5.329070518200751e-15
8925455 5.329070518200751e-15
8938600 7.105427357601002e-15
8951745 5.329070518200751e-15
8964890 5.329070518200751e-15
8978035 5.329070518200751e-15
8991180 5.329070518200751e-15
9004325 5.329070518200751e-15
9017470 5.329070518200751e-15
9030615 5.329070518200751e-15
9043760 5.329070518200751e-15
9056905 7.105427357601002e-15
9070050 5.329070518200751e-15
9083195 5.329070518200751e-15
9096340 5.329070518200751e-15
9109485 5.329070518200751e-15
9122630 5.329070518200751e-15
9135775 7.105427357601002e-15
9148920 5.329070518200751e-15
9162065 5.329070518200751e-15
9175210 5.329070518200751e-15
9188355 5.329070518200751e-15
9201500 5.329070518200751e-15
9214645 5.329070518200751e-15
9227790 5.329070518200751e-15
9240935 5.329070518200751e-15
9254080 7.105427357601002e-15
9267225 5.329070518200751e-15
9280370 5.329070518200751e-15
9293515 5.329070518200751e-15
9306660 5.329070518200751e-15
9319805 5.329070518200751e-15
9332950 7.105427357601002e-15
9346095 5.329070518200751e-15
9359240 5.329070518200751e-15
9372385 5.329070518200751e-15
9385530 5.329070518200751e-15
9398675 5.329070518200751e-15
9411820 7.105427357601002e-15
9424965 5.329070518200751e-15
9438110 5.329070518200751e-15
9451255 5.329070518200751e-15
9464400 5.329070518200751e-15
9477545 5.329070518200751e-15
9490690 5.329070518200751e-15
9503835 5.329070518200751e-15
9516980 5.329070518200751e-15
9530125 5.329070518200751e-15
9543270 5.329070518200751e-15
9556415 5.329070518200751e-15
9569560 7.105427357601002e-15
9582705 5.329070518200751e-15
9595850 5.329070518200751e-15
9608995 5.329070518200751e-15
9622140 5.329070518200751e-15
9635285 5.329070518200751e-15
9648430 5.329070518200751e-15
9661575 5.329070518200751e-15
9674720 5.329070518200751e-15
9687865 5.329070518200751e-15
9701010 5.329070518200751e-15
9714155 5.329070518200751e-15
9727300 5.329070518200751e-15
9740445 5.329070518200751e-15
9753590 5.329070518200751e-15
9766735 5.329070518200751e-15
9779880 5.329070518200751e-15
9793025 5.329070518200751e-15
9806170 5.329070518200751e-15
9819315 5.329070518200751e-15
9832460 5.329070518200751e-15
9845605 5.329070518200751e-15
9858750 5.329070518200751e-15
9871895 5.329070518200751e-15
9885040 7.105427357601002e-15
9898185 5.329070518200751e-15
9911330 5.329070518200751e-15
9924475 5.329070518200751e-15
9937620 5.329070518200751e-15
9950765 5.329070518200751e-15
9963910 7.105427357601002e-15
9977055 5.329070518200751e-15
9990200 5.329070518200751e-15
10003345 5.329070518200751e-15
10016490 5.329070518200751e-15
10029635 5.329070518200751e-15
10042780 7.105427357601002e-15
10055925 5.329070518200751e-15
10069070 5.329070518200751e-15
10082215 5.329070518200751e-15
10095360 5.329070518200751e-15
10108505 5.329070518200751e-15
10121650 5.329070518200751e-15
10134795 5.329070518200751e-15
10147940 5.329070518200751e-15
10161085 5.329070518200751e-15
10174230 5.329070518200751e-15
10187375 5.329070518200751e-15
10200520 7.105427357601002e-15
10213665 5.329070518200751e-15
10226810 5.329070518200751e-15
10239955 5.329070518200751e-15
10253100 5.329070518200751e-15
10266245 5.329070518200751e-15
10279390 7.105427357601002e-15
10292535 5.329070518200751e-15
10305680 5.329070518200751e-15
10318825 5.329070518200751e-15
10331970 5.329070518200751e-15
10345115 5.329070518200751e-15
10358260 5.329070518200751e-15
10371405 5.329070518200751e-15
10384550 5.329070518200751e-15
10397695 5.329070518200751e-15
10410840 5.329070518200751e-15
10423985 5.329070518200751e-15
10437130 5.329070518200751e-15
10450275 5.329070518200751e-15
10463420 5.329070518200751e-15
10476565 5.329070518200751e-15
10489710 5.329070518200751e-15
10502855 5.329070518200751e-15
10516000 5.329070518200751e-15
10529145 7.105427357601002e-15
10542290 5.329070518200751e-15
10555435 5.329070518200751e-15
10568580 5.329070518200751e-15
10581725 5.329070518200751e-15
10594870 5.329070518200751e-15
10608015 5.329070518200751e-15
10621160 5.329070518200751e-15
10634305 5.329070518200751e-15
10647450 5.329070518200751e-15
10660595 5.329070518200751e-15
10673740 5.329070518200751e-15
10686885 7.105427357601002e-15
10700030 5.329070518200751e-15
10713175 5.329070518200751e-15
10726320 5.329070518200751e-15
10739465 5.329070518200751e-15
10752610 5.329070518200751e-15
10765755 5.329070518200751e-15
10778900 5.329070518200751e-15
10792045 5.329070518200751e-15
10805190 5.329070518200751e-15
10818335 5.329070518200751e-15
10831480 5.329070518200751e-15
10844625 5.329070518200751e-15
10857770 5.329070518200751e-15
10870915 5.329070518200751e-15
10884060 7.105427357601002e-15
10897205 5.329070518200751e-15
10910350 5.329070518200751e-15
10923495 5.329070518200751e-15
10936640 5.329070518200751e-15
10949785 5.329070518200751e-15
10962930 7.105427357601002e-15
10976075 5.329070518200751e-15
10989220 5.329070518200751e-15
11002365 5.329070518200751e-15
11015510 5.329070518200751e-15
11028655 5.329070518200751e-15
11041800 5.329070518200751e-15
11054945 5.329070518200751e-15
11068090 5.329070518200751e-15
11081235 5.329070518200751e-15
11094380 5.329070518200751e-15
11107525 5.329070518200751e-15
11120670 7.105427357601002e-15
11133815 5.329070518200751e-15
11146960 5.329070518200751e-15
11160105 5.329070518200751e-15
11173250 5.329070518200751e-15
11186395 5.329070518200751e-15
11199540 7.105427357601002e-15
11212685 5.329070518200751e-15
11225830 5.329070518200751e-15
11238975 5.329070518200751e-15
11252120 5.329070518200751e-15
11265265 5.329070518200751e-15
11278410 5.329070518200751e-15
11291555 5.329070518200751e-15
11304700 5.329070518200751e-15
11317845 5.329070518200751e-15
11330990 5.329070518200751e-15
11344135 5.329070518200751e-15
11357280 5.329070518200751e-15
11370425 5.329070518200751e-15
11383570 5.329070518200751e-15
11396715 5.329070518200751e-15
11409860 5.329070518200751e-15
11423005 5.329070518200751e-15
11436150 7.105427357601002e-15
11449295 5.329070518200751e-15
11462440 5.329070518200751e-15
11475585 5.329070518200751e-15
11488730 5.329070518200751e-15
11501875 5.329070518200751e-15
11515020 5.329070518200751e-15
11528165 5.329070518200751e-15
11541310 5.329070518200751e-15
11554455 5.329070518200751e-15
11567600 5.329070518200751e-15
11580745 5.329070518200751e-15
11593890 7.105427357601002e-15
11607035 5.329070518200751e-15
11620180 5.329070518200751e-15
11633325 5.329070518200751e-15
11646470 5.329070518200751e-15
11659615 5.329070518200751e-15
11672760 5.329070518200751e-15
11685905 5.329070518200751e-15
11699050 5.329070518200751e-15
11712195 5.329070518200751e-15
11725340 5.329070518200751e-15
11738485 5.329070518200751e-15
11751630 5.329070518200751e-15
11764775 5.329070518200751e-15
11777920 5.329070518200751e-15
11791065 5.329070518200751e-15
11804210 5.329070518200751e-15
11817355 5.329070518200751e-15
11830500 7.105427357601002e-15
11843645 5.329070518200751e-15
11856790 5.329070518200751e-15
11869935 5.329070518200751e-15
11883080 5.329070518200751e-15
11896225 5.329070518200751e-15
11909370 5.329070518200751e-15
11922515 5.329070518200751e-15
11935660 5.329070518200751e-15
11948805 5.329070518200751e-15
11961950 5.329070518200751e-15
11975095 5.329070518200751e-15
11988240 5.329070518200751e-15
12001385 5.329070518200751e-15
12014530 5.329070518200751e-15
12027675 5.329070518200751e-15
12040820 5.329070518200751e-15
12053965 5.329070518200751e-15
12067110 7.105427357601002e-15
12080255 5.329070518200751e-15
12093400 5.329070518200751e-15
12106545 5.329070518200751e-15
12119690 5.329070518200751e-15
12132835 5.329070518200751e-15
12145980 5.329070518200751e-15
12159125 5.329070518200751e-15
12172270 5.329070518200751e-15
12185415 7.105427357601002e-15
12198560 5.329070518200751e-15
12211705 5.329070518200751e-15
12224850 5.329070518200751e-15
12237995 5.329070518200751e-15
12251140 5.329070518200751e-15
12264285 5.329070518200751e-15
12277430 5.329070518200751e-15
12290575 5.329070518200751e-15
12303720 5.329070518200751e-15
12316865 5.329070518200751e-15
12330010 5.329070518200751e-15
12343155 5.329070518200751e-15
12356300 5.329070518200751e-15
12369445 5.329070518200751e-15
12382590 7.105427357601002e-15
12395735 5.329070518200751e-15
12408880 5.329070518200751e-15
12422025 5.329070518200751e-15
12435170 5.329070518200751e-15
12448315 5.329070518200751e-15
12461460 5.329070518200751e-15
12474605 5.329070518200751e-15
12487750 5.329070518200751e-15
12500895 5.329070518200751e-15
12514040 5.329070518200751e-15
12527185 5.329070518200751e-15
12540330 5.329070518200751e-15
12553475 5.329070518200751e-15
12566620 5.329070518200751e-15
12579765 5.329070518200751e-15
12592910 5.329070518200751e-15
12606055 5.329070518200751e-15
12619200 5.329070518200751e-15
12632345 5.329070518200751e-15
12645490 5.329070518200751e-15
12658635 5.329070518200751e-15
12671780 5.329070518200751e-15
12684925 5.329070518200751e-15
12698070 5.329070518200751e-15
12711215 5.329070518200751e-15
12724360 5.329070518200751e-15
12737505 5.329070518200751e-15
12750650 5.329070518200751e-15
12763795 5.329070518200751e-15
12776940 5.329070518200751e-15
12790085 5.329070518200751e-15
12803230 5.329070518200751e-15
12816375 5.329070518200751e-15
12829520 5.329070518200751e-15
12842665 5.329070518200751e-15
12855810 7.105427357601002e-15
12868955 5.329070518200751e-15
12882100 5.329070518200751e-15
12895245 5.329070518200751e-15
12908390 5.329070518200751e-15
12921535 5.329070518200751e-15
12934680 5.329070518200751e-15
12947825 5.329070518200751e-15
12960970 5.329070518200751e-15
12974115 5.329070518200751e-15
12987260 5.329070518200751e-15
13000405 5.329070518200751e-15
13013550 5.329070518200751e-15
13026695 5.329070518200751e-15
13039840 5.329070518200751e-15
13052985 5.329070518200751e-15
13066130 5.329070518200751e-15
13079275 5.329070518200751e-15
13092420 5.329070518200751e-15
13105565 5.329070518200751e-15
13118710 5.329070518200751e-15
13131855 5.329070518200751e-15
13145000 5.329070518200751e-15
13158145 5.329070518200751e-15
13171290 7.105427357601002e-15
13184435 5.329070518200751e-15
13197580 5.329070518200751e-15
13210725 5.329070518200751e-15
13223870 5.329070518200751e-15
13237015 5.329070518200751e-15
13250160 5.329070518200751e-15
13263305 5.329070518200751e-15
13276450 5.329070518200751e-15
13289595 7.105427357601002e-15
13302740 5.329070518200751e-15
13315885 5.329070518200751e-15
13329030 5.329070518200751e-15
13342175 5.329070518200751e-15
13355320 5.329070518200751e-15
13368465 7.105427357601002e-15
13381610 5.329070518200751e-15
13394755 5.329070518200751e-15
13407900 5.329070518200751e-15
13421045 5.329070518200751e-15
13434190 5.329070518200751e-15
13447335 5.329070518200751e-15
13460480 5.329070518200751e-15
13473625 5.329070518200751e-15
13486770 5.329070518200751e-15
13499915 5.329070518200751e-15
13513060 5.329070518200751e-15
13526205 7.105427357601002e-15
13539350 5.329070518200751e-15
13552495 5.329070518200751e-15
13565640 5.329070518200751e-15
13578785 5.329070518200751e-15
13591930 5.329070518200751e-15
13605075 5.329070518200751e-15
13618220 5.329070518200751e-15
13631365 5.329070518200751e-15
13644510 5.329070518200751e-15
13657655 5.329070518200751e-15
13670800 5.329070518200751e-15
13683945 5.329070518200751e-15
13697090 5.329070518200751e-15
13710235 5.329070518200751e-15
13723380 5.329070518200751e-15
13736525 5.329070518200751e-15
13749670 5.329070518200751e-15
13762815 5.329070518200751e-15
13775960 5.329070518200751e-15
13789105 5.329070518200751e-15
13802250 5.329070518200751e-15
13815395 5.329070518200751e-15
13828540 5.329070518200751e-15
13841685 5.329070518200751e-15
13854830 5.329070518200751e-15
13867975 5.329070518200751e-15
13881120 5.329070518200751e-15
13894265 5.329070518200751e-15
13907410 5.329070518200751e-15
13920555 5.329070518200751e-15
13933700 5.329070518200751e-15
13946845 5.329070518200751e-15
13959990 7.105427357601002e-15
13973135 5.329070518200751e-15
13986280 5.329070518200751e-15
13999425 5.329070518200751e-15
14012570 5.329070518200751e-15
14025715 5.329070518200751e-15
14038860 7.105427357601002e-15
14052005 5.329070518200751e-15
14065150 5.329070518200751e-15
14078295 5.329070518200751e-15
14091440 5.329070518200751e-15
14104585 5.329070518200751e-15
14117730 7.105427357601002e-15
14130875 5.329070518200751e-15
14144020 5.329070518200751e-15
14157165 5.329070518200751e-15
14170310 5.329070518200751e-15
14183455 5.329070518200751e-15
14196600 7.105427357601002e-15
14209745 5.329070518200751e-15
14222890 5.329070518200751e-15
14236035 5.329070518200751e-15
14249180 5.329070518200751e-15
14262325 5.329070518200751e-15
14275470 5.329070518200751e-15
14288615 5.329070518200751e-15
14301760 5.329070518200751e-15
14314905 7.105427357601002e-15
14328050 5.329070518200751e-15
14341195 5.329070518200751e-15
14354340 5.329070518200751e-15
14367485 5.329070518200751e-15
14380630 5.329070518200751e-15
14393775 5.329070518200751e-15
14406920 5.329070518200751e-15
14420065 5.329070518200751e-15
14433210 5.329070518200751e-15
14446355 5.329070518200751e-15
14459500 5.329070518200751e-15
14472645 5.329070518200751e-15
14485790 5.329070518200751e-15
14498935 5.329070518200751e-15
14512080 5.329070518200751e-15
14525225 5.329070518200751e-15
14538370 5.329070518200751e-15
14551515 7.105427357601002e-15
14564660 5.329070518200751e-15
14577805 5.329070518200751e-15
14590950 5.329070518200751e-15
14604095 5.329070518200751e-15
14617240 5.329070518200751e-15
14630385 5.329070518200751e-15
14643530 5.329070518200751e-15
14656675 5.329070518200751e-15
14669820 5.329070518200751e-15
14682965 5.329070518200751e-15
14696110 5.329070518200751e-15
14709255 5.329070518200751e-15
14722400 5.329070518200751e-15
14735545 5.329070518200751e-15
14748690 7.105427357601002e-15
14761835 5.329070518200751e-15
14774980 5.329070518200751e-15
14788125 5.329070518200751e-15
14801270 5.329070518200751e-15
14814415 5.329070518200751e-15
14827560 5.329070518200751e-15
14840705 5.329070518200751e-15
14853850 5.329070518200751e-15
14866995 5.329070518200751e-15
14880140 5.329070518200751e-15
14893285 5.329070518200751e-15
14906430 7.105427357601002e-15
14919575 5.329070518200751e-15
14932720 5.329070518200751e-15
14945865 5.329070518200751e-15
14959010 5.329070518200751e-15
14972155 5.329070518200751e-15
14985300 5.329070518200751e-15
14998445 5.329070518200751e-15
15011590 5.329070518200751e-15
15024735 5.329070518200751e-15
15037880 5.329070518200751e-15
15051025 5.329070518200751e-15
15064170 5.329070518200751e-15
15077315 5.329070518200751e-15
15090460 5.329070518200751e-15
15103605 5.329070518200751e-15
15116750 5.329070518200751e-15
15129895 5.329070518200751e-15
15143040 7.105427357601002e-15
15156185 5.329070518200751e-15
15169330 5.329070518200751e-15
15182475 5.329070518200751e-15
15195620 5.329070518200751e-15
15208765 5.329070518200751e-15
15221910 5.329070518200751e-15
15235055 5.329070518200751e-15
15248200 5.329070518200751e-15
15261345 5.329070518200751e-15
15274490 5.329070518200751e-15
15287635 5.329070518200751e-15
15300780 7.105427357601002e-15
15313925 5.329070518200751e-15
15327070 5.329070518200751e-15
15340215 5.329070518200751e-15
15353360 5.329070518200751e-15
15366505 5.329070518200751e-15
15379650 5.329070518200751e-15
15392795 5.329070518200751e-15
15405940 5.329070518200751e-15
15419085 5.329070518200751e-15
15432230 5.329070518200751e-15
15445375 5.329070518200751e-15
15458520 5.329070518200751e-15
15471665 5.329070518200751e-15
15484810 5.329070518200751e-15
15497955 5.329070518200751e-15
15511100 5.329070518200751e-15
15524245 5.329070518200751e-15
15537390 5.329070518200751e-15
15550535 5.329070518200751e-15
15563680 5.329070518200751e-15
15576825 5.329070518200751e-15
15589970 5.329070518200751e-15
15603115 5.329070518200751e-15
15616260 7.105427357601002e-15
15629405 5.329070518200751e-15
15642550 5.329070518200751e-15
15655695 5.329070518200751e-15
15668840 5.329070518200751e-15
15681985 5.329070518200751e-15
15695130 5.329070518200751e-15
15708275 5.329070518200751e-15
15721420 5.329070518200751e-15
15734565 7.105427357601002e-15
15747710 5.329070518200751e-15
15760855 5.329070518200751e-15
15774000 5.329070518200751e-15
15787145 5.329070518200751e-15
15800290 5.329070518200751e-15
15813435 7.105427357601002e-15
15826580 5.329070518200751e-15
15839725 5.329070518200751e-15
15852870 5.329070518200751e-15
15866015 5.329070518200751e-15
15879160 5.329070518200751e-15
15892305 5.329070518200751e-15
15905450 5.329070518200751e-15
15918595 5.329070518200751e-15
15931740 5.329070518200751e-15
15944885 5.329070518200751e-15
15958030 5.329070518200751e-15
15971175 5.329070518200751e-15
15984320 5.329070518200751e-15
15997465 5.329070518200751e-15
16010610 5.329070518200751e-15
16023755 5.329070518200751e-15
16036900 5.329070518200751e-15
16050045 5.329070518200751e-15
16063190 5.329070518200751e-15
16076335 5.329070518200751e-15
16089480 5.329070518200751e-15
16102625 5.329070518200751e-15
16115770 5.329070518200751e-15
16128915 7.105427357601002e-15
16142060 5.329070518200751e-15
16155205 5.329070518200751e-15
16168350 5.329070518200751e-15
16181495 5.329070518200751e-15
16194640 5.329070518200751e-15
16207785 5.329070518200751e-15
16220930 5.329070518200751e-15
16234075 5.329070518200751e-15
16247220 5.329070518200751e-15
16260365 5.329070518200751e-15
16273510 5.329070518200751e-15
16286655 5.329070518200751e-15
16299800 5.329070518200751e-15
16312945 5.329070518200751e-15
