0 22.507783457552005
77632 2.263865483275127
155264 1.0831983090507222
232896 0.4976966744569413
310528 0.3190954759201663
388160 0.21363176674667983
465792 0.1494496790248263
543424 0.11200801182154052
621056 0.08647158790678144
698688 0.06796085616871395
776320 0.056462307231968545
853952 0.04669215710537333
931584 0.03920224285849816
1009216 0.033544102993028346
1086848 0.02889416091674768
1164480 0.025152179803929364
1242112 0.022265095237967714
1319744 0.019652048791478194
1397376 0.017420789432386563
1475008 0.015490061571344249
1552640 0.013895476753994274
1630272 0.012470430747499428
1707904 0.011254468842431642
1785536 0.010174538979648595
1863168 0.009206573429859866
1940800 0.008320836056988412
2018432 0.007519785405391666
2096064 0.0068213546065294395
2173696 0.006182293987673226
2251328 0.005598992549765924
2328960 0.005073786502776123
2406592 0.0046022937292189425
2484224 0.004175341570294755
2561856 0.003796386447798561
2639488 0.0034496301611186553
2717120 0.003132815323453997
2794752 0.0028437360363300357
2872384 0.002580265085270206
2950016 0.0023403724668558112
3027648 0.002122137153071968
3105280 0.0019237536505096742
3182912 0.0017438141253274253
3260544 0.0015815574805611021
3338176 0.0014340919675666086
3415808 0.0013001447606910688
3493440 0.0011785366739829328
3571072 0.0010681786603887744
3648704 0.0009680676061352145
3726336 0.0008772816830742158
3803968 0.0007950024694380886
3881600 0.000721384525139257
3959232 0.0006545457630622309
4036864 0.0005938782720962266
4114496 0.0005388250734164046
4192128 0.000488876560730489
4269760 0.0004435670452762608
4347392 0.00040247143714466915
4425024 0.00036520208440027346
4502656 0.00033140578335011384
4580288 0.0003007609669705147
4657920 0.00027297507383128305
4735552 0.00024778209612197344
4813184 0.00022494030272479648
4890816 0.00020423013140113966
4968448 0.00018551803388344723
5046080 0.00016865784394415329
5123712 0.00015335240325153876
5201344 0.00013945780268365127
5278976 0.00012684331872403476
5356608 0.00011539024360374128
5434240 0.00010499081156201129
5511872 9.55472147694536e-05
5589504 8.69707026680544e-05
5667136 7.918075857382689e-05
5744768 7.210434771209862e-05
5822400 6.567523121070451e-05
5900032 5.9833340676718194e-05
5977664 5.452420854989981e-05
6055296 4.9698449585022786e-05
6132928 4.531128911100524e-05
6210560 4.132213420859898e-05
6288192 3.7694183957270866e-05
6365824 3.439407545879902e-05
6443456 3.1391562426819064e-05
6521088 2.8659223490379304e-05
6598720 2.6172197514995332e-05
6676352 2.391131976242633e-05
6753984 2.1869438708854716e-05
6831616 2.0007911105679455e-05
6909248 1.831038499666704e-05
6986880 1.6762017351901193e-05
7064512 1.5349333604142146e-05
7142144 1.4060100283153076e-05
7219776 1.288320947256949e-05
7297408 1.1808574035043762e-05
7375040 1.0827032621563148e-05
7452672 9.930263566104713e-06
7530304 9.110706781001454e-06
7607936 8.361493020636601e-06
7685568 7.676379691901047e-06
7763200 7.0496927406793475e-06
7840832 6.476273928690546e-06
7918464 5.954996939117052e-06
7996096 5.480312272432286e-06
8073728 5.045086970856261e-06
8151360 4.645911886314025e-06
8228992 4.28308325339799e-06
8306624 3.951157062420663e-06
8384256 3.646056104589235e-06
8461888 3.3655222742012825e-06
8539520 3.1074945452402858e-06
8617152 2.8700912557688696e-06
8694784 2.6515940314553177e-06
8772416 2.4504331683772307e-06
8850048 2.265174375182255e-06
8927680 2.0945066965261105e-06
9005312 1.937231567605835e-06
9082944 1.7922528439129337e-06
9160576 1.6585677578007108e-06
9238208 1.5352586708594629e-06
9315840 1.4214855958982753e-06
9393472 1.3176729680708377e-06
9471104 1.2218722744705701e-06
9548736 1.1332938725239217e-06
9626368 1.0513706096837439e-06
9704000 9.755818046741638e-07
9781632 9.054492635662825e-07
9859264 8.408482314870014e-07
9936896 7.814621945101408e-07
10014528 7.263986261385469e-07
10092160 6.75331275346025e-07
10169792 6.284917595245076e-07
10247424 5.850877109470076e-07
10325056 5.44753248732377e-07
10402688 5.072646052095564e-07
10480320 4.7241492029392873e-07
10557952 4.4001292764939137e-07
10635584 4.098817207864869e-07
10713216 3.818576297387466e-07
10790848 3.5578920321022167e-07
10868480 3.3153624312554086e-07
10946112 3.0896894931409236e-07
11023744 2.879671061606359e-07
11101376 2.684193596280693e-07
11179008 2.503664588981991e-07
11256640 2.3356555578502025e-07
11334272 2.1790731818960296e-07
11411904 2.033125721112583e-07
11489536 1.8970776838322934e-07
11567168 1.7702456833745828e-07
11644800 1.6519946233195526e-07
11722432 1.542517091279727e-07
11800064 1.4411878823672453e-07
11877696 1.3465411047297593e-07
11955328 1.2581335245842595e-07
12032960 1.1755515549882745e-07
12110592 1.0984092363441889e-07
12188224 1.0263464073068107e-07
12265856 9.590269106629634e-08
12343488 8.961370023818915e-08
12421120 8.373838500386199e-08
12498752 7.824941145040398e-08
12576384 7.312126276692865e-08
12654016 6.833011834128655e-08
12731648 6.385374190509552e-08
12809280 5.967137056694938e-08
12886912 5.576362099857235e-08
12964544 5.2112393900127785e-08
13042176 4.870079028940211e-08
13119808 4.5513029955923656e-08
13197440 4.2534376520908523e-08
13275072 3.975106960263375e-08
13352704 3.715025759243318e-08
13430336 3.471994025616709e-08
13507968 3.244890622866592e-08
13585600 3.032668949298767e-08
13663232 2.834350970593036e-08
13740864 2.6490235505161053e-08
13818496 2.4758335548380472e-08
13896128 2.313984248658585e-08
13973760 2.162731177479671e-08
14051392 2.0213790863365944e-08
14129024 1.889278433697683e-08
14206656 1.7658224438221737e-08
14284288 1.65044435340711e-08
14361920 1.5426144306385225e-08
14439552 1.4418380545055953e-08
14517184 1.347652861527493e-08
14594816 1.2596271303788598e-08
14672448 1.1773572505813235e-08
14750080 1.1005232836147627e-08
14827712 1.0288028429172869e-08
14905344 9.617560081665033e-09
14982976 8.990782840445632e-09
15060608 8.404849816123772e-09
15138240 7.85709958206482e-09
15215872 7.345044350515195e-09
15293504 6.866358259749461e-09
15371136 6.418866604906981e-09
15448768 6.000537233763481e-09
15526400 5.609469444500803e-09
15604032 5.2438870468130006e-09
15681664 4.902129202566385e-09
15759296 4.582643597927927e-09
15836928 4.283978616292927e-09
15914560 4.004777620636446e-09
15992192 3.7437722921751515e-09
16069824 3.4997768572075927e-09
16147456 3.271682924577135e-09
16225088 3.0584539345568373e-09
16302720 2.8591214951134702e-09
16380352 2.672779997325847e-09
16457984 2.4985825075596324e-09
16535616 2.335738047420932e-09
16613248 2.18350648673038e-09
16690880 2.0411964340993904e-09
16768512 1.9081609070603633e-09
16846144 1.7837958332656e-09
16923776 1.667536220217869e-09
17001408 1.5588533797128434e-09
17079040 1.4572540396606826e-09
17156672 1.3622763472831423e-09
17234304 1.2734887033793996e-09
17311936 1.1904877084134569e-09
17389568 1.1128962751350002e-09
17467200 1.0403617412002575e-09
17544832 9.725547589489736e-10
17622464 9.091670749583614e-10
17700096 8.49910697375833e-10
17777728 7.945162305844633e-10
17855360 7.42732320091477e-10
17932992 6.943233765710488e-10
18010624 6.490694093308491e-10
18088256 6.067650826224735e-10
18165888 5.672179947957545e-10
18243520 5.302481786984004e-10
18321152 4.956882126982975e-10
18398784 4.6338061165940303e-10
18476416 4.331784930755589e-10
18554048 4.0494513298128254e-10
18631680 3.785519675503224e-10
18709312 3.538787041179603e-10
18786944 3.3081382078137267e-10
18864576 3.0925229044242997e-10
18942208 2.890959138746041e-10
19019840 2.702530976783635e-10
19097472 2.5263868774771936e-10
19175104 2.3617224842453766e-10
19252736 2.2077900618810986e-10
19330368 2.0638918352133828e-10
19408000 1.9293711073231634e-10
19485632 1.8036194759929458e-10
19563264 1.6860624008074865e-10
19640896 1.57616808493799e-10
19718528 1.473436928023375e-10
19796160 1.377400971058762e-10
19873792 1.287623341283961e-10
19951424 1.203698807294984e-10
20029056 1.1252443421483349e-10
20106688 1.0519030091415971e-10
20184320 9.833411862558705e-11
20261952 9.192491212672849e-11
20339584 8.59333715297339e-11
20417216 8.033246290395368e-11
20494848 7.509642907521652e-11
20572480 7.020173331540036e-11
20650112 6.562611565286147e-11
20727744 6.13487038947369e-11
20805376 5.7350124649246936e-11
20883008 5.3612003725334034e-11
20960640 5.0117687777628817e-11
21038272 4.685102306112299e-11
21115904 4.3797410143042725e-11
21193536 4.094274919097529e-11
21271168 3.8274217128986265e-11
21348800 3.5779434970351076e-11
21426432 3.3447467018277166e-11
21504064 3.126743308712321e-11
21581696 2.922945219197004e-11
21659328 2.732430948171327e-11
21736960 2.5543345216760827e-11
21814592 2.387839925788171e-11
21892224 2.2322144133113397e-11
21969856 2.08671413481909e-11
22047488 1.950700712072262e-11
22125120 1.8235690735224352e-11
22202752 1.704714147621189e-11
22280384 1.5935974762015803e-11
22358016 1.489736112247897e-11
22435648 1.3926193531688114e-11
22513280 1.3018530697905817e-11
22590912 1.2170153773638503e-11
22668544 1.1376843911392598e-11
22746176 1.0635325953245456e-11
22823808 9.941991674367046e-12
22901440 9.294010006044573e-12
22979072 8.688216812657856e-12
23056704 8.122058581250258e-12
23134336 7.59259322080652e-12
23211968 7.097711307579857e-12
23289600 6.635081373218554e-12
23367232 6.202538482824593e-12
23444864 5.798417301861036e-12
23522496 5.4203863619761705e-12
23600128 5.067224417842908e-12
23677760 4.736822045714462e-12
23755392 4.428235556019899e-12
23833024 4.139466547314896e-12
23910656 3.869737863482214e-12
23988288 3.6174396811361476e-12
24065920 3.381794844159458e-12
24143552 3.161304551468902e-12
24221184 2.9551361357960104e-12
24298816 2.762567952174777e-12
24376448 2.582600799883039e-12
24454080 2.4141244558961716e-12
24531712 2.2568613644580182e-12
24609344 2.1098123248464162e-12
24686976 1.972200180944128e-12
24764608 1.843636354692535e-12
24842240 1.7235657345793243e-12
24919872 1.6111556533360272e-12
24997504 1.5061285552064874e-12
25075136 1.4079848398296235e-12
25152768 1.3163914402980481e-12
25230400 1.2304046670408297e-12
25308032 1.1502465646628934e-12
25385664 1.0753065105006954e-12
25463296 1.0051404153443855e-12
25540928 9.397482791939638e-13
25618560 8.784639682346551e-13
25696192 8.213429936176908e-13
25773824 7.676637103770645e-13
25851456 7.175926519664699e-13
25929088 6.707967514785196e-13
26006720 6.271094754595197e-13
26084352 5.863087793045452e-13
26161984 5.480060849549773e-13
26239616 5.123679258645097e-13
26317248 4.7883919052083e-13
26394880 4.476419235288631e-13
26472512 4.18554080283684e-13
26550144 3.911870827266739e-13
26627776 3.658184866139891e-13
26705408 3.418376692820857e-13
26783040 3.1963320878958257e-13
26860672 2.988165270778609e-13
26938304 2.793321129956894e-13
27015936 2.6106894424060556e-13
27093568 2.440270208126094e-13
27171200 2.2815083156046967e-13
27248832 2.1316282072803006e-13
27326464 1.9945156637390937e-13
27404096 1.8646195698579504e-13
27481728 1.7430501486614958e-13
27559360 1.6292522886374172e-13
27636992 1.5226708782734022e-13
27714624 1.4233059175694507e-13
27792256 1.329492071988625e-13
27869888 1.245115122117113e-13
27947520 1.1629586182948515e-13
28025152 1.0869083411080283e-13
28102784 1.0158540675320182e-13
28180416 9.50350909079134e-14
28258048 8.876233081878127e-14
28335680 8.293365993949919e-14
28413312 7.76601005725297e-14
28490944 7.260858581048524e-14
28568576 6.789013795582832e-14
28646208 6.34492458573277e-14
28723840 5.928590951498336e-14
28801472 5.540012892879531e-14
28879104 5.184741524999481e-14
28956736 4.846123502488808e-14
29034368 4.518607710224387e-14
29112000 4.2521541843143495e-14
29189632 3.963496197911809e-14
29267264 3.7192471324942744e-14
29344896 3.452793606584237e-14
29422528 3.241851231905457e-14
29500160 3.0142555118573e-14
29577792 2.8255175976710234e-14
29655424 2.6478819137309983e-14
29733056 2.4702462297909733e-14
29810688 2.3148150063434514e-14
29888320 2.1760371282653068e-14
29965952 2.042810365310288e-14
30043584 1.887379141862766e-14
30121216 1.7763568394002505e-14
30198848 1.6708856520608606e-14
30276480 1.5487611193520934e-14
30354112 1.4876988529977098e-14
30431744 1.3766765505351941e-14
30509376 1.2878587085651816e-14
30587008 1.2434497875801753e-14
30664640 1.2434497875801753e-14
30742272 1.2434497875801753e-14
30819904 1.0658141036401503e-14
30897536 1.0658141036401503e-14
30975168 9.769962616701378e-15
31052800 1.0658141036401503e-14
31130432 1.0658141036401503e-14
31208064 1.0658141036401503e-14
31285696 8.881784197001252e-15
31363328 1.0658141036401503e-14
31440960 8.881784197001252e-15
31518592 8.881784197001252e-15
31596224 1.0658141036401503e-14
31673856 8.881784197001252e-15
31751488 1.0658141036401503e-14
31829120 1.0658141036401503e-14
31906752 8.881784197001252e-15
31984384 8.881784197001252e-15
32062016 1.0658141036401503e-14
32139648 8.881784197001252e-15
32217280 8.881784197001252e-15
32294912 8.881784197001252e-15
32372544 8.881784197001252e-15
32450176 8.881784197001252e-15
32527808 8.881784197001252e-15
32605440 8.881784197001252e-15
32683072 7.105427357601002e-15
32760704 8.881784197001252e-15
32838336 7.105427357601002e-15
32915968 8.881784197001252e-15
32993600 8.881784197001252e-15
33071232 1.0658141036401503e-14
33148864 8.881784197001252e-15
33226496 8.881784197001252e-15
33304128 8.881784197001252e-15
33381760 1.0658141036401503e-14
33459392 8.881784197001252e-15
33537024 8.881784197001252e-15
33614656 7.105427357601002e-15
33692288 8.881784197001252e-15
33769920 8.881784197001252e-15
33847552 7.105427357601002e-15
33925184 8.881784197001252e-15
34002816 8.881784197001252e-15
34080448 7.105427357601002e-15
34158080 8.881784197001252e-15
34235712 8.881784197001252e-15
34313344 7.105427357601002e-15
34390976 8.881784197001252e-15
34468608 1.0658141036401503e-14
34546240 7.105427357601002e-15
34623872 7.105427357601002e-15
34701504 7.105427357601002e-15
34779136 7.105427357601002e-15
34856768 7.105427357601002e-15
34934400 7.105427357601002e-15
35012032 7.105427357601002e-15
35089664 7.105427357601002e-15
35167296 7.105427357601002e-15
35244928 7.105427357601002e-15
35322560 7.105427357601002e-15
35400192 7.105427357601002e-15
35477824 7.105427357601002e-15
35555456 7.105427357601002e-15
35633088 7.105427357601002e-15
35710720 8.881784197001252e-15
35788352 7.105427357601002e-15
35865984 8.881784197001252e-15
35943616 7.105427357601002e-15
36021248 7.105427357601002e-15
36098880 7.105427357601002e-15
36176512 7.105427357601002e-15
36254144 7.105427357601002e-15
36331776 7.105427357601002e-15
36409408 7.105427357601002e-15
36487040 7.105427357601002e-15
36564672 7.105427357601002e-15
36642304 7.105427357601002e-15
36719936 7.105427357601002e-15
36797568 7.105427357601002e-15
36875200 7.105427357601002e-15
36952832 7.105427357601002e-15
37030464 7.105427357601002e-15
37108096 7.105427357601002e-15
37185728 7.105427357601002e-15
37263360 7.105427357601002e-15
37340992 7.105427357601002e-15
37418624 7.105427357601002e-15
37496256 7.105427357601002e-15
37573888 7.105427357601002e-15
37651520 7.105427357601002e-15
37729152 7.105427357601002e-15
37806784 7.105427357601002e-15
37884416 7.105427357601002e-15
37962048 7.105427357601002e-15
38039680 7.105427357601002e-15
38117312 7.105427357601002e-15
38194944 7.105427357601002e-15
38272576 7.105427357601002e-15
38350208 7.105427357601002e-15
38427840 7.105427357601002e-15
38505472 7.105427357601002e-15
38583104 7.105427357601002e-15
38660736 7.105427357601002e-15
38738368 7.105427357601002e-15
38816000 7.105427357601002e-15
38893632 7.105427357601002e-15
38971264 7.105427357601002e-15
39048896 7.105427357601002e-15
39126528 7.105427357601002e-15
39204160 7.105427357601002e-15
39281792 7.105427357601002e-15
39359424 7.105427357601002e-15
39437056 7.105427357601002e-15
39514688 7.105427357601002e-15
39592320 7.105427357601002e-15
39669952 7.105427357601002e-15
39747584 7.105427357601002e-15
39825216 7.105427357601002e-15
39902848 7.105427357601002e-15
39980480 7.105427357601002e-15
40058112 7.105427357601002e-15
40135744 7.105427357601002e-15
40213376 7.105427357601002e-15
40291008 7.105427357601002e-15
40368640 7.105427357601002e-15
40446272 7.105427357601002e-15
40523904 7.105427357601002e-15
40601536 7.105427357601002e-15
40679168 7.105427357601002e-15
40756800 7.105427357601002e-15
40834432 7.105427357601002e-15
40912064 7.105427357601002e-15
40989696 7.105427357601002e-15
41067328 7.105427357601002e-15
41144960 7.105427357601002e-15
41222592 7.105427357601002e-15
41300224 7.105427357601002e-15
41377856 7.105427357601002e-15
41455488 7.105427357601002e-15
41533120 7.105427357601002e-15
41610752 7.105427357601002e-15
41688384 7.105427357601002e-15
41766016 7.105427357601002e-15
41843648 7.105427357601002e-15
41921280 7.105427357601002e-15
41998912 7.105427357601002e-15
42076544 7.105427357601002e-15
42154176 7.105427357601002e-15
42231808 7.105427357601002e-15
42309440 7.105427357601002e-15
42387072 7.105427357601002e-15
42464704 7.105427357601002e-15
42542336 7.105427357601002e-15
42619968 7.105427357601002e-15
42697600 7.105427357601002e-15
42775232 7.105427357601002e-15
42852864 7.105427357601002e-15
42930496 7.105427357601002e-15
43008128 7.105427357601002e-15
43085760 7.105427357601002e-15
43163392 7.105427357601002e-15
43241024 7.105427357601002e-15
43318656 7.105427357601002e-15
43396288 7.105427357601002e-15
43473920 7.105427357601002e-15
43551552 7.105427357601002e-15
43629184 7.105427357601002e-15
43706816 7.105427357601002e-15
43784448 7.105427357601002e-15
43862080 7.105427357601002e-15
43939712 7.105427357601002e-15
44017344 7.105427357601002e-15
44094976 7.105427357601002e-15
44172608 7.105427357601002e-15
44250240 7.105427357601002e-15
44327872 7.105427357601002e-15
44405504 7.105427357601002e-15
44483136 7.105427357601002e-15
44560768 7.105427357601002e-15
44638400 7.105427357601002e-15
44716032 7.105427357601002e-15
44793664 7.105427357601002e-15
44871296 7.105427357601002e-15
44948928 7.105427357601002e-15
45026560 7.105427357601002e-15
45104192 7.105427357601002e-15
45181824 7.105427357601002e-15
45259456 7.105427357601002e-15
45337088 7.105427357601002e-15
45414720 7.105427357601002e-15
45492352 7.105427357601002e-15
45569984 7.105427357601002e-15
45647616 7.105427357601002e-15
45725248 7.105427357601002e-15
45802880 7.105427357601002e-15
45880512 7.105427357601002e-15
45958144 7.105427357601002e-15
46035776 7.105427357601002e-15
46113408 7.105427357601002e-15
46191040 7.105427357601002e-15
46268672 7.105427357601002e-15
46346304 7.105427357601002e-15
46423936 7.105427357601002e-15
46501568 7.105427357601002e-15
46579200 7.105427357601002e-15
46656832 7.105427357601002e-15
46734464 7.105427357601002e-15
46812096 7.105427357601002e-15
46889728 7.105427357601002e-15
46967360 7.105427357601002e-15
47044992 7.105427357601002e-15
47122624 7.105427357601002e-15
47200256 7.105427357601002e-15
47277888 7.105427357601002e-15
47355520 7.105427357601002e-15
47433152 7.105427357601002e-15
47510784 7.105427357601002e-15
47588416 7.105427357601002e-15
47666048 7.105427357601002e-15
47743680 7.105427357601002e-15
47821312 7.105427357601002e-15
47898944 7.105427357601002e-15
47976576 7.105427357601002e-15
48054208 7.105427357601002e-15
48131840 7.105427357601002e-15
48209472 7.105427357601002e-15
48287104 7.105427357601002e-15
48364736 7.105427357601002e-15
48442368 7.105427357601002e-15
48520000 7.105427357601002e-15
48597632 7.105427357601002e-15
48675264 7.105427357601002e-15
48752896 7.105427357601002e-15
48830528 7.105427357601002e-15
48908160 7.105427357601002e-15
48985792 7.105427357601002e-15
49063424 7.105427357601002e-15
49141056 7.105427357601002e-15
49218688 7.105427357601002e-15
49296320 7.105427357601002e-15
49373952 7.105427357601002e-15
49451584 7.105427357601002e-15
49529216 7.105427357601002e-15
49606848 7.105427357601002e-15
49684480 7.105427357601002e-15
49762112 7.105427357601002e-15
49839744 7.105427357601002e-15
49917376 7.105427357601002e-15
49995008 7.105427357601002e-15
50072640 7.105427357601002e-15
50150272 7.105427357601002e-15
50227904 7.105427357601002e-15
50305536 7.105427357601002e-15
50383168 7.105427357601002e-15
50460800 7.105427357601002e-15
50538432 7.105427357601002e-15
50616064 7.105427357601002e-15
50693696 7.105427357601002e-15
50771328 7.105427357601002e-15
50848960 7.105427357601002e-15
50926592 7.105427357601002e-15
51004224 7.105427357601002e-15
51081856 7.105427357601002e-15
51159488 7.105427357601002e-15
51237120 7.105427357601002e-15
51314752 7.105427357601002e-15
51392384 7.105427357601002e-15
51470016 7.105427357601002e-15
51547648 7.105427357601002e-15
51625280 7.105427357601002e-15
51702912 7.105427357601002e-15
51780544 7.105427357601002e-15
51858176 7.105427357601002e-15
51935808 7.105427357601002e-15
52013440 7.105427357601002e-15
52091072 7.105427357601002e-15
52168704 7.105427357601002e-15
52246336 7.105427357601002e-15
52323968 7.105427357601002e-15
52401600 7.105427357601002e-15
52479232 7.105427357601002e-15
52556864 7.105427357601002e-15
52634496 7.105427357601002e-15
52712128 7.105427357601002e-15
52789760 7.105427357601002e-15
52867392 7.105427357601002e-15
52945024 7.105427357601002e-15
53022656 7.105427357601002e-15
53100288 7.105427357601002e-15
53177920 7.105427357601002e-15
53255552 7.105427357601002e-15
53333184 7.105427357601002e-15
53410816 7.105427357601002e-15
53488448 7.105427357601002e-15
53566080 7.105427357601002e-15
53643712 7.105427357601002e-15
53721344 7.105427357601002e-15
53798976 7.105427357601002e-15
53876608 7.105427357601002e-15
53954240 7.105427357601002e-15
54031872 7.105427357601002e-15
54109504 7.105427357601002e-15
54187136 7.105427357601002e-15
54264768 7.105427357601002e-15
54342400 7.105427357601002e-15
54420032 7.105427357601002e-15
54497664 7.105427357601002e-15
54575296 7.105427357601002e-15
54652928 7.105427357601002e-15
54730560 7.105427357601002e-15
54808192 7.105427357601002e-15
54885824 7.105427357601002e-15
54963456 7.105427357601002e-15
55041088 7.105427357601002e-15
55118720 7.105427357601002e-15
55196352 7.105427357601002e-15
55273984 7.105427357601002e-15
55351616 7.105427357601002e-15
55429248 7.105427357601002e-15
55506880 7.105427357601002e-15
55584512 7.105427357601002e-15
55662144 7.105427357601002e-15
55739776 7.105427357601002e-15
55817408 7.105427357601002e-15
55895040 7.105427357601002e-15
55972672 7.105427357601002e-15
56050304 7.105427357601002e-15
56127936 7.105427357601002e-15
56205568 7.105427357601002e-15
56283200 7.105427357601002e-15
56360832 7.105427357601002e-15
56438464 7.105427357601002e-15
56516096 7.105427357601002e-15
56593728 7.105427357601002e-15
56671360 7.105427357601002e-15
56748992 7.105427357601002e-15
56826624 7.105427357601002e-15
56904256 7.105427357601002e-15
56981888 7.105427357601002e-15
57059520 7.105427357601002e-15
57137152 7.105427357601002e-15
57214784 7.105427357601002e-15
57292416 7.105427357601002e-15
57370048 7.105427357601002e-15
57447680 7.105427357601002e-15
57525312 7.105427357601002e-15
57602944 7.105427357601002e-15
57680576 7.105427357601002e-15
57758208 7.105427357601002e-15
57835840 7.105427357601002e-15
57913472 7.105427357601002e-15
57991104 7.105427357601002e-15
58068736 7.105427357601002e-15
58146368 7.105427357601002e-15
58224000 7.105427357601002e-15
58301632 7.105427357601002e-15
58379264 7.105427357601002e-15
58456896 7.105427357601002e-15
58534528 7.105427357601002e-15
58612160 7.105427357601002e-15
58689792 7.105427357601002e-15
58767424 7.105427357601002e-15
58845056 7.105427357601002e-15
58922688 7.105427357601002e-15
59000320 7.105427357601002e-15
59077952 7.105427357601002e-15
59155584 7.105427357601002e-15
59233216 7.105427357601002e-15
59310848 7.105427357601002e-15
59388480 7.105427357601002e-15
59466112 7.105427357601002e-15
59543744 7.105427357601002e-15
59621376 7.105427357601002e-15
59699008 7.105427357601002e-15
59776640 7.105427357601002e-15
59854272 7.105427357601002e-15
59931904 7.105427357601002e-15
60009536 7.105427357601002e-15
60087168 7.105427357601002e-15
60164800 7.105427357601002e-15
60242432 7.105427357601002e-15
60320064 7.105427357601002e-15
60397696 7.105427357601002e-15
60475328 7.105427357601002e-15
60552960 7.105427357601002e-15
60630592 7.105427357601002e-15
60708224 7.105427357601002e-15
60785856 7.105427357601002e-15
60863488 7.105427357601002e-15
60941120 7.105427357601002e-15
61018752 7.105427357601002e-15
61096384 7.105427357601002e-15
61174016 7.105427357601002e-15
61251648 7.105427357601002e-15
61329280 7.105427357601002e-15
61406912 7.105427357601002e-15
61484544 7.105427357601002e-15
61562176 7.105427357601002e-15
61639808 7.105427357601002e-15
61717440 7.105427357601002e-15
61795072 7.105427357601002e-15
61872704 7.105427357601002e-15
61950336 7.105427357601002e-15
62027968 7.105427357601002e-15
62105600 7.105427357601002e-15
62183232 7.105427357601002e-15
62260864 7.105427357601002e-15
62338496 7.105427357601002e-15
62416128 7.105427357601002e-15
62493760 7.105427357601002e-15
62571392 7.105427357601002e-15
62649024 7.105427357601002e-15
62726656 7.105427357601002e-15
62804288 7.105427357601002e-15
62881920 7.105427357601002e-15
62959552 7.105427357601002e-15
63037184 7.105427357601002e-15
63114816 7.105427357601002e-15
63192448 7.105427357601002e-15
63270080 7.105427357601002e-15
63347712 7.105427357601002e-15
63425344 7.105427357601002e-15
63502976 7.105427357601002e-15
63580608 7.105427357601002e-15
63658240 7.105427357601002e-15
63735872 7.105427357601002e-15
63813504 7.105427357601002e-15
63891136 7.105427357601002e-15
63968768 7.105427357601002e-15
64046400 7.105427357601002e-15
64124032 7.105427357601002e-15
64201664 7.105427357601002e-15
64279296 7.105427357601002e-15
64356928 7.105427357601002e-15
64434560 7.105427357601002e-15
64512192 7.105427357601002e-15
64589824 7.105427357601002e-15
64667456 7.105427357601002e-15
64745088 7.105427357601002e-15
64822720 7.105427357601002e-15
64900352 7.105427357601002e-15
64977984 7.105427357601002e-15
65055616 7.105427357601002e-15
65133248 7.105427357601002e-15
65210880 7.105427357601002e-15
65288512 7.105427357601002e-15
65366144 7.105427357601002e-15
65443776 7.105427357601002e-15
65521408 7.105427357601002e-15
65599040 7.105427357601002e-15
65676672 7.105427357601002e-15
65754304 7.105427357601002e-15
65831936 7.105427357601002e-15
65909568 7.105427357601002e-15
65987200 7.105427357601002e-15
66064832 7.105427357601002e-15
66142464 7.105427357601002e-15
66220096 7.105427357601002e-15
66297728 7.105427357601002e-15
66375360 7.105427357601002e-15
66452992 7.105427357601002e-15
66530624 7.105427357601002e-15
66608256 7.105427357601002e-15
66685888 7.105427357601002e-15
66763520 7.105427357601002e-15
66841152 7.105427357601002e-15
66918784 7.105427357601002e-15
66996416 7.105427357601002e-15
67074048 7.105427357601002e-15
67151680 7.105427357601002e-15
67229312 7.105427357601002e-15
67306944 7.105427357601002e-15
67384576 7.105427357601002e-15
67462208 7.105427357601002e-15
67539840 7.105427357601002e-15
67617472 7.105427357601002e-15
67695104 7.105427357601002e-15
67772736 7.105427357601002e-15
67850368 7.105427357601002e-15
67928000 7.105427357601002e-15
68005632 7.105427357601002e-15
68083264 7.105427357601002e-15
68160896 7.105427357601002e-15
68238528 7.105427357601002e-15
68316160 7.105427357601002e-15
68393792 7.105427357601002e-15
68471424 7.105427357601002e-15
68549056 7.105427357601002e-15
68626688 7.105427357601002e-15
68704320 7.105427357601002e-15
68781952 7.105427357601002e-15
68859584 7.105427357601002e-15
68937216 7.105427357601002e-15
69014848 7.105427357601002e-15
69092480 7.105427357601002e-15
69170112 7.105427357601002e-15
69247744 7.105427357601002e-15
69325376 7.105427357601002e-15
69403008 7.105427357601002e-15
69480640 7.105427357601002e-15
69558272 7.105427357601002e-15
69635904 7.105427357601002e-15
69713536 7.105427357601002e-15
69791168 7.105427357601002e-15
69868800 7.105427357601002e-15
69946432 7.105427357601002e-15
70024064 7.105427357601002e-15
70101696 7.105427357601002e-15
70179328 7.105427357601002e-15
70256960 7.105427357601002e-15
70334592 7.105427357601002e-15
70412224 7.105427357601002e-15
70489856 7.105427357601002e-15
70567488 7.105427357601002e-15
70645120 7.105427357601002e-15
70722752 7.105427357601002e-15
70800384 7.105427357601002e-15
70878016 7.105427357601002e-15
70955648 7.105427357601002e-15
71033280 7.105427357601002e-15
71110912 7.105427357601002e-15
71188544 7.105427357601002e-15
71266176 7.105427357601002e-15
71343808 7.105427357601002e-15
71421440 7.105427357601002e-15
71499072 7.105427357601002e-15
71576704 7.105427357601002e-15
71654336 7.105427357601002e-15
71731968 7.105427357601002e-15
71809600 7.105427357601002e-15
71887232 7.105427357601002e-15
71964864 7.105427357601002e-15
72042496 7.105427357601002e-15
72120128 7.105427357601002e-15
72197760 7.105427357601002e-15
72275392 7.105427357601002e-15
72353024 7.105427357601002e-15
72430656 7.105427357601002e-15
72508288 7.105427357601002e-15
72585920 7.105427357601002e-15
72663552 7.105427357601002e-15
72741184 7.105427357601002e-15
72818816 7.105427357601002e-15
72896448 7.105427357601002e-15
72974080 7.105427357601002e-15
73051712 7.105427357601002e-15
73129344 7.105427357601002e-15
73206976 7.105427357601002e-15
73284608 7.105427357601002e-15
73362240 7.105427357601002e-15
73439872 7.105427357601002e-15
73517504 7.105427357601002e-15
73595136 7.105427357601002e-15
73672768 7.105427357601002e-15
73750400 7.105427357601002e-15
73828032 7.105427357601002e-15
73905664 7.105427357601002e-15
73983296 7.105427357601002e-15
74060928 7.105427357601002e-15
74138560 7.105427357601002e-15
74216192 7.105427357601002e-15
74293824 7.105427357601002e-15
74371456 7.105427357601002e-15
74449088 7.105427357601002e-15
74526720 7.105427357601002e-15
74604352 7.105427357601002e-15
74681984 7.105427357601002e-15
74759616 7.105427357601002e-15
74837248 7.105427357601002e-15
74914880 7.105427357601002e-15
74992512 7.105427357601002e-15
75070144 7.105427357601002e-15
75147776 7.105427357601002e-15
75225408 7.105427357601002e-15
75303040 7.105427357601002e-15
75380672 7.105427357601002e-15
75458304 7.105427357601002e-15
75535936 7.105427357601002e-15
75613568 7.105427357601002e-15
75691200 7.105427357601002e-15
75768832 7.105427357601002e-15
75846464 7.105427357601002e-15
75924096 7.105427357601002e-15
76001728 7.105427357601002e-15
76079360 7.105427357601002e-15
76156992 7.105427357601002e-15
76234624 7.105427357601002e-15
76312256 7.105427357601002e-15
76389888 7.105427357601002e-15
76467520 7.105427357601002e-15
76545152 7.105427357601002e-15
76622784 7.105427357601002e-15
76700416 7.105427357601002e-15
76778048 7.105427357601002e-15
76855680 7.105427357601002e-15
76933312 7.105427357601002e-15
77010944 7.105427357601002e-15
77088576 7.105427357601002e-15
77166208 7.105427357601002e-15
77243840 7.105427357601002e-15
77321472 7.105427357601002e-15
77399104 7.105427357601002e-15
77476736 7.105427357601002e-15
77554368 7.105427357601002e-15
77632000 7.105427357601002e-15
77709632 7.105427357601002e-15
77787264 7.105427357601002e-15
77864896 7.105427357601002e-15
77942528 7.105427357601002e-15
78020160 7.105427357601002e-15
78097792 7.105427357601002e-15
78175424 7.105427357601002e-15
78253056 7.105427357601002e-15
78330688 7.105427357601002e-15
78408320 7.105427357601002e-15
78485952 7.105427357601002e-15
78563584 7.105427357601002e-15
78641216 7.105427357601002e-15
78718848 7.105427357601002e-15
78796480 7.105427357601002e-15
78874112 7.105427357601002e-15
78951744 7.105427357601002e-15
79029376 7.105427357601002e-15
79107008 7.105427357601002e-15
79184640 7.105427357601002e-15
79262272 7.105427357601002e-15
79339904 7.105427357601002e-15
79417536 7.105427357601002e-15
79495168 7.105427357601002e-15
79572800 7.105427357601002e-15
79650432 7.105427357601002e-15
79728064 7.105427357601002e-15
79805696 7.105427357601002e-15
79883328 7.105427357601002e-15
79960960 7.105427357601002e-15
80038592 7.105427357601002e-15
80116224 7.105427357601002e-15
80193856 7.105427357601002e-15
80271488 7.105427357601002e-15
80349120 7.105427357601002e-15
80426752 7.105427357601002e-15
80504384 7.105427357601002e-15
80582016 7.105427357601002e-15
80659648 7.105427357601002e-15
80737280 7.105427357601002e-15
80814912 7.105427357601002e-15
80892544 7.105427357601002e-15
80970176 7.105427357601002e-15
81047808 7.105427357601002e-15
81125440 7.105427357601002e-15
81203072 7.105427357601002e-15
81280704 7.105427357601002e-15
81358336 7.105427357601002e-15
81435968 7.105427357601002e-15
81513600 7.105427357601002e-15
81591232 7.105427357601002e-15
81668864 7.105427357601002e-15
81746496 7.105427357601002e-15
81824128 7.105427357601002e-15
81901760 7.105427357601002e-15
81979392 7.105427357601002e-15
82057024 7.105427357601002e-15
82134656 7.105427357601002e-15
82212288 7.105427357601002e-15
82289920 7.105427357601002e-15
82367552 7.105427357601002e-15
82445184 7.105427357601002e-15
82522816 7.105427357601002e-15
82600448 7.105427357601002e-15
82678080 7.105427357601002e-15
82755712 7.105427357601002e-15
82833344 7.105427357601002e-15
82910976 7.105427357601002e-15
82988608 7.105427357601002e-15
83066240 7.105427357601002e-15
83143872 7.105427357601002e-15
83221504 7.105427357601002e-15
83299136 7.105427357601002e-15
83376768 7.105427357601002e-15
83454400 7.105427357601002e-15
83532032 7.105427357601002e-15
83609664 7.105427357601002e-15
83687296 7.105427357601002e-15
83764928 7.105427357601002e-15
83842560 7.105427357601002e-15
83920192 7.105427357601002e-15
83997824 7.105427357601002e-15
84075456 7.105427357601002e-15
84153088 7.105427357601002e-15
84230720 7.105427357601002e-15
84308352 7.105427357601002e-15
84385984 7.105427357601002e-15
84463616 7.105427357601002e-15
84541248 7.105427357601002e-15
84618880 7.105427357601002e-15
84696512 7.105427357601002e-15
84774144 7.105427357601002e-15
84851776 7.105427357601002e-15
84929408 7.105427357601002e-15
85007040 7.105427357601002e-15
85084672 7.105427357601002e-15
85162304 7.105427357601002e-15
85239936 7.105427357601002e-15
85317568 7.105427357601002e-15
85395200 7.105427357601002e-15
85472832 7.105427357601002e-15
85550464 7.105427357601002e-15
85628096 7.105427357601002e-15
85705728 7.105427357601002e-15
85783360 7.105427357601002e-15
85860992 7.105427357601002e-15
85938624 7.105427357601002e-15
86016256 7.105427357601002e-15
86093888 7.105427357601002e-15
86171520 7.105427357601002e-15
86249152 7.105427357601002e-15
86326784 7.105427357601002e-15
86404416 7.105427357601002e-15
86482048 7.105427357601002e-15
86559680 7.105427357601002e-15
86637312 7.105427357601002e-15
86714944 7.105427357601002e-15
86792576 7.105427357601002e-15
86870208 7.105427357601002e-15
86947840 7.105427357601002e-15
87025472 7.105427357601002e-15
87103104 7.105427357601002e-15
87180736 7.105427357601002e-15
87258368 7.105427357601002e-15
87336000 7.105427357601002e-15
87413632 7.105427357601002e-15
87491264 7.105427357601002e-15
87568896 7.105427357601002e-15
87646528 7.105427357601002e-15
87724160 7.105427357601002e-15
87801792 7.105427357601002e-15
87879424 7.105427357601002e-15
87957056 7.105427357601002e-15
88034688 7.105427357601002e-15
88112320 7.105427357601002e-15
88189952 7.105427357601002e-15
88267584 7.105427357601002e-15
88345216 7.105427357601002e-15
88422848 7.105427357601002e-15
88500480 7.105427357601002e-15
88578112 7.105427357601002e-15
88655744 7.105427357601002e-15
88733376 7.105427357601002e-15
88811008 7.105427357601002e-15
88888640 7.105427357601002e-15
88966272 7.105427357601002e-15
89043904 7.105427357601002e-15
89121536 7.105427357601002e-15
89199168 7.105427357601002e-15
89276800 7.105427357601002e-15
89354432 7.105427357601002e-15
89432064 7.105427357601002e-15
89509696 7.105427357601002e-15
89587328 7.105427357601002e-15
89664960 7.105427357601002e-15
89742592 7.105427357601002e-15
89820224 7.105427357601002e-15
89897856 7.105427357601002e-15
89975488 7.105427357601002e-15
90053120 7.105427357601002e-15
90130752 7.105427357601002e-15
90208384 7.105427357601002e-15
90286016 7.105427357601002e-15
90363648 7.105427357601002e-15
90441280 7.105427357601002e-15
90518912 7.105427357601002e-15
90596544 7.105427357601002e-15
90674176 7.105427357601002e-15
90751808 7.105427357601002e-15
90829440 7.105427357601002e-15
90907072 7.105427357601002e-15
90984704 7.105427357601002e-15
91062336 7.105427357601002e-15
91139968 7.105427357601002e-15
91217600 7.105427357601002e-15
91295232 7.105427357601002e-15
91372864 7.105427357601002e-15
91450496 7.105427357601002e-15
91528128 7.105427357601002e-15
91605760 7.105427357601002e-15
91683392 7.105427357601002e-15
91761024 7.105427357601002e-15
91838656 7.105427357601002e-15
91916288 7.105427357601002e-15
91993920 7.105427357601002e-15
92071552 7.105427357601002e-15
92149184 7.105427357601002e-15
92226816 7.105427357601002e-15
92304448 7.105427357601002e-15
92382080 7.105427357601002e-15
92459712 7.105427357601002e-15
92537344 7.105427357601002e-15
92614976 7.105427357601002e-15
92692608 7.105427357601002e-15
92770240 7.105427357601002e-15
92847872 7.105427357601002e-15
92925504 7.105427357601002e-15
93003136 7.105427357601002e-15
93080768 7.105427357601002e-15
93158400 7.105427357601002e-15
93236032 7.105427357601002e-15
93313664 7.105427357601002e-15
93391296 7.105427357601002e-15
93468928 7.105427357601002e-15
93546560 7.105427357601002e-15
93624192 7.105427357601002e-15
93701824 7.105427357601002e-15
93779456 7.105427357601002e-15
93857088 7.105427357601002e-15
93934720 7.105427357601002e-15
94012352 7.105427357601002e-15
94089984 7.105427357601002e-15
94167616 7.105427357601002e-15
94245248 7.105427357601002e-15
94322880 7.105427357601002e-15
94400512 7.105427357601002e-15
94478144 7.105427357601002e-15
94555776 7.105427357601002e-15
94633408 7.105427357601002e-15
94711040 7.105427357601002e-15
94788672 7.105427357601002e-15
94866304 7.105427357601002e-15
94943936 7.105427357601002e-15
95021568 7.105427357601002e-15
95099200 7.105427357601002e-15
95176832 7.105427357601002e-15
95254464 7.105427357601002e-15
95332096 7.105427357601002e-15
95409728 7.105427357601002e-15
95487360 7.105427357601002e-15
95564992 7.105427357601002e-15
95642624 7.105427357601002e-15
95720256 7.105427357601002e-15
95797888 7.105427357601002e-15
95875520 7.105427357601002e-15
95953152 7.105427357601002e-15
96030784 7.105427357601002e-15
96108416 7.105427357601002e-15
96186048 7.105427357601002e-15
96263680 7.105427357601002e-15
96341312 7.105427357601002e-15
96418944 7.105427357601002e-15
96496576 7.105427357601002e-15
96574208 7.105427357601002e-15
96651840 7.105427357601002e-15
96729472 7.105427357601002e-15
96807104 7.105427357601002e-15
96884736 7.105427357601002e-15
96962368 7.105427357601002e-15
97040000 7.105427357601002e-15
97117632 7.105427357601002e-15
97195264 7.105427357601002e-15
97272896 7.105427357601002e-15
97350528 7.105427357601002e-15
97428160 7.105427357601002e-15
97505792 7.105427357601002e-15
97583424 7.105427357601002e-15
97661056 7.105427357601002e-15
97738688 7.105427357601002e-15
97816320 7.105427357601002e-15
97893952 7.105427357601002e-15
97971584 7.105427357601002e-15
98049216 7.105427357601002e-15
98126848 7.105427357601002e-15
98204480 7.105427357601002e-15
98282112 7.105427357601002e-15
98359744 7.105427357601002e-15
98437376 7.105427357601002e-15
98515008 7.105427357601002e-15
98592640 7.105427357601002e-15
98670272 7.105427357601002e-15
98747904 7.105427357601002e-15
98825536 7.105427357601002e-15
98903168 7.105427357601002e-15
98980800 7.105427357601002e-15
99058432 7.105427357601002e-15
99136064 7.105427357601002e-15
99213696 7.105427357601002e-15
99291328 7.105427357601002e-15
99368960 7.105427357601002e-15
99446592 7.105427357601002e-15
99524224 7.105427357601002e-15
99601856 7.105427357601002e-15
99679488 7.105427357601002e-15
99757120 7.105427357601002e-15
99834752 7.105427357601002e-15
99912384 7.105427357601002e-15
99990016 7.105427357601002e-15
100067648 7.105427357601002e-15
100145280 7.105427357601002e-15
100222912 7.105427357601002e-15
100300544 7.105427357601002e-15
100378176 7.105427357601002e-15
100455808 7.105427357601002e-15
100533440 7.105427357601002e-15
100611072 7.105427357601002e-15
100688704 7.105427357601002e-15
100766336 7.105427357601002e-15
100843968 7.105427357601002e-15
100921600 7.105427357601002e-15
100999232 7.105427357601002e-15
101076864 7.105427357601002e-15
101154496 7.105427357601002e-15
101232128 7.105427357601002e-15
101309760 7.105427357601002e-15
101387392 7.105427357601002e-15
101465024 7.105427357601002e-15
101542656 7.105427357601002e-15
101620288 7.105427357601002e-15
101697920 7.105427357601002e-15
101775552 7.105427357601002e-15
101853184 7.105427357601002e-15
101930816 7.105427357601002e-15
102008448 7.105427357601002e-15
102086080 7.105427357601002e-15
102163712 7.105427357601002e-15
102241344 7.105427357601002e-15
102318976 7.105427357601002e-15
102396608 7.105427357601002e-15
102474240 7.105427357601002e-15
102551872 7.105427357601002e-15
102629504 7.105427357601002e-15
102707136 7.105427357601002e-15
102784768 7.105427357601002e-15
102862400 7.105427357601002e-15
102940032 7.105427357601002e-15
103017664 7.105427357601002e-15
103095296 7.105427357601002e-15
103172928 7.105427357601002e-15
103250560 7.105427357601002e-15
103328192 7.105427357601002e-15
103405824 7.105427357601002e-15
103483456 7.105427357601002e-15
103561088 7.105427357601002e-15
103638720 7.105427357601002e-15
103716352 7.105427357601002e-15
103793984 7.105427357601002e-15
103871616 7.105427357601002e-15
103949248 7.105427357601002e-15
104026880 7.105427357601002e-15
104104512 7.105427357601002e-15
104182144 7.105427357601002e-15
104259776 7.105427357601002e-15
104337408 7.105427357601002e-15
104415040 7.105427357601002e-15
104492672 7.105427357601002e-15
104570304 7.105427357601002e-15
104647936 7.105427357601002e-15
104725568 7.105427357601002e-15
104803200 7.105427357601002e-15
104880832 7.105427357601002e-15
104958464 7.105427357601002e-15
105036096 7.105427357601002e-15
105113728 7.105427357601002e-15
105191360 7.105427357601002e-15
105268992 7.105427357601002e-15
105346624 7.105427357601002e-15
105424256 7.105427357601002e-15
105501888 7.105427357601002e-15
105579520 7.105427357601002e-15
105657152 7.105427357601002e-15
105734784 7.105427357601002e-15
105812416 7.105427357601002e-15
105890048 7.105427357601002e-15
105967680 7.105427357601002e-15
106045312 7.105427357601002e-15
106122944 7.105427357601002e-15
106200576 7.105427357601002e-15
106278208 7.105427357601002e-15
106355840 7.105427357601002e-15
106433472 7.105427357601002e-15
106511104 7.105427357601002e-15
106588736 7.105427357601002e-15
106666368 7.105427357601002e-15
106744000 7.105427357601002e-15
106821632 7.105427357601002e-15
106899264 7.105427357601002e-15
106976896 7.105427357601002e-15
107054528 7.105427357601002e-15
107132160 7.105427357601002e-15
107209792 7.105427357601002e-15
107287424 7.105427357601002e-15
107365056 7.105427357601002e-15
107442688 7.105427357601002e-15
107520320 7.105427357601002e-15
107597952 7.105427357601002e-15
107675584 7.105427357601002e-15
107753216 7.105427357601002e-15
107830848 7.105427357601002e-15
107908480 7.105427357601002e-15
107986112 7.105427357601002e-15
108063744 7.105427357601002e-15
108141376 7.105427357601002e-15
108219008 7.105427357601002e-15
108296640 7.105427357601002e-15
108374272 7.105427357601002e-15
108451904 7.105427357601002e-15
108529536 7.105427357601002e-15
108607168 7.105427357601002e-15
108684800 7.105427357601002e-15
108762432 7.105427357601002e-15
108840064 7.105427357601002e-15
108917696 7.105427357601002e-15
108995328 7.105427357601002e-15
109072960 7.105427357601002e-15
109150592 7.105427357601002e-15
109228224 7.105427357601002e-15
109305856 7.105427357601002e-15
109383488 7.105427357601002e-15
109461120 7.105427357601002e-15
109538752 7.105427357601002e-15
109616384 7.105427357601002e-15
109694016 7.105427357601002e-15
109771648 7.105427357601002e-15
109849280 7.105427357601002e-15
109926912 7.105427357601002e-15
110004544 7.105427357601002e-15
110082176 7.105427357601002e-15
110159808 7.105427357601002e-15
110237440 7.105427357601002e-15
110315072 7.105427357601002e-15
110392704 7.105427357601002e-15
110470336 7.105427357601002e-15
110547968 7.105427357601002e-15
110625600 7.105427357601002e-15
110703232 7.105427357601002e-15
110780864 7.105427357601002e-15
110858496 7.105427357601002e-15
110936128 7.105427357601002e-15
111013760 7.105427357601002e-15
111091392 7.105427357601002e-15
111169024 7.105427357601002e-15
111246656 7.105427357601002e-15
111324288 7.105427357601002e-15
111401920 7.105427357601002e-15
111479552 7.105427357601002e-15
111557184 7.105427357601002e-15
111634816 7.105427357601002e-15
111712448 7.105427357601002e-15
111790080 7.105427357601002e-15
111867712 7.105427357601002e-15
111945344 7.105427357601002e-15
112022976 7.105427357601002e-15
112100608 7.105427357601002e-15
112178240 7.105427357601002e-15
112255872 7.105427357601002e-15
112333504 7.105427357601002e-15
112411136 7.105427357601002e-15
112488768 7.105427357601002e-15
112566400 7.105427357601002e-15
112644032 7.105427357601002e-15
112721664 7.105427357601002e-15
112799296 7.105427357601002e-15
112876928 7.105427357601002e-15
112954560 7.105427357601002e-15
113032192 7.105427357601002e-15
113109824 7.105427357601002e-15
113187456 7.105427357601002e-15
113265088 7.105427357601002e-15
113342720 7.105427357601002e-15
113420352 7.105427357601002e-15
113497984 7.105427357601002e-15
113575616 7.105427357601002e-15
113653248 7.105427357601002e-15
113730880 7.105427357601002e-15
113808512 7.105427357601002e-15
113886144 7.105427357601002e-15
113963776 7.105427357601002e-15
114041408 7.105427357601002e-15
114119040 7.105427357601002e-15
114196672 7.105427357601002e-15
114274304 7.105427357601002e-15
114351936 7.105427357601002e-15
114429568 7.105427357601002e-15
114507200 7.105427357601002e-15
114584832 7.105427357601002e-15
114662464 7.105427357601002e-15
114740096 7.105427357601002e-15
114817728 7.105427357601002e-15
114895360 7.105427357601002e-15
114972992 7.105427357601002e-15
115050624 7.105427357601002e-15
115128256 7.105427357601002e-15
115205888 7.105427357601002e-15
115283520 7.105427357601002e-15
115361152 7.105427357601002e-15
115438784 7.105427357601002e-15
115516416 7.105427357601002e-15
115594048 7.105427357601002e-15
115671680 7.105427357601002e-15
115749312 7.105427357601002e-15
115826944 7.105427357601002e-15
115904576 7.105427357601002e-15
115982208 7.105427357601002e-15
116059840 7.105427357601002e-15
116137472 7.105427357601002e-15
116215104 7.105427357601002e-15
116292736 7.105427357601002e-15
116370368 7.105427357601002e-15
116448000 7.105427357601002e-15
116525632 7.105427357601002e-15
116603264 7.105427357601002e-15
116680896 7.105427357601002e-15
116758528 7.105427357601002e-15
116836160 7.105427357601002e-15
116913792 7.105427357601002e-15
116991424 7.105427357601002e-15
117069056 7.105427357601002e-15
117146688 7.105427357601002e-15
117224320 7.105427357601002e-15
117301952 7.105427357601002e-15
117379584 7.105427357601002e-15
117457216 7.105427357601002e-15
117534848 7.105427357601002e-15
117612480 7.105427357601002e-15
117690112 7.105427357601002e-15
117767744 7.105427357601002e-15
117845376 7.105427357601002e-15
117923008 7.105427357601002e-15
118000640 7.105427357601002e-15
118078272 7.105427357601002e-15
118155904 7.105427357601002e-15
118233536 7.105427357601002e-15
118311168 7.105427357601002e-15
118388800 7.105427357601002e-15
118466432 7.105427357601002e-15
118544064 7.105427357601002e-15
118621696 7.105427357601002e-15
118699328 7.105427357601002e-15
118776960 7.105427357601002e-15
118854592 7.105427357601002e-15
118932224 7.105427357601002e-15
119009856 7.105427357601002e-15
119087488 7.105427357601002e-15
119165120 7.105427357601002e-15
119242752 7.105427357601002e-15
119320384 7.105427357601002e-15
119398016 7.105427357601002e-15
119475648 7.105427357601002e-15
119553280 7.105427357601002e-15
119630912 7.105427357601002e-15
119708544 7.105427357601002e-15
119786176 7.105427357601002e-15
119863808 7.105427357601002e-15
119941440 7.105427357601002e-15
120019072 7.105427357601002e-15
120096704 7.105427357601002e-15
120174336 7.105427357601002e-15
120251968 7.105427357601002e-15
120329600 7.105427357601002e-15
120407232 7.105427357601002e-15
120484864 7.105427357601002e-15
120562496 7.105427357601002e-15
120640128 7.105427357601002e-15
120717760 7.105427357601002e-15
120795392 7.105427357601002e-15
120873024 7.105427357601002e-15
120950656 7.105427357601002e-15
121028288 7.105427357601002e-15
121105920 7.105427357601002e-15
121183552 7.105427357601002e-15
121261184 7.105427357601002e-15
121338816 7.105427357601002e-15
121416448 7.105427357601002e-15
121494080 7.105427357601002e-15
121571712 7.105427357601002e-15
121649344 7.105427357601002e-15
121726976 7.105427357601002e-15
121804608 7.105427357601002e-15
121882240 7.105427357601002e-15
121959872 7.105427357601002e-15
122037504 7.105427357601002e-15
122115136 7.105427357601002e-15
122192768 7.105427357601002e-15
122270400 7.105427357601002e-15
122348032 7.105427357601002e-15
122425664 7.105427357601002e-15
122503296 7.105427357601002e-15
122580928 7.105427357601002e-15
122658560 7.105427357601002e-15
122736192 7.105427357601002e-15
122813824 7.105427357601002e-15
122891456 7.105427357601002e-15
122969088 7.105427357601002e-15
123046720 7.105427357601002e-15
123124352 7.105427357601002e-15
123201984 7.105427357601002e-15
123279616 7.105427357601002e-15
123357248 7.105427357601002e-15
123434880 7.105427357601002e-15
123512512 7.105427357601002e-15
123590144 7.105427357601002e-15
123667776 7.105427357601002e-15
123745408 7.105427357601002e-15
123823040 7.105427357601002e-15
123900672 7.105427357601002e-15
123978304 7.105427357601002e-15
124055936 7.105427357601002e-15
124133568 7.105427357601002e-15
124211200 7.105427357601002e-15
124288832 7.105427357601002e-15
124366464 7.105427357601002e-15
124444096 7.105427357601002e-15
124521728 7.105427357601002e-15
124599360 7.105427357601002e-15
124676992 7.105427357601002e-15
124754624 7.105427357601002e-15
124832256 7.105427357601002e-15
124909888 7.105427357601002e-15
124987520 7.105427357601002e-15
125065152 7.105427357601002e-15
125142784 7.105427357601002e-15
125220416 7.105427357601002e-15
125298048 7.105427357601002e-15
125375680 7.105427357601002e-15
125453312 7.105427357601002e-15
125530944 7.105427357601002e-15
125608576 7.105427357601002e-15
125686208 7.105427357601002e-15
125763840 7.105427357601002e-15
125841472 7.105427357601002e-15
125919104 7.105427357601002e-15
125996736 7.105427357601002e-15
126074368 7.105427357601002e-15
126152000 7.105427357601002e-15
126229632 7.105427357601002e-15
126307264 7.105427357601002e-15
126384896 7.105427357601002e-15
126462528 7.105427357601002e-15
126540160 7.105427357601002e-15
126617792 7.105427357601002e-15
126695424 7.105427357601002e-15
126773056 7.105427357601002e-15
126850688 7.105427357601002e-15
126928320 7.105427357601002e-15
127005952 7.105427357601002e-15
127083584 7.105427357601002e-15
127161216 7.105427357601002e-15
127238848 7.105427357601002e-15
127316480 7.105427357601002e-15
127394112 7.105427357601002e-15
127471744 7.105427357601002e-15
127549376 7.105427357601002e-15
127627008 7.105427357601002e-15
127704640 7.105427357601002e-15
127782272 7.105427357601002e-15
127859904 7.105427357601002e-15
127937536 7.105427357601002e-15
128015168 7.105427357601002e-15
128092800 7.105427357601002e-15
128170432 7.105427357601002e-15
128248064 7.105427357601002e-15
128325696 7.105427357601002e-15
128403328 7.105427357601002e-15
128480960 7.105427357601002e-15
128558592 7.105427357601002e-15
128636224 7.105427357601002e-15
128713856 7.105427357601002e-15
128791488 7.105427357601002e-15
128869120 7.105427357601002e-15
128946752 7.105427357601002e-15
129024384 7.105427357601002e-15
129102016 7.105427357601002e-15
129179648 7.105427357601002e-15
129257280 7.105427357601002e-15
129334912 7.105427357601002e-15
129412544 7.105427357601002e-15
129490176 7.105427357601002e-15
129567808 7.105427357601002e-15
129645440 7.105427357601002e-15
129723072 7.105427357601002e-15
129800704 7.105427357601002e-15
129878336 7.105427357601002e-15
129955968 7.105427357601002e-15
130033600 7.105427357601002e-15
130111232 7.105427357601002e-15
130188864 7.105427357601002e-15
130266496 7.105427357601002e-15
130344128 7.105427357601002e-15
130421760 7.105427357601002e-15
130499392 7.105427357601002e-15
130577024 7.105427357601002e-15
130654656 7.105427357601002e-15
130732288 7.105427357601002e-15
130809920 7.105427357601002e-15
130887552 7.105427357601002e-15
130965184 7.105427357601002e-15
131042816 7.105427357601002e-15
131120448 7.105427357601002e-15
131198080 7.105427357601002e-15
131275712 7.105427357601002e-15
131353344 7.105427357601002e-15
131430976 7.105427357601002e-15
131508608 7.105427357601002e-15
131586240 7.105427357601002e-15
131663872 7.105427357601002e-15
131741504 7.105427357601002e-15
131819136 7.105427357601002e-15
131896768 7.105427357601002e-15
131974400 7.105427357601002e-15
132052032 7.105427357601002e-15
132129664 7.105427357601002e-15
132207296 7.105427357601002e-15
132284928 7.105427357601002e-15
132362560 7.105427357601002e-15
132440192 7.105427357601002e-15
132517824 7.105427357601002e-15
132595456 7.105427357601002e-15
132673088 7.105427357601002e-15
132750720 7.105427357601002e-15
132828352 7.105427357601002e-15
132905984 7.105427357601002e-15
132983616 7.105427357601002e-15
133061248 7.105427357601002e-15
133138880 7.105427357601002e-15
133216512 7.105427357601002e-15
133294144 7.105427357601002e-15
133371776 7.105427357601002e-15
133449408 7.105427357601002e-15
133527040 7.105427357601002e-15
133604672 7.105427357601002e-15
133682304 7.105427357601002e-15
133759936 7.105427357601002e-15
133837568 7.105427357601002e-15
133915200 7.105427357601002e-15
133992832 7.105427357601002e-15
134070464 7.105427357601002e-15
134148096 7.105427357601002e-15
134225728 7.105427357601002e-15
134303360 7.105427357601002e-15
134380992 7.105427357601002e-15
134458624 7.105427357601002e-15
134536256 7.105427357601002e-15
134613888 7.105427357601002e-15
134691520 7.105427357601002e-15
134769152 7.105427357601002e-15
134846784 7.105427357601002e-15
134924416 7.105427357601002e-15
135002048 7.105427357601002e-15
135079680 7.105427357601002e-15
135157312 7.105427357601002e-15
135234944 7.105427357601002e-15
135312576 7.105427357601002e-15
135390208 7.105427357601002e-15
135467840 7.105427357601002e-15
135545472 7.105427357601002e-15
135623104 7.105427357601002e-15
135700736 7.105427357601002e-15
135778368 7.105427357601002e-15
135856000 7.105427357601002e-15
135933632 7.105427357601002e-15
136011264 7.105427357601002e-15
136088896 7.105427357601002e-15
136166528 7.105427357601002e-15
136244160 7.105427357601002e-15
136321792 7.105427357601002e-15
136399424 7.105427357601002e-15
136477056 7.105427357601002e-15
136554688 7.105427357601002e-15
136632320 7.105427357601002e-15
136709952 7.105427357601002e-15
136787584 7.105427357601002e-15
136865216 7.105427357601002e-15
136942848 7.105427357601002e-15
137020480 7.105427357601002e-15
137098112 7.105427357601002e-15
137175744 7.105427357601002e-15
137253376 7.105427357601002e-15
137331008 7.105427357601002e-15
137408640 7.105427357601002e-15
137486272 7.105427357601002e-15
137563904 7.105427357601002e-15
137641536 7.105427357601002e-15
137719168 7.105427357601002e-15
137796800 7.105427357601002e-15
137874432 7.105427357601002e-15
137952064 7.105427357601002e-15
138029696 7.105427357601002e-15
138107328 7.105427357601002e-15
138184960 7.105427357601002e-15
138262592 7.105427357601002e-15
138340224 7.105427357601002e-15
138417856 7.105427357601002e-15
138495488 7.105427357601002e-15
138573120 7.105427357601002e-15
138650752 7.105427357601002e-15
138728384 7.105427357601002e-15
138806016 7.105427357601002e-15
138883648 7.105427357601002e-15
138961280 7.105427357601002e-15
139038912 7.105427357601002e-15
139116544 7.105427357601002e-15
139194176 7.105427357601002e-15
139271808 7.105427357601002e-15
139349440 7.105427357601002e-15
139427072 7.105427357601002e-15
139504704 7.105427357601002e-15
139582336 7.105427357601002e-15
139659968 7.105427357601002e-15
139737600 7.105427357601002e-15
139815232 7.105427357601002e-15
139892864 7.105427357601002e-15
139970496 7.105427357601002e-15
140048128 7.105427357601002e-15
140125760 7.105427357601002e-15
140203392 7.105427357601002e-15
140281024 7.105427357601002e-15
140358656 7.105427357601002e-15
140436288 7.105427357601002e-15
140513920 7.105427357601002e-15
140591552 7.105427357601002e-15
140669184 7.105427357601002e-15
140746816 7.105427357601002e-15
140824448 7.105427357601002e-15
140902080 7.105427357601002e-15
140979712 7.105427357601002e-15
141057344 7.105427357601002e-15
141134976 7.105427357601002e-15
141212608 7.105427357601002e-15
141290240 7.105427357601002e-15
141367872 7.105427357601002e-15
141445504 7.105427357601002e-15
141523136 7.105427357601002e-15
141600768 7.105427357601002e-15
141678400 7.105427357601002e-15
141756032 7.105427357601002e-15
141833664 7.105427357601002e-15
141911296 7.105427357601002e-15
141988928 7.105427357601002e-15
142066560 7.105427357601002e-15
142144192 7.105427357601002e-15
142221824 7.105427357601002e-15
142299456 7.105427357601002e-15
142377088 7.105427357601002e-15
142454720 7.105427357601002e-15
142532352 7.105427357601002e-15
142609984 7.105427357601002e-15
142687616 7.105427357601002e-15
142765248 7.105427357601002e-15
142842880 7.105427357601002e-15
142920512 7.105427357601002e-15
142998144 7.105427357601002e-15
143075776 7.105427357601002e-15
143153408 7.105427357601002e-15
143231040 7.105427357601002e-15
143308672 7.105427357601002e-15
143386304 7.105427357601002e-15
143463936 7.105427357601002e-15
143541568 7.105427357601002e-15
143619200 7.105427357601002e-15
143696832 7.105427357601002e-15
143774464 7.105427357601002e-15
143852096 7.105427357601002e-15
143929728 7.105427357601002e-15
144007360 7.105427357601002e-15
144084992 7.105427357601002e-15
144162624 7.105427357601002e-15
144240256 7.105427357601002e-15
144317888 7.105427357601002e-15
144395520 7.105427357601002e-15
144473152 7.105427357601002e-15
144550784 7.105427357601002e-15
144628416 7.105427357601002e-15
144706048 7.105427357601002e-15
144783680 7.105427357601002e-15
144861312 7.105427357601002e-15
144938944 7.105427357601002e-15
145016576 7.105427357601002e-15
145094208 7.105427357601002e-15
145171840 7.105427357601002e-15
145249472 7.105427357601002e-15
145327104 7.105427357601002e-15
145404736 7.105427357601002e-15
145482368 7.105427357601002e-15
145560000 7.105427357601002e-15
145637632 7.105427357601002e-15
145715264 7.105427357601002e-15
145792896 7.105427357601002e-15
145870528 7.105427357601002e-15
145948160 7.105427357601002e-15
146025792 7.105427357601002e-15
146103424 7.105427357601002e-15
146181056 7.105427357601002e-15
146258688 7.105427357601002e-15
146336320 7.105427357601002e-15
146413952 7.105427357601002e-15
146491584 7.105427357601002e-15
146569216 7.105427357601002e-15
146646848 7.105427357601002e-15
146724480 7.105427357601002e-15
146802112 7.105427357601002e-15
146879744 7.105427357601002e-15
146957376 7.105427357601002e-15
147035008 7.105427357601002e-15
147112640 7.105427357601002e-15
147190272 7.105427357601002e-15
147267904 7.105427357601002e-15
147345536 7.105427357601002e-15
147423168 7.105427357601002e-15
147500800 7.105427357601002e-15
147578432 7.105427357601002e-15
147656064 7.105427357601002e-15
147733696 7.105427357601002e-15
147811328 7.105427357601002e-15
147888960 7.105427357601002e-15
147966592 7.105427357601002e-15
148044224 7.105427357601002e-15
148121856 7.105427357601002e-15
148199488 7.105427357601002e-15
148277120 7.105427357601002e-15
148354752 7.105427357601002e-15
148432384 7.105427357601002e-15
148510016 7.105427357601002e-15
148587648 7.105427357601002e-15
148665280 7.105427357601002e-15
148742912 7.105427357601002e-15
148820544 7.105427357601002e-15
148898176 7.105427357601002e-15
148975808 7.105427357601002e-15
149053440 7.105427357601002e-15
149131072 7.105427357601002e-15
149208704 7.105427357601002e-15
149286336 7.105427357601002e-15
149363968 7.105427357601002e-15
149441600 7.105427357601002e-15
149519232 7.105427357601002e-15
149596864 7.105427357601002e-15
149674496 7.105427357601002e-15
149752128 7.105427357601002e-15
149829760 7.105427357601002e-15
149907392 7.105427357601002e-15
149985024 7.105427357601002e-15
150062656 7.105427357601002e-15
150140288 7.105427357601002e-15
150217920 7.105427357601002e-15
150295552 7.105427357601002e-15
150373184 7.105427357601002e-15
150450816 7.105427357601002e-15
150528448 7.105427357601002e-15
150606080 7.105427357601002e-15
150683712 7.105427357601002e-15
150761344 7.105427357601002e-15
150838976 7.105427357601002e-15
150916608 7.105427357601002e-15
150994240 7.105427357601002e-15
151071872 7.105427357601002e-15
151149504 7.105427357601002e-15
151227136 7.105427357601002e-15
151304768 7.105427357601002e-15
151382400 7.105427357601002e-15
151460032 7.105427357601002e-15
151537664 7.105427357601002e-15
151615296 7.105427357601002e-15
151692928 7.105427357601002e-15
151770560 7.105427357601002e-15
151848192 7.105427357601002e-15
151925824 7.105427357601002e-15
152003456 7.105427357601002e-15
152081088 7.105427357601002e-15
152158720 7.105427357601002e-15
152236352 7.105427357601002e-15
152313984 7.105427357601002e-15
152391616 7.105427357601002e-15
152469248 7.105427357601002e-15
152546880 7.105427357601002e-15
152624512 7.105427357601002e-15
152702144 7.105427357601002e-15
152779776 7.105427357601002e-15
152857408 7.105427357601002e-15
152935040 7.105427357601002e-15
153012672 7.105427357601002e-15
153090304 7.105427357601002e-15
153167936 7.105427357601002e-15
153245568 7.105427357601002e-15
153323200 7.105427357601002e-15
153400832 7.105427357601002e-15
153478464 7.105427357601002e-15
153556096 7.105427357601002e-15
153633728 7.105427357601002e-15
153711360 7.105427357601002e-15
153788992 7.105427357601002e-15
153866624 7.105427357601002e-15
153944256 7.105427357601002e-15
154021888 7.105427357601002e-15
154099520 7.105427357601002e-15
154177152 7.105427357601002e-15
154254784 7.105427357601002e-15
154332416 7.105427357601002e-15
154410048 7.105427357601002e-15
154487680 7.105427357601002e-15
154565312 7.105427357601002e-15
154642944 7.105427357601002e-15
154720576 7.105427357601002e-15
154798208 7.105427357601002e-15
154875840 7.105427357601002e-15
154953472 7.105427357601002e-15
155031104 7.105427357601002e-15
155108736 7.105427357601002e-15
155186368 7.105427357601002e-15
155264000 7.105427357601002e-15
155341632 7.105427357601002e-15
155419264 7.105427357601002e-15
155496896 7.105427357601002e-15
155574528 7.105427357601002e-15
155652160 7.105427357601002e-15
155729792 7.105427357601002e-15
155807424 7.105427357601002e-15
155885056 7.105427357601002e-15
155962688 7.105427357601002e-15
156040320 7.105427357601002e-15
156117952 7.105427357601002e-15
156195584 7.105427357601002e-15
156273216 7.105427357601002e-15
156350848 7.105427357601002e-15
156428480 7.105427357601002e-15
156506112 7.105427357601002e-15
156583744 7.105427357601002e-15
156661376 7.105427357601002e-15
156739008 7.105427357601002e-15
156816640 7.105427357601002e-15
156894272 7.105427357601002e-15
156971904 7.105427357601002e-15
157049536 7.105427357601002e-15
157127168 7.105427357601002e-15
157204800 7.105427357601002e-15
157282432 7.105427357601002e-15
157360064 7.105427357601002e-15
157437696 7.105427357601002e-15
157515328 7.105427357601002e-15
157592960 7.105427357601002e-15
157670592 7.105427357601002e-15
157748224 7.105427357601002e-15
157825856 7.105427357601002e-15
157903488 7.105427357601002e-15
157981120 7.105427357601002e-15
158058752 7.105427357601002e-15
158136384 7.105427357601002e-15
158214016 7.105427357601002e-15
158291648 7.105427357601002e-15
158369280 7.105427357601002e-15
158446912 7.105427357601002e-15
158524544 7.105427357601002e-15
158602176 7.105427357601002e-15
158679808 7.105427357601002e-15
158757440 7.105427357601002e-15
158835072 7.105427357601002e-15
158912704 7.105427357601002e-15
158990336 7.105427357601002e-15
159067968 7.105427357601002e-15
159145600 7.105427357601002e-15
159223232 7.105427357601002e-15
159300864 7.105427357601002e-15
159378496 7.105427357601002e-15
159456128 7.105427357601002e-15
159533760 7.105427357601002e-15
159611392 7.105427357601002e-15
159689024 7.105427357601002e-15
159766656 7.105427357601002e-15
159844288 7.105427357601002e-15
159921920 7.105427357601002e-15
159999552 7.105427357601002e-15
160077184 7.105427357601002e-15
160154816 7.105427357601002e-15
160232448 7.105427357601002e-15
160310080 7.105427357601002e-15
160387712 7.105427357601002e-15
160465344 7.105427357601002e-15
160542976 7.105427357601002e-15
160620608 7.105427357601002e-15
160698240 7.105427357601002e-15
160775872 7.105427357601002e-15
160853504 7.105427357601002e-15
160931136 7.105427357601002e-15
161008768 7.105427357601002e-15
161086400 7.105427357601002e-15
161164032 7.105427357601002e-15
161241664 7.105427357601002e-15
161319296 7.105427357601002e-15
161396928 7.105427357601002e-15
161474560 7.105427357601002e-15
161552192 7.105427357601002e-15
161629824 7.105427357601002e-15
161707456 7.105427357601002e-15
161785088 7.105427357601002e-15
161862720 7.105427357601002e-15
161940352 7.105427357601002e-15
162017984 7.105427357601002e-15
162095616 7.105427357601002e-15
162173248 7.105427357601002e-15
162250880 7.105427357601002e-15
162328512 7.105427357601002e-15
162406144 7.105427357601002e-15
162483776 7.105427357601002e-15
162561408 7.105427357601002e-15
162639040 7.105427357601002e-15
162716672 7.105427357601002e-15
162794304 7.105427357601002e-15
162871936 7.105427357601002e-15
162949568 7.105427357601002e-15
163027200 7.105427357601002e-15
