0 21.13344681157158
18592 2.372622311458324
37184 1.0389034510847122
55776 0.5009319053426307
74368 0.32583638377798607
92960 0.2182455888057513
111552 0.15420111344728404
130144 0.11468306369330339
148736 0.08880985621895654
167328 0.06978219765459936
185920 0.05575050398692394
204512 0.04575659029549506
223104 0.03730199221156916
241696 0.03032601761218956
260288 0.02482632417114594
278880 0.02026778880352964
297472 0.0166380738983003
316064 0.013706637328074756
334656 0.01128865935914547
353248 0.009278879101361603
371840 0.0076157019318161545
390432 0.006243959929849829
409024 0.00511548218755653
427616 0.004188939845939821
446208 0.003429317842527091
464800 0.0028072900233748754
483392 0.0023102532190186764
501984 0.001900957847333018
520576 0.001564230408888534
539168 0.001287389555609586
557760 0.0010598842621352134
576352 0.0008729674491130268
594944 0.0007194084010508917
613536 0.0005932436335838176
632128 0.0004895637945283582
650720 0.00040433315207266673
669312 0.0003342378416011371
687904 0.00027655904986545465
706496 0.00022906754161677867
725088 0.00018993627049912476
743680 0.00015766819484674954
762272 0.00013103679954795666
780864 0.00010903718443611154
799456 9.08459056345734e-05
818048 7.578804491714664e-05
836640 6.331023287042825e-05
855232 5.295856609688343e-05
873824 4.4360540844223806e-05
892416 3.727626895289049e-05
911008 3.145838400930856e-05
929600 2.6584877236945914e-05
948192 2.249697584888466e-05
966784 1.906337701518268e-05
985376 1.6175393870554444e-05
1003968 1.3782000319206844e-05
1022560 1.177627543080817e-05
1041152 1.007398636510004e-05
1059744 8.627326358645604e-06
1078336 7.3963205604599125e-06
1096928 6.347498006320507e-06
1115520 5.4527951425242804e-06
1134112 4.705463558574152e-06
1152704 4.067734469703765e-06
1171296 3.5186865021685776e-06
1189888 3.0455889024061378e-06
1208480 2.6376072481681945e-06
1227072 2.2855095453966356e-06
1245664 1.9814197178558146e-06
1264256 1.7186105143451869e-06
1282848 1.4913293557849983e-06
1301440 1.2946516476652903e-06
1320032 1.1243570610108833e-06
1338624 9.768250732733463e-07
1357216 8.489466163386084e-07
1375808 7.384941511645593e-07
1394400 6.435281140193538e-07
1412992 5.608568495185651e-07
1431584 4.888730903429561e-07
1450176 4.2618257500848244e-07
1468768 3.715752894262181e-07
1487360 3.240006813953755e-07
1505952 2.8254629247381757e-07
1524544 2.466338357987041e-07
1543136 2.153743058341817e-07
1561728 1.8807607760074063e-07
1580320 1.6423729254366748e-07
1598912 1.4341964804653884e-07
1617504 1.2524035364336328e-07
1636096 1.0936510297376856e-07
1654688 9.550193691421072e-08
1673280 8.339588142280974e-08
1691872 7.28242657288547e-08
1710464 6.359262794131126e-08
1729056 5.5531147125087443e-08
1747648 4.849151902241999e-08
1766240 4.2344231454549686e-08
1784832 3.6976184669690326e-08
1803424 3.22886103409914e-08
1822016 2.8195258239271936e-08
1840608 2.4620807725916904e-08
1859200 2.1499485081122316e-08
1877792 1.8773851806486164e-08
1896384 1.6393750357224235e-08
1914976 1.4315380103546715e-08
1933568 1.2500491863853824e-08
1952160 1.0915685244583528e-08
1970752 9.531793021544388e-09
1989344 8.323345901395385e-09
2007936 7.268102342194993e-09
2026528 6.346639991328118e-09
2045120 5.541999636982098e-09
2063712 4.839371126053038e-09
2082304 4.225821692571685e-09
2100896 3.6900584809984593e-09
2119488 3.2222196022502203e-09
2138080 2.8136942775702778e-09
2156672 2.4569624113013333e-09
2175264 2.1454580334534512e-09
2193856 1.873446953126745e-09
2212448 1.6359221755024578e-09
2231040 1.4285115312873131e-09
2249632 1.2473975186111375e-09
2268224 1.0892455826194691e-09
2286816 9.511451626309508e-10
2305408 8.305532928076786e-10
2324000 7.252507483457293e-10
2342592 6.332993018887123e-10
2361184 5.530056412794693e-10
2379776 4.828922817168291e-10
2398368 4.216681448454551e-10
2416960 3.6820613225074794e-10
2435552 3.215224753105872e-10
2454144 2.8075775038161055e-10
2472736 2.451616687437763e-10
2491328 2.1407831063413596e-10
2509920 1.8693591119500752e-10
2528512 1.6323475904300722e-10
2547104 1.4253909164096967e-10
2565696 1.2446643715691152e-10
2584288 1.0868606015179694e-10
2602880 9.49059719701495e-11
2621472 8.287326380695959e-11
2640064 7.236589105730218e-11
2658656 6.319089695949742e-11
2677248 5.517897250228998e-11
2695840 4.818312415721948e-11
2714432 4.207412196421956e-11
2733024 3.673983339780307e-11
2751616 3.2081559631080836e-11
2770208 2.8013924513459187e-11
2788800 2.446221003538085e-11
2807392 2.1360468949183087e-11
2825984 1.865219090291248e-11
2844576 1.628763790506582e-11
2863168 1.4222512056960568e-11
2881760 1.2419176798061926e-11
2900352 1.0844880549143454e-11
2918944 9.469647288540273e-12
2937536 8.268941087408166e-12
2956128 7.2205574852546306e-12
2974720 6.3050675791487265e-12
2993312 5.505707001418614e-12
3011904 4.807709785836778e-12
3030496 4.197975300712642e-12
3049088 3.665956427312267e-12
3067680 3.201106046901714e-12
3086272 2.7949864644938316e-12
3104864 2.4406032750334816e-12
3123456 2.131295140372913e-12
3142048 1.8611778784816124e-12
3160640 1.6251444634463041e-12
3179232 1.419087070075875e-12
3197824 1.2391199177841372e-12
3216416 1.0820233597996776e-12
3235008 9.451328608633958e-13
3253600 8.251177519014163e-13
3272192 7.206457652841891e-13
3290784 6.290523657526137e-13
3309376 5.493383525845275e-13
3327968 4.796163466380676e-13
3346560 4.189981694935341e-13
3365152 3.6570746431152656e-13
3383744 3.1907809727727e-13
3402336 2.788880237858393e-13
3420928 2.4358293160275934e-13
3439520 2.1271873151818e-13
3458112 1.8551826741486366e-13
3476704 1.6209256159527285e-13
3495296 1.4144241333724494e-13
3513888 1.2390088954816747e-13
3532480 1.0802470029602773e-13
3551072 9.425793479067579e-14
3569664 8.237854842718662e-14
3588256 7.183142969324763e-14
3606848 6.283862319378386e-14
3625440 5.484501741648273e-14
3644032 4.773959005888173e-14
3662624 4.18554080283684e-14
3681216 3.6415315207705135e-14
3699808 3.197442310920451e-14
3718400 2.786659791809143e-14
3736992 2.4313884239290928e-14
3755584 2.1760371282653068e-14
3774176 1.8762769116165146e-14
3792768 1.5987211554602254e-14
3811360 1.4210854715202004e-14
3829952 1.2656542480726785e-14
3848544 1.1546319456101628e-14
3867136 1.1546319456101628e-14
3885728 1.0658141036401503e-14
3904320 8.881784197001252e-15
3922912 7.105427357601002e-15
3941504 8.881784197001252e-15
3960096 8.881784197001252e-15
3978688 7.105427357601002e-15
3997280 8.881784197001252e-15
4015872 8.881784197001252e-15
4034464 1.0658141036401503e-14
4053056 7.105427357601002e-15
4071648 7.105427357601002e-15
4090240 7.105427357601002e-15
4108832 8.881784197001252e-15
4127424 7.105427357601002e-15
4146016 7.105427357601002e-15
4164608 5.329070518200751e-15
4183200 8.881784197001252e-15
4201792 7.105427357601002e-15
4220384 7.105427357601002e-15
4238976 7.105427357601002e-15
4257568 7.105427357601002e-15
4276160 7.105427357601002e-15
4294752 8.881784197001252e-15
4313344 7.105427357601002e-15
4331936 8.881784197001252e-15
4350528 7.105427357601002e-15
4369120 7.105427357601002e-15
4387712 7.105427357601002e-15
4406304 5.329070518200751e-15
4424896 7.105427357601002e-15
4443488 7.105427357601002e-15
4462080 7.105427357601002e-15
4480672 5.329070518200751e-15
4499264 5.329070518200751e-15
4517856 5.329070518200751e-15
4536448 5.329070518200751e-15
4555040 3.552713678800501e-15
4573632 3.552713678800501e-15
4592224 3.552713678800501e-15
4610816 3.552713678800501e-15
4629408 3.552713678800501e-15
4648000 3.552713678800501e-15
4666592 3.552713678800501e-15
4685184 3.552713678800501e-15
4703776 3.552713678800501e-15
4722368 5.329070518200751e-15
4740960 7.105427357601002e-15
4759552 5.329070518200751e-15
4778144 7.105427357601002e-15
4796736 5.329070518200751e-15
4815328 5.329070518200751e-15
4833920 5.329070518200751e-15
4852512 5.329070518200751e-15
4871104 3.552713678800501e-15
4889696 3.552713678800501e-15
4908288 5.329070518200751e-15
4926880 7.105427357601002e-15
4945472 7.105427357601002e-15
4964064 7.105427357601002e-15
4982656 7.105427357601002e-15
5001248 7.105427357601002e-15
5019840 7.105427357601002e-15
5038432 7.105427357601002e-15
5057024 7.105427357601002e-15
5075616 7.105427357601002e-15
5094208 7.105427357601002e-15
5112800 7.105427357601002e-15
5131392 7.105427357601002e-15
5149984 7.105427357601002e-15
5168576 7.105427357601002e-15
5187168 7.105427357601002e-15
5205760 7.105427357601002e-15
5224352 7.105427357601002e-15
5242944 7.105427357601002e-15
5261536 7.105427357601002e-15
5280128 7.105427357601002e-15
5298720 7.105427357601002e-15
5317312 7.105427357601002e-15
5335904 7.105427357601002e-15
5354496 7.105427357601002e-15
5373088 7.105427357601002e-15
5391680 7.105427357601002e-15
5410272 7.105427357601002e-15
5428864 7.105427357601002e-15
5447456 7.105427357601002e-15
5466048 7.105427357601002e-15
5484640 7.105427357601002e-15
5503232 7.105427357601002e-15
5521824 7.105427357601002e-15
5540416 7.105427357601002e-15
5559008 7.105427357601002e-15
5577600 7.105427357601002e-15
5596192 7.105427357601002e-15
5614784 7.105427357601002e-15
5633376 7.105427357601002e-15
5651968 7.105427357601002e-15
5670560 7.105427357601002e-15
5689152 7.105427357601002e-15
5707744 7.105427357601002e-15
5726336 7.105427357601002e-15
5744928 7.105427357601002e-15
5763520 7.105427357601002e-15
5782112 7.105427357601002e-15
5800704 7.105427357601002e-15
5819296 7.105427357601002e-15
5837888 7.105427357601002e-15
5856480 7.105427357601002e-15
5875072 7.105427357601002e-15
5893664 7.105427357601002e-15
5912256 7.105427357601002e-15
5930848 7.105427357601002e-15
5949440 7.105427357601002e-15
5968032 7.105427357601002e-15
5986624 7.105427357601002e-15
6005216 7.105427357601002e-15
6023808 7.105427357601002e-15
6042400 7.105427357601002e-15
6060992 7.105427357601002e-15
6079584 7.105427357601002e-15
6098176 7.105427357601002e-15
6116768 7.105427357601002e-15
6135360 7.105427357601002e-15
6153952 7.105427357601002e-15
6172544 7.105427357601002e-15
6191136 7.105427357601002e-15
6209728 7.105427357601002e-15
6228320 7.105427357601002e-15
6246912 7.105427357601002e-15
6265504 7.105427357601002e-15
6284096 7.105427357601002e-15
6302688 7.105427357601002e-15
6321280 7.105427357601002e-15
6339872 7.105427357601002e-15
6358464 7.105427357601002e-15
6377056 7.105427357601002e-15
6395648 7.105427357601002e-15
6414240 7.105427357601002e-15
6432832 7.105427357601002e-15
6451424 7.105427357601002e-15
6470016 7.105427357601002e-15
6488608 7.105427357601002e-15
6507200 7.105427357601002e-15
6525792 7.105427357601002e-15
6544384 7.105427357601002e-15
6562976 7.105427357601002e-15
6581568 7.105427357601002e-15
6600160 7.105427357601002e-15
6618752 7.105427357601002e-15
6637344 7.105427357601002e-15
6655936 7.105427357601002e-15
6674528 7.105427357601002e-15
6693120 7.105427357601002e-15
6711712 7.105427357601002e-15
6730304 7.105427357601002e-15
6748896 7.105427357601002e-15
6767488 7.105427357601002e-15
6786080 7.105427357601002e-15
6804672 7.105427357601002e-15
6823264 7.105427357601002e-15
6841856 7.105427357601002e-15
6860448 7.105427357601002e-15
6879040 7.105427357601002e-15
6897632 7.105427357601002e-15
6916224 7.105427357601002e-15
6934816 7.105427357601002e-15
6953408 7.105427357601002e-15
6972000 7.105427357601002e-15
6990592 7.105427357601002e-15
7009184 7.105427357601002e-15
7027776 7.105427357601002e-15
7046368 7.105427357601002e-15
7064960 7.105427357601002e-15
7083552 7.105427357601002e-15
7102144 7.105427357601002e-15
7120736 7.105427357601002e-15
7139328 7.105427357601002e-15
7157920 7.105427357601002e-15
7176512 7.105427357601002e-15
7195104 7.105427357601002e-15
7213696 7.105427357601002e-15
7232288 7.105427357601002e-15
7250880 7.105427357601002e-15
7269472 7.105427357601002e-15
7288064 7.105427357601002e-15
7306656 7.105427357601002e-15
7325248 7.105427357601002e-15
7343840 7.105427357601002e-15
7362432 7.105427357601002e-15
7381024 7.105427357601002e-15
7399616 7.105427357601002e-15
7418208 7.105427357601002e-15
7436800 7.105427357601002e-15
7455392 7.105427357601002e-15
7473984 7.105427357601002e-15
7492576 7.105427357601002e-15
7511168 7.105427357601002e-15
7529760 7.105427357601002e-15
7548352 7.105427357601002e-15
7566944 7.105427357601002e-15
7585536 7.105427357601002e-15
7604128 7.105427357601002e-15
7622720 7.105427357601002e-15
7641312 7.105427357601002e-15
7659904 7.105427357601002e-15
7678496 7.105427357601002e-15
7697088 7.105427357601002e-15
7715680 7.105427357601002e-15
7734272 7.105427357601002e-15
7752864 7.105427357601002e-15
7771456 7.105427357601002e-15
7790048 7.105427357601002e-15
7808640 7.105427357601002e-15
7827232 7.105427357601002e-15
7845824 7.105427357601002e-15
7864416 7.105427357601002e-15
7883008 7.105427357601002e-15
7901600 7.105427357601002e-15
7920192 7.105427357601002e-15
7938784 7.105427357601002e-15
7957376 7.105427357601002e-15
7975968 7.105427357601002e-15
7994560 7.105427357601002e-15
8013152 7.105427357601002e-15
8031744 7.105427357601002e-15
8050336 7.105427357601002e-15
8068928 7.105427357601002e-15
8087520 7.105427357601002e-15
8106112 7.105427357601002e-15
8124704 7.105427357601002e-15
8143296 7.105427357601002e-15
8161888 7.105427357601002e-15
8180480 7.105427357601002e-15
8199072 7.105427357601002e-15
8217664 7.105427357601002e-15
8236256 7.105427357601002e-15
8254848 7.105427357601002e-15
8273440 7.105427357601002e-15
8292032 7.105427357601002e-15
8310624 7.105427357601002e-15
8329216 7.105427357601002e-15
8347808 7.105427357601002e-15
8366400 7.105427357601002e-15
8384992 7.105427357601002e-15
8403584 7.105427357601002e-15
8422176 7.105427357601002e-15
8440768 7.105427357601002e-15
8459360 7.105427357601002e-15
8477952 7.105427357601002e-15
8496544 7.105427357601002e-15
8515136 7.105427357601002e-15
8533728 7.105427357601002e-15
8552320 7.105427357601002e-15
8570912 7.105427357601002e-15
8589504 7.105427357601002e-15
8608096 7.105427357601002e-15
8626688 7.105427357601002e-15
8645280 7.105427357601002e-15
8663872 7.105427357601002e-15
8682464 7.105427357601002e-15
8701056 7.105427357601002e-15
8719648 7.105427357601002e-15
8738240 7.105427357601002e-15
8756832 7.105427357601002e-15
8775424 7.105427357601002e-15
8794016 7.105427357601002e-15
8812608 7.105427357601002e-15
8831200 7.105427357601002e-15
8849792 7.105427357601002e-15
8868384 7.105427357601002e-15
8886976 7.105427357601002e-15
8905568 7.105427357601002e-15
8924160 7.105427357601002e-15
8942752 7.105427357601002e-15
8961344 7.105427357601002e-15
8979936 7.105427357601002e-15
8998528 7.105427357601002e-15
9017120 7.105427357601002e-15
9035712 7.105427357601002e-15
9054304 7.105427357601002e-15
9072896 7.105427357601002e-15
9091488 7.105427357601002e-15
9110080 7.105427357601002e-15
9128672 7.105427357601002e-15
9147264 7.105427357601002e-15
9165856 7.105427357601002e-15
9184448 7.105427357601002e-15
9203040 7.105427357601002e-15
9221632 7.105427357601002e-15
9240224 7.105427357601002e-15
9258816 7.105427357601002e-15
9277408 7.105427357601002e-15
9296000 7.105427357601002e-15
9314592 7.105427357601002e-15
9333184 7.105427357601002e-15
9351776 7.105427357601002e-15
9370368 7.105427357601002e-15
9388960 7.105427357601002e-15
9407552 7.105427357601002e-15
9426144 7.105427357601002e-15
9444736 7.105427357601002e-15
9463328 7.105427357601002e-15
9481920 7.105427357601002e-15
9500512 7.105427357601002e-15
9519104 7.105427357601002e-15
9537696 7.105427357601002e-15
9556288 7.105427357601002e-15
9574880 7.105427357601002e-15
9593472 7.105427357601002e-15
9612064 7.105427357601002e-15
9630656 7.105427357601002e-15
9649248 7.105427357601002e-15
9667840 7.105427357601002e-15
9686432 7.105427357601002e-15
9705024 7.105427357601002e-15
9723616 7.105427357601002e-15
9742208 7.105427357601002e-15
9760800 7.105427357601002e-15
9779392 7.105427357601002e-15
9797984 7.105427357601002e-15
9816576 7.105427357601002e-15
9835168 7.105427357601002e-15
9853760 7.105427357601002e-15
9872352 7.105427357601002e-15
9890944 7.105427357601002e-15
9909536 7.105427357601002e-15
9928128 7.105427357601002e-15
9946720 7.105427357601002e-15
9965312 7.105427357601002e-15
9983904 7.105427357601002e-15
10002496 7.105427357601002e-15
10021088 7.105427357601002e-15
10039680 7.105427357601002e-15
10058272 7.105427357601002e-15
10076864 7.105427357601002e-15
10095456 7.105427357601002e-15
10114048 7.105427357601002e-15
10132640 7.105427357601002e-15
10151232 7.105427357601002e-15
10169824 7.105427357601002e-15
10188416 7.105427357601002e-15
10207008 7.105427357601002e-15
10225600 7.105427357601002e-15
10244192 7.105427357601002e-15
10262784 7.105427357601002e-15
10281376 7.105427357601002e-15
10299968 7.105427357601002e-15
10318560 7.105427357601002e-15
10337152 7.105427357601002e-15
10355744 7.105427357601002e-15
10374336 7.105427357601002e-15
10392928 7.105427357601002e-15
10411520 7.105427357601002e-15
10430112 7.105427357601002e-15
10448704 7.105427357601002e-15
10467296 7.105427357601002e-15
10485888 7.105427357601002e-15
10504480 7.105427357601002e-15
10523072 7.105427357601002e-15
10541664 7.105427357601002e-15
10560256 7.105427357601002e-15
10578848 7.105427357601002e-15
10597440 7.105427357601002e-15
10616032 7.105427357601002e-15
10634624 7.105427357601002e-15
10653216 7.105427357601002e-15
10671808 7.105427357601002e-15
10690400 7.105427357601002e-15
10708992 7.105427357601002e-15
10727584 7.105427357601002e-15
10746176 7.105427357601002e-15
10764768 7.105427357601002e-15
10783360 7.105427357601002e-15
10801952 7.105427357601002e-15
10820544 7.105427357601002e-15
10839136 7.105427357601002e-15
10857728 7.105427357601002e-15
10876320 7.105427357601002e-15
10894912 7.105427357601002e-15
10913504 7.105427357601002e-15
10932096 7.105427357601002e-15
10950688 7.105427357601002e-15
10969280 7.105427357601002e-15
10987872 7.105427357601002e-15
11006464 7.105427357601002e-15
11025056 7.105427357601002e-15
11043648 7.105427357601002e-15
11062240 7.105427357601002e-15
11080832 7.105427357601002e-15
11099424 7.105427357601002e-15
11118016 7.105427357601002e-15
11136608 7.105427357601002e-15
11155200 7.105427357601002e-15
11173792 7.105427357601002e-15
11192384 7.105427357601002e-15
11210976 7.105427357601002e-15
11229568 7.105427357601002e-15
11248160 7.105427357601002e-15
11266752 7.105427357601002e-15
11285344 7.105427357601002e-15
11303936 7.105427357601002e-15
11322528 7.105427357601002e-15
11341120 7.105427357601002e-15
11359712 7.105427357601002e-15
11378304 7.105427357601002e-15
11396896 7.105427357601002e-15
11415488 7.105427357601002e-15
11434080 7.105427357601002e-15
11452672 7.105427357601002e-15
11471264 7.105427357601002e-15
11489856 7.105427357601002e-15
11508448 7.105427357601002e-15
11527040 7.105427357601002e-15
11545632 7.105427357601002e-15
11564224 7.105427357601002e-15
11582816 7.105427357601002e-15
11601408 7.105427357601002e-15
11620000 7.105427357601002e-15
11638592 7.105427357601002e-15
11657184 7.105427357601002e-15
11675776 7.105427357601002e-15
11694368 7.105427357601002e-15
11712960 7.105427357601002e-15
11731552 7.105427357601002e-15
11750144 7.105427357601002e-15
11768736 7.105427357601002e-15
11787328 7.105427357601002e-15
11805920 7.105427357601002e-15
11824512 7.105427357601002e-15
11843104 7.105427357601002e-15
11861696 7.105427357601002e-15
11880288 7.105427357601002e-15
11898880 7.105427357601002e-15
11917472 7.105427357601002e-15
11936064 7.105427357601002e-15
11954656 7.105427357601002e-15
11973248 7.105427357601002e-15
11991840 7.105427357601002e-15
12010432 7.105427357601002e-15
12029024 7.105427357601002e-15
12047616 7.105427357601002e-15
12066208 7.105427357601002e-15
12084800 7.105427357601002e-15
12103392 7.105427357601002e-15
12121984 7.105427357601002e-15
12140576 7.105427357601002e-15
12159168 7.105427357601002e-15
12177760 7.105427357601002e-15
12196352 7.105427357601002e-15
12214944 7.105427357601002e-15
12233536 7.105427357601002e-15
12252128 7.105427357601002e-15
12270720 7.105427357601002e-15
12289312 7.105427357601002e-15
12307904 7.105427357601002e-15
12326496 7.105427357601002e-15
12345088 7.105427357601002e-15
12363680 7.105427357601002e-15
12382272 7.105427357601002e-15
12400864 7.105427357601002e-15
12419456 7.105427357601002e-15
12438048 7.105427357601002e-15
12456640 7.105427357601002e-15
12475232 7.105427357601002e-15
12493824 7.105427357601002e-15
12512416 7.105427357601002e-15
12531008 7.105427357601002e-15
12549600 7.105427357601002e-15
12568192 7.105427357601002e-15
12586784 7.105427357601002e-15
12605376 7.105427357601002e-15
12623968 7.105427357601002e-15
12642560 7.105427357601002e-15
12661152 7.105427357601002e-15
12679744 7.105427357601002e-15
12698336 7.105427357601002e-15
12716928 7.105427357601002e-15
12735520 7.105427357601002e-15
12754112 7.105427357601002e-15
12772704 7.105427357601002e-15
12791296 7.105427357601002e-15
12809888 7.105427357601002e-15
12828480 7.105427357601002e-15
12847072 7.105427357601002e-15
12865664 7.105427357601002e-15
12884256 7.105427357601002e-15
12902848 7.105427357601002e-15
12921440 7.105427357601002e-15
12940032 7.105427357601002e-15
12958624 7.105427357601002e-15
12977216 7.105427357601002e-15
12995808 7.105427357601002e-15
13014400 7.105427357601002e-15
13032992 7.105427357601002e-15
13051584 7.105427357601002e-15
13070176 7.105427357601002e-15
13088768 7.105427357601002e-15
13107360 7.105427357601002e-15
13125952 7.105427357601002e-15
13144544 7.105427357601002e-15
13163136 7.105427357601002e-15
13181728 7.105427357601002e-15
13200320 7.105427357601002e-15
13218912 7.105427357601002e-15
13237504 7.105427357601002e-15
13256096 7.105427357601002e-15
13274688 7.105427357601002e-15
13293280 7.105427357601002e-15
13311872 7.105427357601002e-15
13330464 7.105427357601002e-15
13349056 7.105427357601002e-15
13367648 7.105427357601002e-15
13386240 7.105427357601002e-15
13404832 7.105427357601002e-15
13423424 7.105427357601002e-15
13442016 7.105427357601002e-15
13460608 7.105427357601002e-15
13479200 7.105427357601002e-15
13497792 7.105427357601002e-15
13516384 7.105427357601002e-15
13534976 7.105427357601002e-15
13553568 7.105427357601002e-15
13572160 7.105427357601002e-15
13590752 7.105427357601002e-15
13609344 7.105427357601002e-15
13627936 7.105427357601002e-15
13646528 7.105427357601002e-15
13665120 7.105427357601002e-15
13683712 7.105427357601002e-15
13702304 7.105427357601002e-15
13720896 7.105427357601002e-15
13739488 7.105427357601002e-15
13758080 7.105427357601002e-15
13776672 7.105427357601002e-15
13795264 7.105427357601002e-15
13813856 7.105427357601002e-15
13832448 7.105427357601002e-15
13851040 7.105427357601002e-15
13869632 7.105427357601002e-15
13888224 7.105427357601002e-15
13906816 7.105427357601002e-15
13925408 7.105427357601002e-15
13944000 7.105427357601002e-15
13962592 7.105427357601002e-15
13981184 7.105427357601002e-15
13999776 7.105427357601002e-15
14018368 7.105427357601002e-15
14036960 7.105427357601002e-15
14055552 7.105427357601002e-15
14074144 7.105427357601002e-15
14092736 7.105427357601002e-15
14111328 7.105427357601002e-15
14129920 7.105427357601002e-15
14148512 7.105427357601002e-15
14167104 7.105427357601002e-15
14185696 7.105427357601002e-15
14204288 7.105427357601002e-15
14222880 7.105427357601002e-15
14241472 7.105427357601002e-15
14260064 7.105427357601002e-15
14278656 7.105427357601002e-15
14297248 7.105427357601002e-15
14315840 7.105427357601002e-15
14334432 7.105427357601002e-15
14353024 7.105427357601002e-15
14371616 7.105427357601002e-15
14390208 7.105427357601002e-15
14408800 7.105427357601002e-15
14427392 7.105427357601002e-15
14445984 7.105427357601002e-15
14464576 7.105427357601002e-15
14483168 7.105427357601002e-15
14501760 7.105427357601002e-15
14520352 7.105427357601002e-15
14538944 7.105427357601002e-15
14557536 7.105427357601002e-15
14576128 7.105427357601002e-15
14594720 7.105427357601002e-15
14613312 7.105427357601002e-15
14631904 7.105427357601002e-15
14650496 7.105427357601002e-15
14669088 7.105427357601002e-15
14687680 7.105427357601002e-15
14706272 7.105427357601002e-15
14724864 7.105427357601002e-15
14743456 7.105427357601002e-15
14762048 7.105427357601002e-15
14780640 7.105427357601002e-15
14799232 7.105427357601002e-15
14817824 7.105427357601002e-15
14836416 7.105427357601002e-15
14855008 7.105427357601002e-15
14873600 7.105427357601002e-15
14892192 7.105427357601002e-15
14910784 7.105427357601002e-15
14929376 7.105427357601002e-15
14947968 7.105427357601002e-15
14966560 7.105427357601002e-15
14985152 7.105427357601002e-15
15003744 7.105427357601002e-15
15022336 7.105427357601002e-15
15040928 7.105427357601002e-15
15059520 7.105427357601002e-15
15078112 7.105427357601002e-15
15096704 7.105427357601002e-15
15115296 7.105427357601002e-15
15133888 7.105427357601002e-15
15152480 7.105427357601002e-15
15171072 7.105427357601002e-15
15189664 7.105427357601002e-15
15208256 7.105427357601002e-15
15226848 7.105427357601002e-15
15245440 7.105427357601002e-15
15264032 7.105427357601002e-15
15282624 7.105427357601002e-15
15301216 7.105427357601002e-15
15319808 7.105427357601002e-15
15338400 7.105427357601002e-15
15356992 7.105427357601002e-15
15375584 7.105427357601002e-15
15394176 7.105427357601002e-15
15412768 7.105427357601002e-15
15431360 7.105427357601002e-15
15449952 7.105427357601002e-15
15468544 7.105427357601002e-15
15487136 7.105427357601002e-15
15505728 7.105427357601002e-15
15524320 7.105427357601002e-15
15542912 7.105427357601002e-15
15561504 7.105427357601002e-15
15580096 7.105427357601002e-15
15598688 7.105427357601002e-15
15617280 7.105427357601002e-15
15635872 7.105427357601002e-15
15654464 7.105427357601002e-15
15673056 7.105427357601002e-15
15691648 7.105427357601002e-15
15710240 7.105427357601002e-15
15728832 7.105427357601002e-15
15747424 7.105427357601002e-15
15766016 7.105427357601002e-15
15784608 7.105427357601002e-15
15803200 7.105427357601002e-15
15821792 7.105427357601002e-15
15840384 7.105427357601002e-15
15858976 7.105427357601002e-15
15877568 7.105427357601002e-15
15896160 7.105427357601002e-15
15914752 7.105427357601002e-15
15933344 7.105427357601002e-15
15951936 7.105427357601002e-15
15970528 7.105427357601002e-15
15989120 7.105427357601002e-15
16007712 7.105427357601002e-15
16026304 7.105427357601002e-15
16044896 7.105427357601002e-15
16063488 7.105427357601002e-15
16082080 7.105427357601002e-15
16100672 7.105427357601002e-15
16119264 7.105427357601002e-15
16137856 7.105427357601002e-15
16156448 7.105427357601002e-15
16175040 7.105427357601002e-15
16193632 7.105427357601002e-15
16212224 7.105427357601002e-15
16230816 7.105427357601002e-15
16249408 7.105427357601002e-15
16268000 7.105427357601002e-15
16286592 7.105427357601002e-15
16305184 7.105427357601002e-15
