0 21.16977094106299
77632 2.3716580798093547
155264 1.0396015595219765
232896 0.4950442386806042
310528 0.3212153033706082
388160 0.2148971829729227
465792 0.15025104945757306
543424 0.11220301980468506
621056 0.08658390648095615
698688 0.0679659781337083
776320 0.05633260258719197
853952 0.04664371108417509
931584 0.03919600174344051
1009216 0.03353730392381671
1086848 0.028917776867343647
1164480 0.025167840974781086
1242112 0.02228118651310229
1319744 0.019667470609573634
1397376 0.017432673719020464
1475008 0.015497095139695105
1552640 0.013902767927572945
1630272 0.012477799882890217
1707904 0.011262431819457852
1785536 0.010181383089807206
1863168 0.009213985461275165
1940800 0.008328561939642043
2018432 0.007530654638405743
2096064 0.006831921183207079
2173696 0.00619246489364933
2251328 0.0056087060938070366
2328960 0.0050831541230635935
2406592 0.004611190496085271
2484224 0.004185897102147784
2561856 0.003806170572502765
2639488 0.0034586826486950883
2717120 0.003141177630449299
2794752 0.002851450163310787
2872384 0.002587372735343152
2950016 0.002346914435862324
3027648 0.002128152898026592
3105280 0.00192928099482792
3182912 0.0017490049503159355
3260544 0.0015863227715717798
3338176 0.0014384638753508483
3415808 0.001304153554350762
3493440 0.0011822107367596146
3571072 0.0010715445164253268
3648704 0.0009711499699136539
3726336 0.0008801035248753308
3803968 0.0007977904545830583
3881600 0.0007239293460745699
3959232 0.0006568686734045315
4036864 0.0005959986938979256
4114496 0.0005407607491045852
4192128 0.0004906436934417613
4269760 0.0004451804282767924
4347392 0.00040394457307435516
4425024 0.00036654729507556993
4502656 0.0003326343106841989
4580288 0.000301883065765729
4657920 0.0002740000969483347
4735552 0.00024871857258990104
4813184 0.00022579600938676947
4890816 0.0002050121585313036
4968448 0.00018626562472068287
5046080 0.00016934107444210866
5123712 0.00015397697431396296
5201344 0.00014002889888509173
5278976 0.00012736565589932525
5356608 0.00011586811197084046
5434240 0.00010542811480362957
5511872 9.594750550512288e-05
5589504 8.733721459375232e-05
5667136 7.951643562709165e-05
5744768 7.241187055306852e-05
5822400 6.595704120737622e-05
5900032 6.009166170883873e-05
5977664 5.476106678514725e-05
6055296 4.991569140866403e-05
6132928 4.551059745772079e-05
6210560 4.150504331956739e-05
6288192 3.786209284051267e-05
6365824 3.454826007587286e-05
6443456 3.1533186795051904e-05
6521088 2.878934971839442e-05
6598720 2.629179496249634e-05
6676352 2.4024292192947883e-05
6753984 2.1973378348860706e-05
6831616 2.0103570361307277e-05
6909248 1.8398451175904995e-05
6986880 1.6843118483933495e-05
7064512 1.5424043736445014e-05
7142144 1.4128944274993671e-05
7219776 1.2946667356850128e-05
7297408 1.1867084979577669e-05
7375040 1.0880998541296094e-05
7452672 9.980052386282523e-06
7530304 9.156655423225857e-06
7607936 8.403910106480339e-06
7685568 7.715548021813845e-06
7763200 7.085871522427567e-06
7840832 6.509700828161158e-06
7918464 5.98647707583666e-06
7996096 5.509441391993164e-06
8073728 5.0720477062782265e-06
8151360 4.6708720788934954e-06
8228992 4.3067417703213096e-06
8306624 3.973085662689613e-06
8384256 3.666386088063689e-06
8461888 3.384374553938585e-06
8539520 3.1249804939292858e-06
8617152 2.8863135064227663e-06
8694784 2.6666471826253257e-06
8772416 2.4644044458455028e-06
8850048 2.278144231038226e-06
8927680 2.1065493589489392e-06
9005312 1.9484155395765868e-06
9082944 1.8026413739491431e-06
9160576 1.6682192471861867e-06
9238208 1.5442270688836857e-06
9315840 1.4298207542395858e-06
9393472 1.3255375224119348e-06
9471104 1.2291891366977836e-06
9548736 1.1401021993151517e-06
9626368 1.0577066746897401e-06
9704000 9.814791992468486e-07
9781632 9.109391161388203e-07
9859264 8.460405540589022e-07
9936896 7.86299445554306e-07
10014528 7.3090560048783e-07
10092160 6.79530978153764e-07
10169792 6.324702381821368e-07
10247424 5.887977032603686e-07
10325056 5.482131670841994e-07
10402688 5.104915661302556e-07
10480320 4.754248463800792e-07
10557952 4.428206274997848e-07
10635584 4.125009742672603e-07
10713216 3.8430126103605744e-07
10790848 3.580691438909156e-07
10868480 3.336636000828008e-07
10946112 3.109540618329021e-07
11023744 2.8981960142893115e-07
11101376 2.701482004763278e-07
11179008 2.5199416286980636e-07
11256640 2.3508535940131026e-07
11334272 2.193264352357005e-07
11411904 2.0463772765211274e-07
11489536 1.9094522962781468e-07
11567168 1.7818018216431142e-07
11644800 1.6627868171248394e-07
11722432 1.5527477031929138e-07
11800064 1.4507483109271746e-07
11877696 1.3554753647282425e-07
11955328 1.2664827414576862e-07
12032960 1.1833541224692823e-07
12110592 1.1057010390613797e-07
12188224 1.0331609434643951e-07
12265856 9.653954935462394e-08
12343488 9.020888774857738e-08
12421120 8.429463388415215e-08
12498752 7.876927338168471e-08
12576384 7.360712306336836e-08
12654016 6.8784204609873e-08
12731648 6.427813564746643e-08
12809280 6.006801667179928e-08
12886912 5.613433673445911e-08
12964544 5.245887757521217e-08
13042176 4.902462735767443e-08
13119808 4.581570312023331e-08
13197440 4.2817270839989874e-08
13275072 4.001547920795545e-08
13352704 3.7397392238514016e-08
13430336 3.495092915084541e-08
13507968 3.266480652630577e-08
13585600 3.052848696061261e-08
13663232 2.853212704989616e-08
13740864 2.666653453609058e-08
13818496 2.4923121455522335e-08
13896128 2.3293867612572683e-08
13973760 2.1771279834492674e-08
14051392 2.0348359441868524e-08
14129024 1.9018567443129797e-08
14206656 1.777579605732882e-08
14284288 1.6614339681808588e-08
14361920 1.5528867192138307e-08
14439552 1.4514398238851811e-08
14517184 1.3566279877252896e-08
14594816 1.2680164251932524e-08
14672448 1.1851990500133525e-08
14750080 1.107868619065755e-08
14827712 1.0356693225244129e-08
14905344 9.68174868054561e-09
14982976 9.050786897724095e-09
15060608 8.460942224619572e-09
15138240 7.90953563756247e-09
15215872 7.394062084831177e-09
15293504 6.912180439133664e-09
15371136 6.461702062310337e-09
15448768 6.040580036170695e-09
15526400 5.646902057065972e-09
15604032 5.278879555703497e-09
15681664 4.934840647230487e-09
15759296 4.613222692739782e-09
15836928 4.312564250152917e-09
15914560 4.03150007821651e-09
15992192 3.768752809829579e-09
16069824 3.523128955240651e-09
16147456 3.2935127958211297e-09
16225088 3.0788607774390186e-09
16302720 2.8781982353009994e-09
16380352 2.69061301017004e-09
16457984 2.5152531168970427e-09
16535616 2.3513221925064443e-09
16613248 2.1980748332595113e-09
16690880 2.0548149293198037e-09
16768512 1.9208918899948912e-09
16846144 1.7956970910226744e-09
16923776 1.6786613210584278e-09
17001408 1.5692536159406245e-09
17079040 1.4669762071761738e-09
17156672 1.3713647994961775e-09
17234304 1.2819847405864948e-09
17311936 1.1984300218870203e-09
17389568 1.1203208361010297e-09
17467200 1.0473023559498529e-09
17544832 9.79042902304883e-10
17622464 9.15232334364191e-10
17700096 8.555806063625937e-10
17777728 7.9981671285978e-10
17855360 7.476871344280767e-10
17932992 6.989551715186337e-10
18010624 6.533995011714921e-10
18088256 6.108127892368032e-10
18165888 5.710019679305844e-10
18243520 5.337856268106123e-10
18321152 4.989947899325387e-10
18398784 4.664716946045644e-10
18476416 4.3606840360865817e-10
18554048 4.0764663866710293e-10
18631680 3.8107722533098354e-10
18709312 3.5623953786867446e-10
18786944 3.330206665985713e-10
18864576 3.113150848221835e-10
18942208 2.9102431575722676e-10
19019840 2.7205609987035473e-10
19097472 2.5432400629910035e-10
19175104 2.37747710407632e-10
19252736 2.2225193907488006e-10
19330368 2.0776586007187348e-10
19408000 1.9422408126246182e-10
19485632 1.8156504077992963e-10
19563264 1.6973095151584516e-10
19640896 1.5866807867581656e-10
19718528 1.4832662875718938e-10
19796160 1.3865880665875352e-10
19873792 1.296213136825486e-10
19951424 1.2117290504320977e-10
20029056 1.1327505600178256e-10
20106688 1.0589185084342034e-10
20184320 9.89900383885356e-11
20261952 9.253808830322896e-11
20339584 8.65066351884991e-11
20417216 8.086820102448655e-11
20494848 7.559730619277616e-11
20572480 7.067002538718725e-11
20650112 6.60639321026224e-11
20727744 6.17578765904625e-11
20805376 5.7732707503532765e-11
20883008 5.39696065615658e-11
20960640 5.045203144149468e-11
21038272 4.716371737600866e-11
21115904 4.4089565331972835e-11
21193536 4.121597507733554e-11
21271168 3.852945740234759e-11
21348800 3.6018188431796716e-11
21426432 3.367062184622682e-11
21504064 3.1476043993450276e-11
21581696 2.942446286624545e-11
21659328 2.7506441568903028e-11
21736960 2.5713764451040788e-11
21814592 2.403771626191542e-11
21892224 2.247102504071563e-11
21969856 2.1006307804327662e-11
22047488 1.9637125259208688e-11
22125120 1.8357149134118345e-11
22202752 1.7160772802782276e-11
22280384 1.6042278616623662e-11
22358016 1.4996781594334152e-11
22435648 1.401917471000047e-11
22513280 1.3105572183036429e-11
22590912 1.225120005443614e-11
22668544 1.1452727655125727e-11
22746176 1.0706213693367772e-11
22823808 1.000838301123963e-11
22901440 9.356015961969888e-12
22979072 8.74622596569452e-12
23056704 8.176237464851965e-12
23134336 7.643219390729428e-12
23211968 7.145117830731351e-12
23289600 6.679434783052329e-12
23367232 6.2441163350968054e-12
23444864 5.8369975519667605e-12
23522496 5.456468610276488e-12
23600128 5.1008641754890505e-12
23677760 4.768407890765047e-12
23755392 4.457656466172466e-12
23833024 4.167222122930525e-12
23910656 3.8953840153510555e-12
23988288 3.6417535653754385e-12
24065920 3.404165838105655e-12
24143552 3.1823432777855487e-12
24221184 2.9748981056343382e-12
24298816 2.781053165534786e-12
24376448 2.599809256764729e-12
24454080 2.4302782009044677e-12
24531712 2.271904886441689e-12
24609344 2.1238566461079245e-12
24686976 1.9854118349371674e-12
24764608 1.8560708525683367e-12
24842240 1.7348900094305009e-12
24919872 1.6220358389773537e-12
24997504 1.516176073579345e-12
25075136 1.417366224387706e-12
25152768 1.324995668738893e-12
25230400 1.2386758285742872e-12
25308032 1.1579626146840383e-12
25385664 1.0824119378582964e-12
25463296 1.011912775794599e-12
25540928 9.460210392830959e-13
25618560 8.842926391139372e-13
25696192 8.266720641358916e-13
25773824 7.72715225139109e-13
25851456 7.224221221235894e-13
25929088 6.753486658794827e-13
26006720 6.312173006506328e-13
26084352 5.901945598907332e-13
26161984 5.516698209362403e-13
26239616 5.156985949383852e-13
26317248 4.821698595947055e-13
26394880 4.5063952569535104e-13
26472512 4.2127412669401565e-13
26550144 3.9374059568331177e-13
26627776 3.681499549657019e-13
26705408 3.442246487850298e-13
26783040 3.216871213851391e-13
26860672 3.0070390621972365e-13
26938304 2.811639809863209e-13
27015936 2.6278978992877455e-13
27093568 2.4569235534954714e-13
27171200 2.297051437949449e-13
27248832 2.1466162181127402e-13
27326464 2.0067281170099704e-13
27404096 1.8773871346411397e-13
27481728 1.7541523789077473e-13
27559360 1.6392442958590436e-13
27636992 1.5337731085196538e-13
27714624 1.433297924791077e-13
27792256 1.3394840792102514e-13
27869888 1.2534417948018017e-13
27947520 1.1707301794672276e-13
28025152 1.0941247907680918e-13
28102784 1.0230705171920818e-13
28180416 9.564571357145724e-14
28258048 8.942846463355636e-14
28335680 8.354428260304303e-14
28413312 7.815970093361102e-14
28490944 7.310818617156656e-14
28568576 6.838973831690964e-14
28646208 6.389333506717776e-14
28723840 5.956346527113965e-14
28801472 5.56776846849516e-14
28879104 5.218048215738236e-14
28956736 4.879430193227563e-14
29034368 4.551914400963142e-14
29112000 4.263256414560601e-14
29189632 3.9690473130349346e-14
29267264 3.7192471324942744e-14
29344896 3.47499806707674e-14
29422528 3.2585045772748344e-14
29500160 3.042011087472929e-14
29577792 2.8477220581635265e-14
29655424 2.6645352591003757e-14
29733056 2.4868995751603507e-14
29810688 2.3314683517128287e-14
29888320 2.19824158875781e-14
29965952 2.0650148258027912e-14
30043584 1.9539925233402755e-14
30121216 1.8207657603852567e-14
30198848 1.687538997430238e-14
30276480 1.5987211554602254e-14
30354112 1.4654943925052066e-14
30431744 1.4210854715202004e-14
30509376 1.3322676295501878e-14
30587008 1.3322676295501878e-14
30664640 1.3322676295501878e-14
30742272 1.0658141036401503e-14
30819904 1.0658141036401503e-14
30897536 1.0658141036401503e-14
30975168 1.0658141036401503e-14
31052800 1.0658141036401503e-14
31130432 1.0658141036401503e-14
31208064 1.2434497875801753e-14
31285696 8.881784197001252e-15
31363328 1.0658141036401503e-14
31440960 1.0658141036401503e-14
31518592 8.881784197001252e-15
31596224 8.881784197001252e-15
31673856 8.881784197001252e-15
31751488 1.0658141036401503e-14
31829120 1.0658141036401503e-14
31906752 8.881784197001252e-15
31984384 1.0658141036401503e-14
32062016 1.0658141036401503e-14
32139648 8.881784197001252e-15
32217280 8.881784197001252e-15
32294912 1.0658141036401503e-14
32372544 8.881784197001252e-15
32450176 8.881784197001252e-15
32527808 8.881784197001252e-15
32605440 8.881784197001252e-15
32683072 8.881784197001252e-15
32760704 8.881784197001252e-15
32838336 8.881784197001252e-15
32915968 1.0658141036401503e-14
32993600 1.0658141036401503e-14
33071232 8.881784197001252e-15
33148864 8.881784197001252e-15
33226496 7.105427357601002e-15
33304128 8.881784197001252e-15
33381760 8.881784197001252e-15
33459392 8.881784197001252e-15
33537024 8.881784197001252e-15
33614656 8.881784197001252e-15
33692288 8.881784197001252e-15
33769920 8.881784197001252e-15
33847552 7.105427357601002e-15
33925184 8.881784197001252e-15
34002816 7.105427357601002e-15
34080448 8.881784197001252e-15
34158080 7.105427357601002e-15
34235712 7.105427357601002e-15
34313344 8.881784197001252e-15
34390976 7.105427357601002e-15
34468608 8.881784197001252e-15
34546240 7.105427357601002e-15
34623872 8.881784197001252e-15
34701504 8.881784197001252e-15
34779136 8.881784197001252e-15
34856768 7.105427357601002e-15
34934400 7.105427357601002e-15
35012032 8.881784197001252e-15
35089664 7.105427357601002e-15
35167296 7.105427357601002e-15
35244928 7.105427357601002e-15
35322560 8.881784197001252e-15
35400192 7.105427357601002e-15
35477824 7.105427357601002e-15
35555456 8.881784197001252e-15
35633088 5.329070518200751e-15
35710720 7.105427357601002e-15
35788352 7.105427357601002e-15
35865984 7.105427357601002e-15
35943616 5.329070518200751e-15
36021248 7.105427357601002e-15
36098880 7.105427357601002e-15
36176512 7.105427357601002e-15
36254144 7.105427357601002e-15
36331776 7.105427357601002e-15
36409408 7.105427357601002e-15
36487040 7.105427357601002e-15
36564672 7.105427357601002e-15
36642304 7.105427357601002e-15
36719936 5.329070518200751e-15
36797568 5.329070518200751e-15
36875200 7.105427357601002e-15
36952832 5.329070518200751e-15
37030464 7.105427357601002e-15
37108096 5.329070518200751e-15
37185728 5.329070518200751e-15
37263360 5.329070518200751e-15
37340992 5.329070518200751e-15
37418624 7.105427357601002e-15
37496256 5.329070518200751e-15
37573888 7.105427357601002e-15
37651520 5.329070518200751e-15
37729152 5.329070518200751e-15
37806784 5.329070518200751e-15
37884416 5.329070518200751e-15
37962048 7.105427357601002e-15
38039680 5.329070518200751e-15
38117312 7.105427357601002e-15
38194944 5.329070518200751e-15
38272576 5.329070518200751e-15
38350208 5.329070518200751e-15
38427840 5.329070518200751e-15
38505472 7.105427357601002e-15
38583104 5.329070518200751e-15
38660736 7.105427357601002e-15
38738368 5.329070518200751e-15
38816000 5.329070518200751e-15
38893632 5.329070518200751e-15
38971264 5.329070518200751e-15
39048896 7.105427357601002e-15
39126528 5.329070518200751e-15
39204160 7.105427357601002e-15
39281792 5.329070518200751e-15
39359424 5.329070518200751e-15
39437056 5.329070518200751e-15
39514688 5.329070518200751e-15
39592320 7.105427357601002e-15
39669952 5.329070518200751e-15
39747584 7.105427357601002e-15
39825216 5.329070518200751e-15
39902848 5.329070518200751e-15
39980480 5.329070518200751e-15
40058112 5.329070518200751e-15
40135744 7.105427357601002e-15
40213376 5.329070518200751e-15
40291008 7.105427357601002e-15
40368640 5.329070518200751e-15
40446272 5.329070518200751e-15
40523904 5.329070518200751e-15
40601536 5.329070518200751e-15
40679168 7.105427357601002e-15
40756800 5.329070518200751e-15
40834432 7.105427357601002e-15
40912064 5.329070518200751e-15
40989696 5.329070518200751e-15
41067328 5.329070518200751e-15
41144960 5.329070518200751e-15
41222592 7.105427357601002e-15
41300224 5.329070518200751e-15
41377856 7.105427357601002e-15
41455488 5.329070518200751e-15
41533120 5.329070518200751e-15
41610752 5.329070518200751e-15
41688384 5.329070518200751e-15
41766016 7.105427357601002e-15
41843648 5.329070518200751e-15
41921280 7.105427357601002e-15
41998912 5.329070518200751e-15
42076544 5.329070518200751e-15
42154176 5.329070518200751e-15
42231808 5.329070518200751e-15
42309440 7.105427357601002e-15
42387072 5.329070518200751e-15
42464704 7.105427357601002e-15
42542336 5.329070518200751e-15
42619968 5.329070518200751e-15
42697600 5.329070518200751e-15
42775232 5.329070518200751e-15
42852864 7.105427357601002e-15
42930496 5.329070518200751e-15
43008128 7.105427357601002e-15
43085760 5.329070518200751e-15
43163392 5.329070518200751e-15
43241024 5.329070518200751e-15
43318656 5.329070518200751e-15
43396288 7.105427357601002e-15
43473920 5.329070518200751e-15
43551552 7.105427357601002e-15
43629184 5.329070518200751e-15
43706816 5.329070518200751e-15
43784448 5.329070518200751e-15
43862080 5.329070518200751e-15
43939712 7.105427357601002e-15
44017344 5.329070518200751e-15
44094976 7.105427357601002e-15
44172608 5.329070518200751e-15
44250240 5.329070518200751e-15
44327872 5.329070518200751e-15
44405504 5.329070518200751e-15
44483136 7.105427357601002e-15
44560768 5.329070518200751e-15
44638400 7.105427357601002e-15
44716032 5.329070518200751e-15
44793664 5.329070518200751e-15
44871296 5.329070518200751e-15
44948928 5.329070518200751e-15
45026560 7.105427357601002e-15
45104192 5.329070518200751e-15
45181824 7.105427357601002e-15
45259456 5.329070518200751e-15
45337088 5.329070518200751e-15
45414720 5.329070518200751e-15
45492352 5.329070518200751e-15
45569984 7.105427357601002e-15
45647616 5.329070518200751e-15
45725248 7.105427357601002e-15
45802880 5.329070518200751e-15
45880512 5.329070518200751e-15
45958144 5.329070518200751e-15
46035776 5.329070518200751e-15
46113408 7.105427357601002e-15
46191040 5.329070518200751e-15
46268672 7.105427357601002e-15
46346304 5.329070518200751e-15
46423936 5.329070518200751e-15
46501568 5.329070518200751e-15
46579200 5.329070518200751e-15
46656832 7.105427357601002e-15
46734464 5.329070518200751e-15
46812096 7.105427357601002e-15
46889728 5.329070518200751e-15
46967360 5.329070518200751e-15
47044992 5.329070518200751e-15
47122624 5.329070518200751e-15
47200256 7.105427357601002e-15
47277888 5.329070518200751e-15
47355520 7.105427357601002e-15
47433152 5.329070518200751e-15
47510784 5.329070518200751e-15
47588416 5.329070518200751e-15
47666048 5.329070518200751e-15
47743680 7.105427357601002e-15
47821312 5.329070518200751e-15
47898944 7.105427357601002e-15
47976576 5.329070518200751e-15
48054208 5.329070518200751e-15
48131840 5.329070518200751e-15
48209472 5.329070518200751e-15
48287104 7.105427357601002e-15
48364736 5.329070518200751e-15
48442368 7.105427357601002e-15
48520000 5.329070518200751e-15
48597632 5.329070518200751e-15
48675264 5.329070518200751e-15
48752896 5.329070518200751e-15
48830528 7.105427357601002e-15
48908160 5.329070518200751e-15
48985792 7.105427357601002e-15
49063424 5.329070518200751e-15
49141056 5.329070518200751e-15
49218688 5.329070518200751e-15
49296320 5.329070518200751e-15
49373952 7.105427357601002e-15
49451584 5.329070518200751e-15
49529216 7.105427357601002e-15
49606848 5.329070518200751e-15
49684480 5.329070518200751e-15
49762112 5.329070518200751e-15
49839744 5.329070518200751e-15
49917376 7.105427357601002e-15
49995008 5.329070518200751e-15
50072640 7.105427357601002e-15
50150272 5.329070518200751e-15
50227904 5.329070518200751e-15
50305536 5.329070518200751e-15
50383168 5.329070518200751e-15
50460800 7.105427357601002e-15
50538432 5.329070518200751e-15
50616064 7.105427357601002e-15
50693696 5.329070518200751e-15
50771328 5.329070518200751e-15
50848960 5.329070518200751e-15
50926592 5.329070518200751e-15
51004224 7.105427357601002e-15
51081856 5.329070518200751e-15
51159488 7.105427357601002e-15
51237120 5.329070518200751e-15
51314752 5.329070518200751e-15
51392384 5.329070518200751e-15
51470016 5.329070518200751e-15
51547648 7.105427357601002e-15
51625280 5.329070518200751e-15
51702912 7.105427357601002e-15
51780544 5.329070518200751e-15
51858176 5.329070518200751e-15
51935808 5.329070518200751e-15
52013440 5.329070518200751e-15
52091072 7.105427357601002e-15
52168704 5.329070518200751e-15
52246336 7.105427357601002e-15
52323968 5.329070518200751e-15
52401600 5.329070518200751e-15
52479232 5.329070518200751e-15
52556864 5.329070518200751e-15
52634496 7.105427357601002e-15
52712128 5.329070518200751e-15
52789760 7.105427357601002e-15
52867392 5.329070518200751e-15
52945024 5.329070518200751e-15
53022656 5.329070518200751e-15
53100288 5.329070518200751e-15
53177920 7.105427357601002e-15
53255552 5.329070518200751e-15
53333184 7.105427357601002e-15
53410816 5.329070518200751e-15
53488448 5.329070518200751e-15
53566080 5.329070518200751e-15
53643712 5.329070518200751e-15
53721344 7.105427357601002e-15
53798976 5.329070518200751e-15
53876608 7.105427357601002e-15
53954240 5.329070518200751e-15
54031872 5.329070518200751e-15
54109504 5.329070518200751e-15
54187136 5.329070518200751e-15
54264768 7.105427357601002e-15
54342400 5.329070518200751e-15
54420032 7.105427357601002e-15
54497664 5.329070518200751e-15
54575296 5.329070518200751e-15
54652928 5.329070518200751e-15
54730560 5.329070518200751e-15
54808192 7.105427357601002e-15
54885824 5.329070518200751e-15
54963456 7.105427357601002e-15
55041088 5.329070518200751e-15
55118720 5.329070518200751e-15
55196352 5.329070518200751e-15
55273984 5.329070518200751e-15
55351616 7.105427357601002e-15
55429248 5.329070518200751e-15
55506880 7.105427357601002e-15
55584512 5.329070518200751e-15
55662144 5.329070518200751e-15
55739776 5.329070518200751e-15
55817408 5.329070518200751e-15
55895040 7.105427357601002e-15
55972672 5.329070518200751e-15
56050304 7.105427357601002e-15
56127936 5.329070518200751e-15
56205568 5.329070518200751e-15
56283200 5.329070518200751e-15
56360832 5.329070518200751e-15
56438464 7.105427357601002e-15
56516096 5.329070518200751e-15
56593728 7.105427357601002e-15
56671360 5.329070518200751e-15
56748992 5.329070518200751e-15
56826624 5.329070518200751e-15
56904256 5.329070518200751e-15
56981888 7.105427357601002e-15
57059520 5.329070518200751e-15
57137152 7.105427357601002e-15
57214784 5.329070518200751e-15
57292416 5.329070518200751e-15
57370048 5.329070518200751e-15
57447680 5.329070518200751e-15
57525312 7.105427357601002e-15
57602944 5.329070518200751e-15
57680576 7.105427357601002e-15
57758208 5.329070518200751e-15
57835840 5.329070518200751e-15
57913472 5.329070518200751e-15
57991104 5.329070518200751e-15
58068736 7.105427357601002e-15
58146368 5.329070518200751e-15
58224000 7.105427357601002e-15
58301632 5.329070518200751e-15
58379264 5.329070518200751e-15
58456896 5.329070518200751e-15
58534528 5.329070518200751e-15
58612160 7.105427357601002e-15
58689792 5.329070518200751e-15
58767424 7.105427357601002e-15
58845056 5.329070518200751e-15
58922688 5.329070518200751e-15
59000320 5.329070518200751e-15
59077952 5.329070518200751e-15
59155584 7.105427357601002e-15
59233216 5.329070518200751e-15
59310848 7.105427357601002e-15
59388480 5.329070518200751e-15
59466112 5.329070518200751e-15
59543744 5.329070518200751e-15
59621376 5.329070518200751e-15
59699008 7.105427357601002e-15
59776640 5.329070518200751e-15
59854272 7.105427357601002e-15
59931904 5.329070518200751e-15
60009536 5.329070518200751e-15
60087168 5.329070518200751e-15
60164800 5.329070518200751e-15
60242432 7.105427357601002e-15
60320064 5.329070518200751e-15
60397696 7.105427357601002e-15
60475328 5.329070518200751e-15
60552960 5.329070518200751e-15
60630592 5.329070518200751e-15
60708224 5.329070518200751e-15
60785856 7.105427357601002e-15
60863488 5.329070518200751e-15
60941120 7.105427357601002e-15
61018752 5.329070518200751e-15
61096384 5.329070518200751e-15
61174016 5.329070518200751e-15
61251648 5.329070518200751e-15
61329280 7.105427357601002e-15
61406912 5.329070518200751e-15
61484544 7.105427357601002e-15
61562176 5.329070518200751e-15
61639808 5.329070518200751e-15
61717440 5.329070518200751e-15
61795072 5.329070518200751e-15
61872704 7.105427357601002e-15
61950336 5.329070518200751e-15
62027968 7.105427357601002e-15
62105600 5.329070518200751e-15
62183232 5.329070518200751e-15
62260864 5.329070518200751e-15
62338496 5.329070518200751e-15
62416128 7.105427357601002e-15
62493760 5.329070518200751e-15
62571392 7.105427357601002e-15
62649024 5.329070518200751e-15
62726656 5.329070518200751e-15
62804288 5.329070518200751e-15
62881920 5.329070518200751e-15
62959552 7.105427357601002e-15
63037184 5.329070518200751e-15
63114816 7.105427357601002e-15
63192448 5.329070518200751e-15
63270080 5.329070518200751e-15
63347712 5.329070518200751e-15
63425344 5.329070518200751e-15
63502976 7.105427357601002e-15
63580608 5.329070518200751e-15
63658240 7.105427357601002e-15
63735872 5.329070518200751e-15
63813504 5.329070518200751e-15
63891136 5.329070518200751e-15
63968768 5.329070518200751e-15
64046400 7.105427357601002e-15
64124032 5.329070518200751e-15
64201664 7.105427357601002e-15
64279296 5.329070518200751e-15
64356928 5.329070518200751e-15
64434560 5.329070518200751e-15
64512192 5.329070518200751e-15
64589824 7.105427357601002e-15
64667456 5.329070518200751e-15
64745088 7.105427357601002e-15
64822720 5.329070518200751e-15
64900352 5.329070518200751e-15
64977984 5.329070518200751e-15
65055616 5.329070518200751e-15
65133248 7.105427357601002e-15
65210880 5.329070518200751e-15
65288512 7.105427357601002e-15
65366144 5.329070518200751e-15
65443776 5.329070518200751e-15
65521408 5.329070518200751e-15
65599040 5.329070518200751e-15
65676672 7.105427357601002e-15
65754304 5.329070518200751e-15
65831936 7.105427357601002e-15
65909568 5.329070518200751e-15
65987200 5.329070518200751e-15
66064832 5.329070518200751e-15
66142464 5.329070518200751e-15
66220096 7.105427357601002e-15
66297728 5.329070518200751e-15
66375360 7.105427357601002e-15
66452992 5.329070518200751e-15
66530624 5.329070518200751e-15
66608256 5.329070518200751e-15
66685888 5.329070518200751e-15
66763520 7.105427357601002e-15
66841152 5.329070518200751e-15
66918784 7.105427357601002e-15
66996416 5.329070518200751e-15
67074048 5.329070518200751e-15
67151680 5.329070518200751e-15
67229312 5.329070518200751e-15
67306944 7.105427357601002e-15
67384576 5.329070518200751e-15
67462208 7.105427357601002e-15
67539840 5.329070518200751e-15
67617472 5.329070518200751e-15
67695104 5.329070518200751e-15
67772736 5.329070518200751e-15
67850368 7.105427357601002e-15
67928000 5.329070518200751e-15
68005632 7.105427357601002e-15
68083264 5.329070518200751e-15
68160896 5.329070518200751e-15
68238528 5.329070518200751e-15
68316160 5.329070518200751e-15
68393792 7.105427357601002e-15
68471424 5.329070518200751e-15
68549056 7.105427357601002e-15
68626688 5.329070518200751e-15
68704320 5.329070518200751e-15
68781952 5.329070518200751e-15
68859584 5.329070518200751e-15
68937216 7.105427357601002e-15
69014848 5.329070518200751e-15
69092480 7.105427357601002e-15
69170112 5.329070518200751e-15
69247744 5.329070518200751e-15
69325376 5.329070518200751e-15
69403008 5.329070518200751e-15
69480640 7.105427357601002e-15
69558272 5.329070518200751e-15
69635904 7.105427357601002e-15
69713536 5.329070518200751e-15
69791168 5.329070518200751e-15
69868800 5.329070518200751e-15
69946432 5.329070518200751e-15
70024064 7.105427357601002e-15
70101696 5.329070518200751e-15
70179328 7.105427357601002e-15
70256960 5.329070518200751e-15
70334592 5.329070518200751e-15
70412224 5.329070518200751e-15
70489856 5.329070518200751e-15
70567488 7.105427357601002e-15
70645120 5.329070518200751e-15
70722752 7.105427357601002e-15
70800384 5.329070518200751e-15
70878016 5.329070518200751e-15
70955648 5.329070518200751e-15
71033280 5.329070518200751e-15
71110912 7.105427357601002e-15
71188544 5.329070518200751e-15
71266176 7.105427357601002e-15
71343808 5.329070518200751e-15
71421440 5.329070518200751e-15
71499072 5.329070518200751e-15
71576704 5.329070518200751e-15
71654336 7.105427357601002e-15
71731968 5.329070518200751e-15
71809600 7.105427357601002e-15
71887232 5.329070518200751e-15
71964864 5.329070518200751e-15
72042496 5.329070518200751e-15
72120128 5.329070518200751e-15
72197760 7.105427357601002e-15
72275392 5.329070518200751e-15
72353024 7.105427357601002e-15
72430656 5.329070518200751e-15
72508288 5.329070518200751e-15
72585920 5.329070518200751e-15
72663552 5.329070518200751e-15
72741184 7.105427357601002e-15
72818816 5.329070518200751e-15
72896448 7.105427357601002e-15
72974080 5.329070518200751e-15
73051712 5.329070518200751e-15
73129344 5.329070518200751e-15
73206976 5.329070518200751e-15
73284608 7.105427357601002e-15
73362240 5.329070518200751e-15
73439872 7.105427357601002e-15
73517504 5.329070518200751e-15
73595136 5.329070518200751e-15
73672768 5.329070518200751e-15
73750400 5.329070518200751e-15
73828032 7.105427357601002e-15
73905664 5.329070518200751e-15
73983296 7.105427357601002e-15
74060928 5.329070518200751e-15
74138560 5.329070518200751e-15
74216192 5.329070518200751e-15
74293824 5.329070518200751e-15
74371456 7.105427357601002e-15
74449088 5.329070518200751e-15
74526720 7.105427357601002e-15
74604352 5.329070518200751e-15
74681984 5.329070518200751e-15
74759616 5.329070518200751e-15
74837248 5.329070518200751e-15
74914880 7.105427357601002e-15
74992512 5.329070518200751e-15
75070144 7.105427357601002e-15
75147776 5.329070518200751e-15
75225408 5.329070518200751e-15
75303040 5.329070518200751e-15
75380672 5.329070518200751e-15
75458304 7.105427357601002e-15
75535936 5.329070518200751e-15
75613568 7.105427357601002e-15
75691200 5.329070518200751e-15
75768832 5.329070518200751e-15
75846464 5.329070518200751e-15
75924096 5.329070518200751e-15
76001728 7.105427357601002e-15
76079360 5.329070518200751e-15
76156992 7.105427357601002e-15
76234624 5.329070518200751e-15
76312256 5.329070518200751e-15
76389888 5.329070518200751e-15
76467520 5.329070518200751e-15
76545152 7.105427357601002e-15
76622784 5.329070518200751e-15
76700416 7.105427357601002e-15
76778048 5.329070518200751e-15
76855680 5.329070518200751e-15
76933312 5.329070518200751e-15
77010944 5.329070518200751e-15
77088576 7.105427357601002e-15
77166208 5.329070518200751e-15
77243840 7.105427357601002e-15
77321472 5.329070518200751e-15
77399104 5.329070518200751e-15
77476736 5.329070518200751e-15
77554368 5.329070518200751e-15
77632000 7.105427357601002e-15
77709632 5.329070518200751e-15
77787264 7.105427357601002e-15
77864896 5.329070518200751e-15
77942528 5.329070518200751e-15
78020160 5.329070518200751e-15
78097792 5.329070518200751e-15
78175424 7.105427357601002e-15
78253056 5.329070518200751e-15
78330688 7.105427357601002e-15
78408320 5.329070518200751e-15
78485952 5.329070518200751e-15
78563584 5.329070518200751e-15
78641216 5.329070518200751e-15
78718848 7.105427357601002e-15
78796480 5.329070518200751e-15
78874112 7.105427357601002e-15
78951744 5.329070518200751e-15
79029376 5.329070518200751e-15
79107008 5.329070518200751e-15
79184640 5.329070518200751e-15
79262272 7.105427357601002e-15
79339904 5.329070518200751e-15
79417536 7.105427357601002e-15
79495168 5.329070518200751e-15
79572800 5.329070518200751e-15
79650432 5.329070518200751e-15
79728064 5.329070518200751e-15
79805696 7.105427357601002e-15
79883328 5.329070518200751e-15
79960960 7.105427357601002e-15
80038592 5.329070518200751e-15
80116224 5.329070518200751e-15
80193856 5.329070518200751e-15
80271488 5.329070518200751e-15
80349120 7.105427357601002e-15
80426752 5.329070518200751e-15
80504384 7.105427357601002e-15
80582016 5.329070518200751e-15
80659648 5.329070518200751e-15
80737280 5.329070518200751e-15
80814912 5.329070518200751e-15
80892544 7.105427357601002e-15
80970176 5.329070518200751e-15
81047808 7.105427357601002e-15
81125440 5.329070518200751e-15
81203072 5.329070518200751e-15
81280704 5.329070518200751e-15
81358336 5.329070518200751e-15
81435968 7.105427357601002e-15
81513600 5.329070518200751e-15
81591232 7.105427357601002e-15
81668864 5.329070518200751e-15
81746496 5.329070518200751e-15
81824128 5.329070518200751e-15
81901760 5.329070518200751e-15
81979392 7.105427357601002e-15
82057024 5.329070518200751e-15
82134656 7.105427357601002e-15
82212288 5.329070518200751e-15
82289920 5.329070518200751e-15
82367552 5.329070518200751e-15
82445184 5.329070518200751e-15
82522816 7.105427357601002e-15
82600448 5.329070518200751e-15
82678080 7.105427357601002e-15
82755712 5.329070518200751e-15
82833344 5.329070518200751e-15
82910976 5.329070518200751e-15
82988608 5.329070518200751e-15
83066240 7.105427357601002e-15
83143872 5.329070518200751e-15
83221504 7.105427357601002e-15
83299136 5.329070518200751e-15
83376768 5.329070518200751e-15
83454400 5.329070518200751e-15
83532032 5.329070518200751e-15
83609664 7.105427357601002e-15
83687296 5.329070518200751e-15
83764928 7.105427357601002e-15
83842560 5.329070518200751e-15
83920192 5.329070518200751e-15
83997824 5.329070518200751e-15
84075456 5.329070518200751e-15
84153088 7.105427357601002e-15
84230720 5.329070518200751e-15
84308352 7.105427357601002e-15
84385984 5.329070518200751e-15
84463616 5.329070518200751e-15
84541248 5.329070518200751e-15
84618880 5.329070518200751e-15
84696512 7.105427357601002e-15
84774144 5.329070518200751e-15
84851776 7.105427357601002e-15
84929408 5.329070518200751e-15
85007040 5.329070518200751e-15
85084672 5.329070518200751e-15
85162304 5.329070518200751e-15
85239936 7.105427357601002e-15
85317568 5.329070518200751e-15
85395200 7.105427357601002e-15
85472832 5.329070518200751e-15
85550464 5.329070518200751e-15
85628096 5.329070518200751e-15
85705728 5.329070518200751e-15
85783360 7.105427357601002e-15
85860992 5.329070518200751e-15
85938624 7.105427357601002e-15
86016256 5.329070518200751e-15
86093888 5.329070518200751e-15
86171520 5.329070518200751e-15
86249152 5.329070518200751e-15
86326784 7.105427357601002e-15
86404416 5.329070518200751e-15
86482048 7.105427357601002e-15
86559680 5.329070518200751e-15
86637312 5.329070518200751e-15
86714944 5.329070518200751e-15
86792576 5.329070518200751e-15
86870208 7.105427357601002e-15
86947840 5.329070518200751e-15
87025472 7.105427357601002e-15
87103104 5.329070518200751e-15
87180736 5.329070518200751e-15
87258368 5.329070518200751e-15
87336000 5.329070518200751e-15
87413632 7.105427357601002e-15
87491264 5.329070518200751e-15
87568896 7.105427357601002e-15
87646528 5.329070518200751e-15
87724160 5.329070518200751e-15
87801792 5.329070518200751e-15
87879424 5.329070518200751e-15
87957056 7.105427357601002e-15
88034688 5.329070518200751e-15
88112320 7.105427357601002e-15
88189952 5.329070518200751e-15
88267584 5.329070518200751e-15
88345216 5.329070518200751e-15
88422848 5.329070518200751e-15
88500480 7.105427357601002e-15
88578112 5.329070518200751e-15
88655744 7.105427357601002e-15
88733376 5.329070518200751e-15
88811008 5.329070518200751e-15
88888640 5.329070518200751e-15
88966272 5.329070518200751e-15
89043904 7.105427357601002e-15
89121536 5.329070518200751e-15
89199168 7.105427357601002e-15
89276800 5.329070518200751e-15
89354432 5.329070518200751e-15
89432064 5.329070518200751e-15
89509696 5.329070518200751e-15
89587328 7.105427357601002e-15
89664960 5.329070518200751e-15
89742592 7.105427357601002e-15
89820224 5.329070518200751e-15
89897856 5.329070518200751e-15
89975488 5.329070518200751e-15
90053120 5.329070518200751e-15
90130752 7.105427357601002e-15
90208384 5.329070518200751e-15
90286016 7.105427357601002e-15
90363648 5.329070518200751e-15
90441280 5.329070518200751e-15
90518912 5.329070518200751e-15
90596544 5.329070518200751e-15
90674176 7.105427357601002e-15
90751808 5.329070518200751e-15
90829440 7.105427357601002e-15
90907072 5.329070518200751e-15
90984704 5.329070518200751e-15
91062336 5.329070518200751e-15
91139968 5.329070518200751e-15
91217600 7.105427357601002e-15
91295232 5.329070518200751e-15
91372864 7.105427357601002e-15
91450496 5.329070518200751e-15
91528128 5.329070518200751e-15
91605760 5.329070518200751e-15
91683392 5.329070518200751e-15
91761024 7.105427357601002e-15
91838656 5.329070518200751e-15
91916288 7.105427357601002e-15
91993920 5.329070518200751e-15
92071552 5.329070518200751e-15
92149184 5.329070518200751e-15
92226816 5.329070518200751e-15
92304448 7.105427357601002e-15
92382080 5.329070518200751e-15
92459712 7.105427357601002e-15
92537344 5.329070518200751e-15
92614976 5.329070518200751e-15
92692608 5.329070518200751e-15
92770240 5.329070518200751e-15
92847872 7.105427357601002e-15
92925504 5.329070518200751e-15
93003136 7.105427357601002e-15
93080768 5.329070518200751e-15
93158400 5.329070518200751e-15
93236032 5.329070518200751e-15
93313664 5.329070518200751e-15
93391296 7.105427357601002e-15
93468928 5.329070518200751e-15
93546560 7.105427357601002e-15
93624192 5.329070518200751e-15
93701824 5.329070518200751e-15
93779456 5.329070518200751e-15
93857088 5.329070518200751e-15
93934720 7.105427357601002e-15
94012352 5.329070518200751e-15
94089984 7.105427357601002e-15
94167616 5.329070518200751e-15
94245248 5.329070518200751e-15
94322880 5.329070518200751e-15
94400512 5.329070518200751e-15
94478144 7.105427357601002e-15
94555776 5.329070518200751e-15
94633408 7.105427357601002e-15
94711040 5.329070518200751e-15
94788672 5.329070518200751e-15
94866304 5.329070518200751e-15
94943936 5.329070518200751e-15
95021568 7.105427357601002e-15
95099200 5.329070518200751e-15
95176832 7.105427357601002e-15
95254464 5.329070518200751e-15
95332096 5.329070518200751e-15
95409728 5.329070518200751e-15
95487360 5.329070518200751e-15
95564992 7.105427357601002e-15
95642624 5.329070518200751e-15
95720256 7.105427357601002e-15
95797888 5.329070518200751e-15
95875520 5.329070518200751e-15
95953152 5.329070518200751e-15
96030784 5.329070518200751e-15
96108416 7.105427357601002e-15
96186048 5.329070518200751e-15
96263680 7.105427357601002e-15
96341312 5.329070518200751e-15
96418944 5.329070518200751e-15
96496576 5.329070518200751e-15
96574208 5.329070518200751e-15
96651840 7.105427357601002e-15
96729472 5.329070518200751e-15
96807104 7.105427357601002e-15
96884736 5.329070518200751e-15
96962368 5.329070518200751e-15
97040000 5.329070518200751e-15
97117632 5.329070518200751e-15
97195264 7.105427357601002e-15
97272896 5.329070518200751e-15
97350528 7.105427357601002e-15
97428160 5.329070518200751e-15
97505792 5.329070518200751e-15
97583424 5.329070518200751e-15
97661056 5.329070518200751e-15
97738688 7.105427357601002e-15
97816320 5.329070518200751e-15
97893952 7.105427357601002e-15
97971584 5.329070518200751e-15
98049216 5.329070518200751e-15
98126848 5.329070518200751e-15
98204480 5.329070518200751e-15
98282112 7.105427357601002e-15
98359744 5.329070518200751e-15
98437376 7.105427357601002e-15
98515008 5.329070518200751e-15
98592640 5.329070518200751e-15
98670272 5.329070518200751e-15
98747904 5.329070518200751e-15
98825536 7.105427357601002e-15
98903168 5.329070518200751e-15
98980800 7.105427357601002e-15
99058432 5.329070518200751e-15
99136064 5.329070518200751e-15
99213696 5.329070518200751e-15
99291328 5.329070518200751e-15
99368960 7.105427357601002e-15
99446592 5.329070518200751e-15
99524224 7.105427357601002e-15
99601856 5.329070518200751e-15
99679488 5.329070518200751e-15
99757120 5.329070518200751e-15
99834752 5.329070518200751e-15
99912384 7.105427357601002e-15
99990016 5.329070518200751e-15
100067648 7.105427357601002e-15
100145280 5.329070518200751e-15
100222912 5.329070518200751e-15
100300544 5.329070518200751e-15
100378176 5.329070518200751e-15
100455808 7.105427357601002e-15
100533440 5.329070518200751e-15
100611072 7.105427357601002e-15
100688704 5.329070518200751e-15
100766336 5.329070518200751e-15
100843968 5.329070518200751e-15
100921600 5.329070518200751e-15
100999232 7.105427357601002e-15
101076864 5.329070518200751e-15
101154496 7.105427357601002e-15
101232128 5.329070518200751e-15
101309760 5.329070518200751e-15
101387392 5.329070518200751e-15
101465024 5.329070518200751e-15
101542656 7.105427357601002e-15
101620288 5.329070518200751e-15
101697920 7.105427357601002e-15
101775552 5.329070518200751e-15
101853184 5.329070518200751e-15
101930816 5.329070518200751e-15
102008448 5.329070518200751e-15
102086080 7.105427357601002e-15
102163712 5.329070518200751e-15
102241344 7.105427357601002e-15
102318976 5.329070518200751e-15
102396608 5.329070518200751e-15
102474240 5.329070518200751e-15
102551872 5.329070518200751e-15
102629504 7.105427357601002e-15
102707136 5.329070518200751e-15
102784768 7.105427357601002e-15
102862400 5.329070518200751e-15
102940032 5.329070518200751e-15
103017664 5.329070518200751e-15
103095296 5.329070518200751e-15
103172928 7.105427357601002e-15
103250560 5.329070518200751e-15
103328192 7.105427357601002e-15
103405824 5.329070518200751e-15
103483456 5.329070518200751e-15
103561088 5.329070518200751e-15
103638720 5.329070518200751e-15
103716352 7.105427357601002e-15
103793984 5.329070518200751e-15
103871616 7.105427357601002e-15
103949248 5.329070518200751e-15
104026880 5.329070518200751e-15
104104512 5.329070518200751e-15
104182144 5.329070518200751e-15
104259776 7.105427357601002e-15
104337408 5.329070518200751e-15
104415040 7.105427357601002e-15
104492672 5.329070518200751e-15
104570304 5.329070518200751e-15
104647936 5.329070518200751e-15
104725568 5.329070518200751e-15
104803200 7.105427357601002e-15
104880832 5.329070518200751e-15
104958464 7.105427357601002e-15
105036096 5.329070518200751e-15
105113728 5.329070518200751e-15
105191360 5.329070518200751e-15
105268992 5.329070518200751e-15
105346624 7.105427357601002e-15
105424256 5.329070518200751e-15
105501888 7.105427357601002e-15
105579520 5.329070518200751e-15
105657152 5.329070518200751e-15
105734784 5.329070518200751e-15
105812416 5.329070518200751e-15
105890048 7.105427357601002e-15
105967680 5.329070518200751e-15
106045312 7.105427357601002e-15
106122944 5.329070518200751e-15
106200576 5.329070518200751e-15
106278208 5.329070518200751e-15
106355840 5.329070518200751e-15
106433472 7.105427357601002e-15
106511104 5.329070518200751e-15
106588736 7.105427357601002e-15
106666368 5.329070518200751e-15
106744000 5.329070518200751e-15
106821632 5.329070518200751e-15
106899264 5.329070518200751e-15
106976896 7.105427357601002e-15
107054528 5.329070518200751e-15
107132160 7.105427357601002e-15
107209792 5.329070518200751e-15
107287424 5.329070518200751e-15
107365056 5.329070518200751e-15
107442688 5.329070518200751e-15
107520320 7.105427357601002e-15
107597952 5.329070518200751e-15
107675584 7.105427357601002e-15
107753216 5.329070518200751e-15
107830848 5.329070518200751e-15
107908480 5.329070518200751e-15
107986112 5.329070518200751e-15
108063744 7.105427357601002e-15
108141376 5.329070518200751e-15
108219008 7.105427357601002e-15
108296640 5.329070518200751e-15
108374272 5.329070518200751e-15
108451904 5.329070518200751e-15
108529536 5.329070518200751e-15
108607168 7.105427357601002e-15
108684800 5.329070518200751e-15
108762432 7.105427357601002e-15
108840064 5.329070518200751e-15
108917696 5.329070518200751e-15
108995328 5.329070518200751e-15
109072960 5.329070518200751e-15
109150592 7.105427357601002e-15
109228224 5.329070518200751e-15
109305856 7.105427357601002e-15
109383488 5.329070518200751e-15
109461120 5.329070518200751e-15
109538752 5.329070518200751e-15
109616384 5.329070518200751e-15
109694016 7.105427357601002e-15
109771648 5.329070518200751e-15
109849280 7.105427357601002e-15
109926912 5.329070518200751e-15
110004544 5.329070518200751e-15
110082176 5.329070518200751e-15
110159808 5.329070518200751e-15
110237440 7.105427357601002e-15
110315072 5.329070518200751e-15
110392704 7.105427357601002e-15
110470336 5.329070518200751e-15
110547968 5.329070518200751e-15
110625600 5.329070518200751e-15
110703232 5.329070518200751e-15
110780864 7.105427357601002e-15
110858496 5.329070518200751e-15
110936128 7.105427357601002e-15
111013760 5.329070518200751e-15
111091392 5.329070518200751e-15
111169024 5.329070518200751e-15
111246656 5.329070518200751e-15
111324288 7.105427357601002e-15
111401920 5.329070518200751e-15
111479552 7.105427357601002e-15
111557184 5.329070518200751e-15
111634816 5.329070518200751e-15
111712448 5.329070518200751e-15
111790080 5.329070518200751e-15
111867712 7.105427357601002e-15
111945344 5.329070518200751e-15
112022976 7.105427357601002e-15
112100608 5.329070518200751e-15
112178240 5.329070518200751e-15
112255872 5.329070518200751e-15
112333504 5.329070518200751e-15
112411136 7.105427357601002e-15
112488768 5.329070518200751e-15
112566400 7.105427357601002e-15
112644032 5.329070518200751e-15
112721664 5.329070518200751e-15
112799296 5.329070518200751e-15
112876928 5.329070518200751e-15
112954560 7.105427357601002e-15
113032192 5.329070518200751e-15
113109824 7.105427357601002e-15
113187456 5.329070518200751e-15
113265088 5.329070518200751e-15
113342720 5.329070518200751e-15
113420352 5.329070518200751e-15
113497984 7.105427357601002e-15
113575616 5.329070518200751e-15
113653248 7.105427357601002e-15
113730880 5.329070518200751e-15
113808512 5.329070518200751e-15
113886144 5.329070518200751e-15
113963776 5.329070518200751e-15
114041408 7.105427357601002e-15
114119040 5.329070518200751e-15
114196672 7.105427357601002e-15
114274304 5.329070518200751e-15
114351936 5.329070518200751e-15
114429568 5.329070518200751e-15
114507200 5.329070518200751e-15
114584832 7.105427357601002e-15
114662464 5.329070518200751e-15
114740096 7.105427357601002e-15
114817728 5.329070518200751e-15
114895360 5.329070518200751e-15
114972992 5.329070518200751e-15
115050624 5.329070518200751e-15
115128256 7.105427357601002e-15
115205888 5.329070518200751e-15
115283520 7.105427357601002e-15
115361152 5.329070518200751e-15
115438784 5.329070518200751e-15
115516416 5.329070518200751e-15
115594048 5.329070518200751e-15
115671680 7.105427357601002e-15
115749312 5.329070518200751e-15
115826944 7.105427357601002e-15
115904576 5.329070518200751e-15
115982208 5.329070518200751e-15
116059840 5.329070518200751e-15
116137472 5.329070518200751e-15
116215104 7.105427357601002e-15
116292736 5.329070518200751e-15
116370368 7.105427357601002e-15
116448000 5.329070518200751e-15
116525632 5.329070518200751e-15
116603264 5.329070518200751e-15
116680896 5.329070518200751e-15
116758528 7.105427357601002e-15
116836160 5.329070518200751e-15
116913792 7.105427357601002e-15
116991424 5.329070518200751e-15
117069056 5.329070518200751e-15
117146688 5.329070518200751e-15
117224320 5.329070518200751e-15
117301952 7.105427357601002e-15
117379584 5.329070518200751e-15
117457216 7.105427357601002e-15
117534848 5.329070518200751e-15
117612480 5.329070518200751e-15
117690112 5.329070518200751e-15
117767744 5.329070518200751e-15
117845376 7.105427357601002e-15
117923008 5.329070518200751e-15
118000640 7.105427357601002e-15
118078272 5.329070518200751e-15
118155904 5.329070518200751e-15
118233536 5.329070518200751e-15
118311168 5.329070518200751e-15
118388800 7.105427357601002e-15
118466432 5.329070518200751e-15
118544064 7.105427357601002e-15
118621696 5.329070518200751e-15
118699328 5.329070518200751e-15
118776960 5.329070518200751e-15
118854592 5.329070518200751e-15
118932224 7.105427357601002e-15
119009856 5.329070518200751e-15
119087488 7.105427357601002e-15
119165120 5.329070518200751e-15
119242752 5.329070518200751e-15
119320384 5.329070518200751e-15
119398016 5.329070518200751e-15
119475648 7.105427357601002e-15
119553280 5.329070518200751e-15
119630912 7.105427357601002e-15
119708544 5.329070518200751e-15
119786176 5.329070518200751e-15
119863808 5.329070518200751e-15
119941440 5.329070518200751e-15
120019072 7.105427357601002e-15
120096704 5.329070518200751e-15
120174336 7.105427357601002e-15
120251968 5.329070518200751e-15
120329600 5.329070518200751e-15
120407232 5.329070518200751e-15
120484864 5.329070518200751e-15
120562496 7.105427357601002e-15
120640128 5.329070518200751e-15
120717760 7.105427357601002e-15
120795392 5.329070518200751e-15
120873024 5.329070518200751e-15
120950656 5.329070518200751e-15
121028288 5.329070518200751e-15
121105920 7.105427357601002e-15
121183552 5.329070518200751e-15
121261184 7.105427357601002e-15
121338816 5.329070518200751e-15
121416448 5.329070518200751e-15
121494080 5.329070518200751e-15
121571712 5.329070518200751e-15
121649344 7.105427357601002e-15
121726976 5.329070518200751e-15
121804608 7.105427357601002e-15
121882240 5.329070518200751e-15
121959872 5.329070518200751e-15
122037504 5.329070518200751e-15
122115136 5.329070518200751e-15
122192768 7.105427357601002e-15
122270400 5.329070518200751e-15
122348032 7.105427357601002e-15
122425664 5.329070518200751e-15
122503296 5.329070518200751e-15
122580928 5.329070518200751e-15
122658560 5.329070518200751e-15
122736192 7.105427357601002e-15
122813824 5.329070518200751e-15
122891456 7.105427357601002e-15
122969088 5.329070518200751e-15
123046720 5.329070518200751e-15
123124352 5.329070518200751e-15
123201984 5.329070518200751e-15
123279616 7.105427357601002e-15
123357248 5.329070518200751e-15
123434880 7.105427357601002e-15
123512512 5.329070518200751e-15
123590144 5.329070518200751e-15
123667776 5.329070518200751e-15
123745408 5.329070518200751e-15
123823040 7.105427357601002e-15
123900672 5.329070518200751e-15
123978304 7.105427357601002e-15
124055936 5.329070518200751e-15
124133568 5.329070518200751e-15
124211200 5.329070518200751e-15
124288832 5.329070518200751e-15
124366464 7.105427357601002e-15
124444096 5.329070518200751e-15
124521728 7.105427357601002e-15
124599360 5.329070518200751e-15
124676992 5.329070518200751e-15
124754624 5.329070518200751e-15
124832256 5.329070518200751e-15
124909888 7.105427357601002e-15
124987520 5.329070518200751e-15
125065152 7.105427357601002e-15
125142784 5.329070518200751e-15
125220416 5.329070518200751e-15
125298048 5.329070518200751e-15
125375680 5.329070518200751e-15
125453312 7.105427357601002e-15
125530944 5.329070518200751e-15
125608576 7.105427357601002e-15
125686208 5.329070518200751e-15
125763840 5.329070518200751e-15
125841472 5.329070518200751e-15
125919104 5.329070518200751e-15
125996736 7.105427357601002e-15
126074368 5.329070518200751e-15
126152000 7.105427357601002e-15
126229632 5.329070518200751e-15
126307264 5.329070518200751e-15
126384896 5.329070518200751e-15
126462528 5.329070518200751e-15
126540160 7.105427357601002e-15
126617792 5.329070518200751e-15
126695424 7.105427357601002e-15
126773056 5.329070518200751e-15
126850688 5.329070518200751e-15
126928320 5.329070518200751e-15
127005952 5.329070518200751e-15
127083584 7.105427357601002e-15
127161216 5.329070518200751e-15
127238848 7.105427357601002e-15
127316480 5.329070518200751e-15
127394112 5.329070518200751e-15
127471744 5.329070518200751e-15
127549376 5.329070518200751e-15
127627008 7.105427357601002e-15
127704640 5.329070518200751e-15
127782272 7.105427357601002e-15
127859904 5.329070518200751e-15
127937536 5.329070518200751e-15
128015168 5.329070518200751e-15
128092800 5.329070518200751e-15
128170432 7.105427357601002e-15
128248064 5.329070518200751e-15
128325696 7.105427357601002e-15
128403328 5.329070518200751e-15
128480960 5.329070518200751e-15
128558592 5.329070518200751e-15
128636224 5.329070518200751e-15
128713856 7.105427357601002e-15
128791488 5.329070518200751e-15
128869120 7.105427357601002e-15
128946752 5.329070518200751e-15
129024384 5.329070518200751e-15
129102016 5.329070518200751e-15
129179648 5.329070518200751e-15
129257280 7.105427357601002e-15
129334912 5.329070518200751e-15
129412544 7.105427357601002e-15
129490176 5.329070518200751e-15
129567808 5.329070518200751e-15
129645440 5.329070518200751e-15
129723072 5.329070518200751e-15
129800704 7.105427357601002e-15
129878336 5.329070518200751e-15
129955968 7.105427357601002e-15
130033600 5.329070518200751e-15
130111232 5.329070518200751e-15
130188864 5.329070518200751e-15
130266496 5.329070518200751e-15
130344128 7.105427357601002e-15
130421760 5.329070518200751e-15
130499392 7.105427357601002e-15
130577024 5.329070518200751e-15
130654656 5.329070518200751e-15
130732288 5.329070518200751e-15
130809920 5.329070518200751e-15
130887552 7.105427357601002e-15
130965184 5.329070518200751e-15
131042816 7.105427357601002e-15
131120448 5.329070518200751e-15
131198080 5.329070518200751e-15
131275712 5.329070518200751e-15
131353344 5.329070518200751e-15
131430976 7.105427357601002e-15
131508608 5.329070518200751e-15
131586240 7.105427357601002e-15
131663872 5.329070518200751e-15
131741504 5.329070518200751e-15
131819136 5.329070518200751e-15
131896768 5.329070518200751e-15
131974400 7.105427357601002e-15
132052032 5.329070518200751e-15
132129664 7.105427357601002e-15
132207296 5.329070518200751e-15
132284928 5.329070518200751e-15
132362560 5.329070518200751e-15
132440192 5.329070518200751e-15
132517824 7.105427357601002e-15
132595456 5.329070518200751e-15
132673088 7.105427357601002e-15
132750720 5.329070518200751e-15
132828352 5.329070518200751e-15
132905984 5.329070518200751e-15
132983616 5.329070518200751e-15
133061248 7.105427357601002e-15
133138880 5.329070518200751e-15
133216512 7.105427357601002e-15
133294144 5.329070518200751e-15
133371776 5.329070518200751e-15
133449408 5.329070518200751e-15
133527040 5.329070518200751e-15
133604672 7.105427357601002e-15
133682304 5.329070518200751e-15
133759936 7.105427357601002e-15
133837568 5.329070518200751e-15
133915200 5.329070518200751e-15
133992832 5.329070518200751e-15
134070464 5.329070518200751e-15
134148096 7.105427357601002e-15
134225728 5.329070518200751e-15
134303360 7.105427357601002e-15
134380992 5.329070518200751e-15
134458624 5.329070518200751e-15
134536256 5.329070518200751e-15
134613888 5.329070518200751e-15
134691520 7.105427357601002e-15
134769152 5.329070518200751e-15
134846784 7.105427357601002e-15
134924416 5.329070518200751e-15
135002048 5.329070518200751e-15
135079680 5.329070518200751e-15
135157312 5.329070518200751e-15
135234944 7.105427357601002e-15
135312576 5.329070518200751e-15
135390208 7.105427357601002e-15
135467840 5.329070518200751e-15
135545472 5.329070518200751e-15
135623104 5.329070518200751e-15
135700736 5.329070518200751e-15
135778368 7.105427357601002e-15
135856000 5.329070518200751e-15
135933632 7.105427357601002e-15
136011264 5.329070518200751e-15
136088896 5.329070518200751e-15
136166528 5.329070518200751e-15
136244160 5.329070518200751e-15
136321792 7.105427357601002e-15
136399424 5.329070518200751e-15
136477056 7.105427357601002e-15
136554688 5.329070518200751e-15
136632320 5.329070518200751e-15
136709952 5.329070518200751e-15
136787584 5.329070518200751e-15
136865216 7.105427357601002e-15
136942848 5.329070518200751e-15
137020480 7.105427357601002e-15
137098112 5.329070518200751e-15
137175744 5.329070518200751e-15
137253376 5.329070518200751e-15
137331008 5.329070518200751e-15
137408640 7.105427357601002e-15
137486272 5.329070518200751e-15
137563904 7.105427357601002e-15
137641536 5.329070518200751e-15
137719168 5.329070518200751e-15
137796800 5.329070518200751e-15
137874432 5.329070518200751e-15
137952064 7.105427357601002e-15
138029696 5.329070518200751e-15
138107328 7.105427357601002e-15
138184960 5.329070518200751e-15
138262592 5.329070518200751e-15
138340224 5.329070518200751e-15
138417856 5.329070518200751e-15
138495488 7.105427357601002e-15
138573120 5.329070518200751e-15
138650752 7.105427357601002e-15
138728384 5.329070518200751e-15
138806016 5.329070518200751e-15
138883648 5.329070518200751e-15
138961280 5.329070518200751e-15
139038912 7.105427357601002e-15
139116544 5.329070518200751e-15
139194176 7.105427357601002e-15
139271808 5.329070518200751e-15
139349440 5.329070518200751e-15
139427072 5.329070518200751e-15
139504704 5.329070518200751e-15
139582336 7.105427357601002e-15
139659968 5.329070518200751e-15
139737600 7.105427357601002e-15
139815232 5.329070518200751e-15
139892864 5.329070518200751e-15
139970496 5.329070518200751e-15
140048128 5.329070518200751e-15
140125760 7.105427357601002e-15
140203392 5.329070518200751e-15
140281024 7.105427357601002e-15
140358656 5.329070518200751e-15
140436288 5.329070518200751e-15
140513920 5.329070518200751e-15
140591552 5.329070518200751e-15
140669184 7.105427357601002e-15
140746816 5.329070518200751e-15
140824448 7.105427357601002e-15
140902080 5.329070518200751e-15
140979712 5.329070518200751e-15
141057344 5.329070518200751e-15
141134976 5.329070518200751e-15
141212608 7.105427357601002e-15
141290240 5.329070518200751e-15
141367872 7.105427357601002e-15
141445504 5.329070518200751e-15
141523136 5.329070518200751e-15
141600768 5.329070518200751e-15
141678400 5.329070518200751e-15
141756032 7.105427357601002e-15
141833664 5.329070518200751e-15
141911296 7.105427357601002e-15
141988928 5.329070518200751e-15
142066560 5.329070518200751e-15
142144192 5.329070518200751e-15
142221824 5.329070518200751e-15
142299456 7.105427357601002e-15
142377088 5.329070518200751e-15
142454720 7.105427357601002e-15
142532352 5.329070518200751e-15
142609984 5.329070518200751e-15
142687616 5.329070518200751e-15
142765248 5.329070518200751e-15
142842880 7.105427357601002e-15
142920512 5.329070518200751e-15
142998144 7.105427357601002e-15
143075776 5.329070518200751e-15
143153408 5.329070518200751e-15
143231040 5.329070518200751e-15
143308672 5.329070518200751e-15
143386304 7.105427357601002e-15
143463936 5.329070518200751e-15
143541568 7.105427357601002e-15
143619200 5.329070518200751e-15
143696832 5.329070518200751e-15
143774464 5.329070518200751e-15
143852096 5.329070518200751e-15
143929728 7.105427357601002e-15
144007360 5.329070518200751e-15
144084992 7.105427357601002e-15
144162624 5.329070518200751e-15
144240256 5.329070518200751e-15
144317888 5.329070518200751e-15
144395520 5.329070518200751e-15
144473152 7.105427357601002e-15
144550784 5.329070518200751e-15
144628416 7.105427357601002e-15
144706048 5.329070518200751e-15
144783680 5.329070518200751e-15
144861312 5.329070518200751e-15
144938944 5.329070518200751e-15
145016576 7.105427357601002e-15
145094208 5.329070518200751e-15
145171840 7.105427357601002e-15
145249472 5.329070518200751e-15
145327104 5.329070518200751e-15
145404736 5.329070518200751e-15
145482368 5.329070518200751e-15
145560000 7.105427357601002e-15
145637632 5.329070518200751e-15
145715264 7.105427357601002e-15
145792896 5.329070518200751e-15
145870528 5.329070518200751e-15
145948160 5.329070518200751e-15
146025792 5.329070518200751e-15
146103424 7.105427357601002e-15
146181056 5.329070518200751e-15
146258688 7.105427357601002e-15
146336320 5.329070518200751e-15
146413952 5.329070518200751e-15
146491584 5.329070518200751e-15
146569216 5.329070518200751e-15
146646848 7.105427357601002e-15
146724480 5.329070518200751e-15
146802112 7.105427357601002e-15
146879744 5.329070518200751e-15
146957376 5.329070518200751e-15
147035008 5.329070518200751e-15
147112640 5.329070518200751e-15
147190272 7.105427357601002e-15
147267904 5.329070518200751e-15
147345536 7.105427357601002e-15
147423168 5.329070518200751e-15
147500800 5.329070518200751e-15
147578432 5.329070518200751e-15
147656064 5.329070518200751e-15
147733696 7.105427357601002e-15
147811328 5.329070518200751e-15
147888960 7.105427357601002e-15
147966592 5.329070518200751e-15
148044224 5.329070518200751e-15
148121856 5.329070518200751e-15
148199488 5.329070518200751e-15
148277120 7.105427357601002e-15
148354752 5.329070518200751e-15
148432384 7.105427357601002e-15
148510016 5.329070518200751e-15
148587648 5.329070518200751e-15
148665280 5.329070518200751e-15
148742912 5.329070518200751e-15
148820544 7.105427357601002e-15
148898176 5.329070518200751e-15
148975808 7.105427357601002e-15
149053440 5.329070518200751e-15
149131072 5.329070518200751e-15
149208704 5.329070518200751e-15
149286336 5.329070518200751e-15
149363968 7.105427357601002e-15
149441600 5.329070518200751e-15
149519232 7.105427357601002e-15
149596864 5.329070518200751e-15
149674496 5.329070518200751e-15
149752128 5.329070518200751e-15
149829760 5.329070518200751e-15
149907392 7.105427357601002e-15
149985024 5.329070518200751e-15
150062656 7.105427357601002e-15
150140288 5.329070518200751e-15
150217920 5.329070518200751e-15
150295552 5.329070518200751e-15
150373184 5.329070518200751e-15
150450816 7.105427357601002e-15
150528448 5.329070518200751e-15
150606080 7.105427357601002e-15
150683712 5.329070518200751e-15
150761344 5.329070518200751e-15
150838976 5.329070518200751e-15
150916608 5.329070518200751e-15
150994240 7.105427357601002e-15
151071872 5.329070518200751e-15
151149504 7.105427357601002e-15
151227136 5.329070518200751e-15
151304768 5.329070518200751e-15
151382400 5.329070518200751e-15
151460032 5.329070518200751e-15
151537664 7.105427357601002e-15
151615296 5.329070518200751e-15
151692928 7.105427357601002e-15
151770560 5.329070518200751e-15
151848192 5.329070518200751e-15
151925824 5.329070518200751e-15
152003456 5.329070518200751e-15
152081088 7.105427357601002e-15
152158720 5.329070518200751e-15
152236352 7.105427357601002e-15
152313984 5.329070518200751e-15
152391616 5.329070518200751e-15
152469248 5.329070518200751e-15
152546880 5.329070518200751e-15
152624512 7.105427357601002e-15
152702144 5.329070518200751e-15
152779776 7.105427357601002e-15
152857408 5.329070518200751e-15
152935040 5.329070518200751e-15
153012672 5.329070518200751e-15
153090304 5.329070518200751e-15
153167936 7.105427357601002e-15
153245568 5.329070518200751e-15
153323200 7.105427357601002e-15
153400832 5.329070518200751e-15
153478464 5.329070518200751e-15
153556096 5.329070518200751e-15
153633728 5.329070518200751e-15
153711360 7.105427357601002e-15
153788992 5.329070518200751e-15
153866624 7.105427357601002e-15
153944256 5.329070518200751e-15
154021888 5.329070518200751e-15
154099520 5.329070518200751e-15
154177152 5.329070518200751e-15
154254784 7.105427357601002e-15
154332416 5.329070518200751e-15
154410048 7.105427357601002e-15
154487680 5.329070518200751e-15
154565312 5.329070518200751e-15
154642944 5.329070518200751e-15
154720576 5.329070518200751e-15
154798208 7.105427357601002e-15
154875840 5.329070518200751e-15
154953472 7.105427357601002e-15
155031104 5.329070518200751e-15
155108736 5.329070518200751e-15
155186368 5.329070518200751e-15
155264000 5.329070518200751e-15
155341632 7.105427357601002e-15
155419264 5.329070518200751e-15
155496896 7.105427357601002e-15
155574528 5.329070518200751e-15
155652160 5.329070518200751e-15
155729792 5.329070518200751e-15
155807424 5.329070518200751e-15
155885056 7.105427357601002e-15
155962688 5.329070518200751e-15
156040320 7.105427357601002e-15
156117952 5.329070518200751e-15
156195584 5.329070518200751e-15
156273216 5.329070518200751e-15
156350848 5.329070518200751e-15
156428480 7.105427357601002e-15
156506112 5.329070518200751e-15
156583744 7.105427357601002e-15
156661376 5.329070518200751e-15
156739008 5.329070518200751e-15
156816640 5.329070518200751e-15
156894272 5.329070518200751e-15
156971904 7.105427357601002e-15
157049536 5.329070518200751e-15
157127168 7.105427357601002e-15
157204800 5.329070518200751e-15
157282432 5.329070518200751e-15
157360064 5.329070518200751e-15
157437696 5.329070518200751e-15
157515328 7.105427357601002e-15
157592960 5.329070518200751e-15
157670592 7.105427357601002e-15
157748224 5.329070518200751e-15
157825856 5.329070518200751e-15
157903488 5.329070518200751e-15
157981120 5.329070518200751e-15
158058752 7.105427357601002e-15
158136384 5.329070518200751e-15
158214016 7.105427357601002e-15
158291648 5.329070518200751e-15
158369280 5.329070518200751e-15
158446912 5.329070518200751e-15
158524544 5.329070518200751e-15
158602176 7.105427357601002e-15
158679808 5.329070518200751e-15
158757440 7.105427357601002e-15
158835072 5.329070518200751e-15
158912704 5.329070518200751e-15
158990336 5.329070518200751e-15
159067968 5.329070518200751e-15
159145600 7.105427357601002e-15
159223232 5.329070518200751e-15
159300864 7.105427357601002e-15
159378496 5.329070518200751e-15
159456128 5.329070518200751e-15
159533760 5.329070518200751e-15
159611392 5.329070518200751e-15
159689024 7.105427357601002e-15
159766656 5.329070518200751e-15
159844288 7.105427357601002e-15
159921920 5.329070518200751e-15
159999552 5.329070518200751e-15
160077184 5.329070518200751e-15
160154816 5.329070518200751e-15
160232448 7.105427357601002e-15
160310080 5.329070518200751e-15
160387712 7.105427357601002e-15
160465344 5.329070518200751e-15
160542976 5.329070518200751e-15
160620608 5.329070518200751e-15
160698240 5.329070518200751e-15
160775872 7.105427357601002e-15
160853504 5.329070518200751e-15
160931136 7.105427357601002e-15
161008768 5.329070518200751e-15
161086400 5.329070518200751e-15
161164032 5.329070518200751e-15
161241664 5.329070518200751e-15
161319296 7.105427357601002e-15
161396928 5.329070518200751e-15
161474560 7.105427357601002e-15
161552192 5.329070518200751e-15
161629824 5.329070518200751e-15
161707456 5.329070518200751e-15
161785088 5.329070518200751e-15
161862720 7.105427357601002e-15
161940352 5.329070518200751e-15
162017984 7.105427357601002e-15
162095616 5.329070518200751e-15
162173248 5.329070518200751e-15
162250880 5.329070518200751e-15
162328512 5.329070518200751e-15
162406144 7.105427357601002e-15
162483776 5.329070518200751e-15
162561408 7.105427357601002e-15
162639040 5.329070518200751e-15
162716672 5.329070518200751e-15
162794304 5.329070518200751e-15
162871936 5.329070518200751e-15
162949568 7.105427357601002e-15
163027200 5.329070518200751e-15
