0 21.223298914889206
18592 2.292100249849182
37184 1.055829164170592
55776 0.5009010507247034
74368 0.3261716500251799
92960 0.21798953107619923
111552 0.15381891136495884
130144 0.11396548980744914
148736 0.08824979806439082
167328 0.06920189864567661
185920 0.05527632372156965
204512 0.045350081651562846
223104 0.03696160706953577
241696 0.030014089673050748
260288 0.024574104545719067
278880 0.020064292123711525
297472 0.016476358147383685
316064 0.013562918004055291
334656 0.011170532485370366
353248 0.009181888998832655
371840 0.007536088644187089
390432 0.006178591134506917
409024 0.0050617705870141805
427616 0.0041447604323510134
446208 0.003392931794332199
464800 0.0027772118967881454
483392 0.0022825450812158365
501984 0.001877884295528709
520576 0.0015449914007401588
539168 0.0012713250093954187
557760 0.0010464499800217908
576352 0.0008617148755973858
594944 0.00070996774542742
613536 0.000585309880795748
632128 0.00048288515959349354
650720 0.00039870158025223645
669312 0.00032948120822862137
687904 0.0002725347645204934
706496 0.00022565730804657846
725088 0.00018704179478135075
743680 0.00015520767008858627
762272 0.0001289420256176399
780864 0.00010725120648125142
799456 8.932107635750697e-05
818048 7.44844330009542e-05
836640 6.219431409881793e-05
855232 5.200214557632421e-05
873824 4.353986429528334e-05
892416 3.6505298294464694e-05
911008 3.0781885012931554e-05
929600 2.6002018045812036e-05
948192 2.199436488004025e-05
966784 1.8629614428000707e-05
985376 1.5800762126705337e-05
1003968 1.3441513275758155e-05
1022560 1.148100886316783e-05
1041152 9.817809039969205e-06
1059744 8.404961942876099e-06
1078336 7.203224028806687e-06
1096928 6.179750728030342e-06
1115520 5.307015658928549e-06
1134112 4.569140324983678e-06
1152704 3.949157097560274e-06
1171296 3.4155168107119493e-06
1189888 2.955802052451162e-06
1208480 2.559448761374483e-06
1227072 2.2174584290990396e-06
1245664 1.9221567291172192e-06
1264256 1.6669908935451616e-06
1282848 1.4463593123181795e-06
1301440 1.2554681043663862e-06
1320032 1.09021018568356e-06
1338624 9.470631887609215e-07
1357216 8.230031658396086e-07
1375808 7.154414448651281e-07
1394400 6.234130983662212e-07
1412992 5.433042213898176e-07
1431584 4.7355567245332963e-07
1450176 4.1281511098389956e-07
1468768 3.5990904334592955e-07
1487360 3.1381874288083367e-07
1505952 2.736594837404738e-07
1524544 2.3874339205587347e-07
1543136 2.0848694781694377e-07
1561728 1.8206411922516708e-07
1580320 1.589893330322667e-07
1598912 1.3883848881679484e-07
1617504 1.2124118242695658e-07
1636096 1.0587391230387766e-07
1654688 9.245414389624784e-08
1673280 8.073512480777367e-08
1691872 7.050135764075094e-08
1710464 6.156463927542433e-08
1729056 5.3760609075581556e-08
1747648 4.694572808272568e-08
1766240 4.0994642458436203e-08
1784832 3.57978803267045e-08
1803424 3.125984171514773e-08
1822016 2.729703851844789e-08
1840608 2.383656405591239e-08
1859200 2.0814748369346603e-08
1877792 1.817599193376651e-08
1896384 1.5871741143591578e-08
1914976 1.3859595027199134e-08
1933568 1.2102526758539511e-08
1952160 1.0568203312466551e-08
1970752 9.228389052928776e-09
1989344 8.058426592683077e-09
2007936 7.0367854876352e-09
2026528 6.144662778595489e-09
2045120 5.3656397103196696e-09
2063712 4.685378973690035e-09
2082304 4.091360028546376e-09
2100896 3.5726493985421826e-09
2119488 3.119700608955611e-09
2138080 2.724176662027844e-09
2156672 2.378797159252599e-09
2175264 2.0772050746131754e-09
2193856 1.813849292986447e-09
2212448 1.583882025535388e-09
2231040 1.3830711020901276e-09
2249632 1.2077188138448491e-09
2268224 1.054598408600782e-09
2286816 9.208912521430079e-10
2305408 8.04135757981328e-10
2324000 7.0218353354079e-10
2342592 6.131566365752406e-10
2361184 5.354171550564502e-10
2379776 4.675339004833745e-10
2398368 4.082569837748906e-10
2416960 3.5649538876469933e-10
2435552 3.112969881868821e-10
2454144 2.7182878170606273e-10
2472736 2.3736490550874123e-10
2491328 2.072700899802271e-10
2509920 1.809909999650472e-10
2528512 1.5804380026906983e-10
2547104 1.380059400091227e-10
2565696 1.2050838105182038e-10
2584288 1.0522960280923144e-10
2602880 9.188805272231093e-11
2621472 8.023770536880193e-11
2640064 7.006428770495177e-11
2658656 6.118128226262343e-11
2677248 5.342415398956746e-11
2695840 4.665068331632938e-11
2714432 4.0735859130336394e-11
2733024 3.557143468668755e-11
2751616 3.106137569375278e-11
2770208 2.71229705361975e-11
2788800 2.3684498806630927e-11
2807392 2.0681567569624804e-11
2825984 1.8059220785460184e-11
2844576 1.5769718864078186e-11
2863168 1.3770096174425817e-11
2881760 1.2024270468202758e-11
2900352 1.0499712210787493e-11
2918944 9.168776848866855e-12
2937536 8.006262319781854e-12
2956128 6.990963363762148e-12
2974720 6.104672323203886e-12
2993312 5.330624830435227e-12
3011904 4.654721053043431e-12
3030496 4.064637515455161e-12
3049088 3.5491609651217004e-12
3067680 3.0994096178460495e-12
3086272 2.7065016894312066e-12
3104864 2.3632207302171082e-12
3123456 2.063460513568316e-12
3142048 1.8020029912690916e-12
3160640 1.5736301151036969e-12
3179232 1.3740120152760937e-12
3197824 1.1997070004099442e-12
3216416 1.0477174683387602e-12
3235008 9.147127499886665e-13
3253600 7.986944439153376e-13
3272192 6.974421040695233e-13
3290784 6.090683513093609e-13
3309376 5.32018873400375e-13
3327968 4.642952688982405e-13
3346560 4.0545344859310717e-13
3365152 3.5416114485542494e-13
3383744 3.0941915696303113e-13
3402336 2.7000623958883807e-13
3420928 2.3581137043038325e-13
3439520 2.0594637106796654e-13
3458112 1.7985612998927536e-13
3476704 1.5687451337953462e-13
3495296 1.3700152123874432e-13
3513888 1.1957101975212936e-13
3532480 1.0447198661722723e-13
3551072 9.126033262418787e-14
3569664 7.971401316808624e-14
3588256 6.972200594645983e-14
3606848 6.072919944699606e-14
3625440 5.306866057708248e-14
3644032 4.629630012686903e-14
3662624 4.030109579389318e-14
3681216 3.519406988061746e-14
3699808 3.086420008457935e-14
3718400 2.708944180085382e-14
3736992 2.353672812205332e-14
3755584 2.0650148258027912e-14
3774176 1.787459069646502e-14
3792768 1.5765166949677223e-14
3811360 1.3766765505351941e-14
3829952 1.2434497875801753e-14
3848544 1.1546319456101628e-14
3867136 9.769962616701378e-15
3885728 1.0658141036401503e-14
3904320 9.769962616701378e-15
3922912 1.0658141036401503e-14
3941504 8.881784197001252e-15
3960096 8.881784197001252e-15
3978688 7.105427357601002e-15
3997280 7.105427357601002e-15
4015872 7.105427357601002e-15
4034464 8.881784197001252e-15
4053056 8.881784197001252e-15
4071648 7.993605777301127e-15
4090240 7.105427357601002e-15
4108832 7.105427357601002e-15
4127424 1.0658141036401503e-14
4146016 1.0658141036401503e-14
4164608 7.105427357601002e-15
4183200 1.0658141036401503e-14
4201792 7.105427357601002e-15
4220384 7.105427357601002e-15
4238976 7.105427357601002e-15
4257568 7.105427357601002e-15
4276160 7.105427357601002e-15
4294752 7.105427357601002e-15
4313344 7.105427357601002e-15
4331936 8.881784197001252e-15
4350528 7.105427357601002e-15
4369120 5.329070518200751e-15
4387712 7.105427357601002e-15
4406304 7.105427357601002e-15
4424896 5.329070518200751e-15
4443488 7.105427357601002e-15
4462080 5.329070518200751e-15
4480672 5.329070518200751e-15
4499264 5.329070518200751e-15
4517856 5.329070518200751e-15
4536448 5.329070518200751e-15
4555040 5.329070518200751e-15
4573632 5.329070518200751e-15
4592224 5.329070518200751e-15
4610816 5.329070518200751e-15
4629408 5.329070518200751e-15
4648000 5.329070518200751e-15
4666592 5.329070518200751e-15
4685184 5.329070518200751e-15
4703776 5.329070518200751e-15
4722368 5.329070518200751e-15
4740960 5.329070518200751e-15
4759552 5.329070518200751e-15
4778144 5.329070518200751e-15
4796736 5.329070518200751e-15
4815328 5.329070518200751e-15
4833920 5.329070518200751e-15
4852512 5.329070518200751e-15
4871104 5.329070518200751e-15
4889696 5.329070518200751e-15
4908288 5.329070518200751e-15
4926880 5.329070518200751e-15
4945472 5.329070518200751e-15
4964064 5.329070518200751e-15
4982656 5.329070518200751e-15
5001248 5.329070518200751e-15
5019840 5.329070518200751e-15
5038432 5.329070518200751e-15
5057024 5.329070518200751e-15
5075616 5.329070518200751e-15
5094208 5.329070518200751e-15
5112800 5.329070518200751e-15
5131392 5.329070518200751e-15
5149984 5.329070518200751e-15
5168576 5.329070518200751e-15
5187168 5.329070518200751e-15
5205760 5.329070518200751e-15
5224352 5.329070518200751e-15
5242944 5.329070518200751e-15
5261536 5.329070518200751e-15
5280128 5.329070518200751e-15
5298720 5.329070518200751e-15
5317312 5.329070518200751e-15
5335904 5.329070518200751e-15
5354496 5.329070518200751e-15
5373088 5.329070518200751e-15
5391680 5.329070518200751e-15
5410272 5.329070518200751e-15
5428864 5.329070518200751e-15
5447456 5.329070518200751e-15
5466048 5.329070518200751e-15
5484640 5.329070518200751e-15
5503232 5.329070518200751e-15
5521824 5.329070518200751e-15
5540416 5.329070518200751e-15
5559008 5.329070518200751e-15
5577600 5.329070518200751e-15
5596192 5.329070518200751e-15
5614784 5.329070518200751e-15
5633376 5.329070518200751e-15
5651968 5.329070518200751e-15
5670560 5.329070518200751e-15
5689152 5.329070518200751e-15
5707744 5.329070518200751e-15
5726336 5.329070518200751e-15
5744928 5.329070518200751e-15
5763520 5.329070518200751e-15
5782112 5.329070518200751e-15
5800704 5.329070518200751e-15
5819296 5.329070518200751e-15
5837888 5.329070518200751e-15
5856480 5.329070518200751e-15
5875072 5.329070518200751e-15
5893664 5.329070518200751e-15
5912256 5.329070518200751e-15
5930848 5.329070518200751e-15
5949440 5.329070518200751e-15
5968032 5.329070518200751e-15
5986624 5.329070518200751e-15
6005216 5.329070518200751e-15
6023808 5.329070518200751e-15
6042400 5.329070518200751e-15
6060992 5.329070518200751e-15
6079584 5.329070518200751e-15
6098176 5.329070518200751e-15
6116768 5.329070518200751e-15
6135360 5.329070518200751e-15
6153952 5.329070518200751e-15
6172544 5.329070518200751e-15
6191136 5.329070518200751e-15
6209728 5.329070518200751e-15
6228320 5.329070518200751e-15
6246912 5.329070518200751e-15
6265504 5.329070518200751e-15
6284096 5.329070518200751e-15
6302688 5.329070518200751e-15
6321280 5.329070518200751e-15
6339872 5.329070518200751e-15
6358464 5.329070518200751e-15
6377056 5.329070518200751e-15
6395648 5.329070518200751e-15
6414240 5.329070518200751e-15
6432832 5.329070518200751e-15
6451424 5.329070518200751e-15
6470016 5.329070518200751e-15
6488608 5.329070518200751e-15
6507200 5.329070518200751e-15
6525792 5.329070518200751e-15
6544384 5.329070518200751e-15
6562976 5.329070518200751e-15
6581568 5.329070518200751e-15
6600160 5.329070518200751e-15
6618752 5.329070518200751e-15
6637344 5.329070518200751e-15
6655936 5.329070518200751e-15
6674528 5.329070518200751e-15
6693120 5.329070518200751e-15
6711712 5.329070518200751e-15
6730304 5.329070518200751e-15
6748896 5.329070518200751e-15
6767488 5.329070518200751e-15
6786080 5.329070518200751e-15
6804672 5.329070518200751e-15
6823264 5.329070518200751e-15
6841856 5.329070518200751e-15
6860448 5.329070518200751e-15
6879040 5.329070518200751e-15
6897632 5.329070518200751e-15
6916224 5.329070518200751e-15
6934816 5.329070518200751e-15
6953408 5.329070518200751e-15
6972000 5.329070518200751e-15
6990592 5.329070518200751e-15
7009184 5.329070518200751e-15
7027776 5.329070518200751e-15
7046368 5.329070518200751e-15
7064960 5.329070518200751e-15
7083552 5.329070518200751e-15
7102144 5.329070518200751e-15
7120736 5.329070518200751e-15
7139328 5.329070518200751e-15
7157920 5.329070518200751e-15
7176512 5.329070518200751e-15
7195104 5.329070518200751e-15
7213696 5.329070518200751e-15
7232288 5.329070518200751e-15
7250880 5.329070518200751e-15
7269472 5.329070518200751e-15
7288064 5.329070518200751e-15
7306656 5.329070518200751e-15
7325248 5.329070518200751e-15
7343840 5.329070518200751e-15
7362432 5.329070518200751e-15
7381024 5.329070518200751e-15
7399616 5.329070518200751e-15
7418208 5.329070518200751e-15
7436800 5.329070518200751e-15
7455392 5.329070518200751e-15
7473984 5.329070518200751e-15
7492576 5.329070518200751e-15
7511168 5.329070518200751e-15
7529760 5.329070518200751e-15
7548352 5.329070518200751e-15
7566944 5.329070518200751e-15
7585536 5.329070518200751e-15
7604128 5.329070518200751e-15
7622720 5.329070518200751e-15
7641312 5.329070518200751e-15
7659904 5.329070518200751e-15
7678496 5.329070518200751e-15
7697088 5.329070518200751e-15
7715680 5.329070518200751e-15
7734272 5.329070518200751e-15
7752864 5.329070518200751e-15
7771456 5.329070518200751e-15
7790048 5.329070518200751e-15
7808640 5.329070518200751e-15
7827232 5.329070518200751e-15
7845824 5.329070518200751e-15
7864416 5.329070518200751e-15
7883008 5.329070518200751e-15
7901600 5.329070518200751e-15
7920192 5.329070518200751e-15
7938784 5.329070518200751e-15
7957376 5.329070518200751e-15
7975968 5.329070518200751e-15
7994560 5.329070518200751e-15
8013152 5.329070518200751e-15
8031744 5.329070518200751e-15
8050336 5.329070518200751e-15
8068928 5.329070518200751e-15
8087520 5.329070518200751e-15
8106112 5.329070518200751e-15
8124704 5.329070518200751e-15
8143296 5.329070518200751e-15
8161888 5.329070518200751e-15
8180480 5.329070518200751e-15
8199072 5.329070518200751e-15
8217664 5.329070518200751e-15
8236256 5.329070518200751e-15
8254848 5.329070518200751e-15
8273440 5.329070518200751e-15
8292032 5.329070518200751e-15
8310624 5.329070518200751e-15
8329216 5.329070518200751e-15
8347808 5.329070518200751e-15
8366400 5.329070518200751e-15
8384992 5.329070518200751e-15
8403584 5.329070518200751e-15
8422176 5.329070518200751e-15
8440768 5.329070518200751e-15
8459360 5.329070518200751e-15
8477952 5.329070518200751e-15
8496544 5.329070518200751e-15
8515136 5.329070518200751e-15
8533728 5.329070518200751e-15
8552320 5.329070518200751e-15
8570912 5.329070518200751e-15
8589504 5.329070518200751e-15
8608096 5.329070518200751e-15
8626688 5.329070518200751e-15
8645280 5.329070518200751e-15
8663872 5.329070518200751e-15
8682464 5.329070518200751e-15
8701056 5.329070518200751e-15
8719648 5.329070518200751e-15
8738240 5.329070518200751e-15
8756832 5.329070518200751e-15
8775424 5.329070518200751e-15
8794016 5.329070518200751e-15
8812608 5.329070518200751e-15
8831200 5.329070518200751e-15
8849792 5.329070518200751e-15
8868384 5.329070518200751e-15
8886976 5.329070518200751e-15
8905568 5.329070518200751e-15
8924160 5.329070518200751e-15
8942752 5.329070518200751e-15
8961344 5.329070518200751e-15
8979936 5.329070518200751e-15
8998528 5.329070518200751e-15
9017120 5.329070518200751e-15
9035712 5.329070518200751e-15
9054304 5.329070518200751e-15
9072896 5.329070518200751e-15
9091488 5.329070518200751e-15
9110080 5.329070518200751e-15
9128672 5.329070518200751e-15
9147264 5.329070518200751e-15
9165856 5.329070518200751e-15
9184448 5.329070518200751e-15
9203040 5.329070518200751e-15
9221632 5.329070518200751e-15
9240224 5.329070518200751e-15
9258816 5.329070518200751e-15
9277408 5.329070518200751e-15
9296000 5.329070518200751e-15
9314592 5.329070518200751e-15
9333184 5.329070518200751e-15
9351776 5.329070518200751e-15
9370368 5.329070518200751e-15
9388960 5.329070518200751e-15
9407552 5.329070518200751e-15
9426144 5.329070518200751e-15
9444736 5.329070518200751e-15
9463328 5.329070518200751e-15
9481920 5.329070518200751e-15
9500512 5.329070518200751e-15
9519104 5.329070518200751e-15
9537696 5.329070518200751e-15
9556288 5.329070518200751e-15
9574880 5.329070518200751e-15
9593472 5.329070518200751e-15
9612064 5.329070518200751e-15
9630656 5.329070518200751e-15
9649248 5.329070518200751e-15
9667840 5.329070518200751e-15
9686432 5.329070518200751e-15
9705024 5.329070518200751e-15
9723616 5.329070518200751e-15
9742208 5.329070518200751e-15
9760800 5.329070518200751e-15
9779392 5.329070518200751e-15
9797984 5.329070518200751e-15
9816576 5.329070518200751e-15
9835168 5.329070518200751e-15
9853760 5.329070518200751e-15
9872352 5.329070518200751e-15
9890944 5.329070518200751e-15
9909536 5.329070518200751e-15
9928128 5.329070518200751e-15
9946720 5.329070518200751e-15
9965312 5.329070518200751e-15
9983904 5.329070518200751e-15
10002496 5.329070518200751e-15
10021088 5.329070518200751e-15
10039680 5.329070518200751e-15
10058272 5.329070518200751e-15
10076864 5.329070518200751e-15
10095456 5.329070518200751e-15
10114048 5.329070518200751e-15
10132640 5.329070518200751e-15
10151232 5.329070518200751e-15
10169824 5.329070518200751e-15
10188416 5.329070518200751e-15
10207008 5.329070518200751e-15
10225600 5.329070518200751e-15
10244192 5.329070518200751e-15
10262784 5.329070518200751e-15
10281376 5.329070518200751e-15
10299968 5.329070518200751e-15
10318560 5.329070518200751e-15
10337152 5.329070518200751e-15
10355744 5.329070518200751e-15
10374336 5.329070518200751e-15
10392928 5.329070518200751e-15
10411520 5.329070518200751e-15
10430112 5.329070518200751e-15
10448704 5.329070518200751e-15
10467296 5.329070518200751e-15
10485888 5.329070518200751e-15
10504480 5.329070518200751e-15
10523072 5.329070518200751e-15
10541664 5.329070518200751e-15
10560256 5.329070518200751e-15
10578848 5.329070518200751e-15
10597440 5.329070518200751e-15
10616032 5.329070518200751e-15
10634624 5.329070518200751e-15
10653216 5.329070518200751e-15
10671808 5.329070518200751e-15
10690400 5.329070518200751e-15
10708992 5.329070518200751e-15
10727584 5.329070518200751e-15
10746176 5.329070518200751e-15
10764768 5.329070518200751e-15
10783360 5.329070518200751e-15
10801952 5.329070518200751e-15
10820544 5.329070518200751e-15
10839136 5.329070518200751e-15
10857728 5.329070518200751e-15
10876320 5.329070518200751e-15
10894912 5.329070518200751e-15
10913504 5.329070518200751e-15
10932096 5.329070518200751e-15
10950688 5.329070518200751e-15
10969280 5.329070518200751e-15
10987872 5.329070518200751e-15
11006464 5.329070518200751e-15
11025056 5.329070518200751e-15
11043648 5.329070518200751e-15
11062240 5.329070518200751e-15
11080832 5.329070518200751e-15
11099424 5.329070518200751e-15
11118016 5.329070518200751e-15
11136608 5.329070518200751e-15
11155200 5.329070518200751e-15
11173792 5.329070518200751e-15
11192384 5.329070518200751e-15
11210976 5.329070518200751e-15
11229568 5.329070518200751e-15
11248160 5.329070518200751e-15
11266752 5.329070518200751e-15
11285344 5.329070518200751e-15
11303936 5.329070518200751e-15
11322528 5.329070518200751e-15
11341120 5.329070518200751e-15
11359712 5.329070518200751e-15
11378304 5.329070518200751e-15
11396896 5.329070518200751e-15
11415488 5.329070518200751e-15
11434080 5.329070518200751e-15
11452672 5.329070518200751e-15
11471264 5.329070518200751e-15
11489856 5.329070518200751e-15
11508448 5.329070518200751e-15
11527040 5.329070518200751e-15
11545632 5.329070518200751e-15
11564224 5.329070518200751e-15
11582816 5.329070518200751e-15
11601408 5.329070518200751e-15
11620000 5.329070518200751e-15
11638592 5.329070518200751e-15
11657184 5.329070518200751e-15
11675776 5.329070518200751e-15
11694368 5.329070518200751e-15
11712960 5.329070518200751e-15
11731552 5.329070518200751e-15
11750144 5.329070518200751e-15
11768736 5.329070518200751e-15
11787328 5.329070518200751e-15
11805920 5.329070518200751e-15
11824512 5.329070518200751e-15
11843104 5.329070518200751e-15
11861696 5.329070518200751e-15
11880288 5.329070518200751e-15
11898880 5.329070518200751e-15
11917472 5.329070518200751e-15
11936064 5.329070518200751e-15
11954656 5.329070518200751e-15
11973248 5.329070518200751e-15
11991840 5.329070518200751e-15
12010432 5.329070518200751e-15
12029024 5.329070518200751e-15
12047616 5.329070518200751e-15
12066208 5.329070518200751e-15
12084800 5.329070518200751e-15
12103392 5.329070518200751e-15
12121984 5.329070518200751e-15
12140576 5.329070518200751e-15
12159168 5.329070518200751e-15
12177760 5.329070518200751e-15
12196352 5.329070518200751e-15
12214944 5.329070518200751e-15
12233536 5.329070518200751e-15
12252128 5.329070518200751e-15
12270720 5.329070518200751e-15
12289312 5.329070518200751e-15
12307904 5.329070518200751e-15
12326496 5.329070518200751e-15
12345088 5.329070518200751e-15
12363680 5.329070518200751e-15
12382272 5.329070518200751e-15
12400864 5.329070518200751e-15
12419456 5.329070518200751e-15
12438048 5.329070518200751e-15
12456640 5.329070518200751e-15
12475232 5.329070518200751e-15
12493824 5.329070518200751e-15
12512416 5.329070518200751e-15
12531008 5.329070518200751e-15
12549600 5.329070518200751e-15
12568192 5.329070518200751e-15
12586784 5.329070518200751e-15
12605376 5.329070518200751e-15
12623968 5.329070518200751e-15
12642560 5.329070518200751e-15
12661152 5.329070518200751e-15
12679744 5.329070518200751e-15
12698336 5.329070518200751e-15
12716928 5.329070518200751e-15
12735520 5.329070518200751e-15
12754112 5.329070518200751e-15
12772704 5.329070518200751e-15
12791296 5.329070518200751e-15
12809888 5.329070518200751e-15
12828480 5.329070518200751e-15
12847072 5.329070518200751e-15
12865664 5.329070518200751e-15
12884256 5.329070518200751e-15
12902848 5.329070518200751e-15
12921440 5.329070518200751e-15
12940032 5.329070518200751e-15
12958624 5.329070518200751e-15
12977216 5.329070518200751e-15
12995808 5.329070518200751e-15
13014400 5.329070518200751e-15
13032992 5.329070518200751e-15
13051584 5.329070518200751e-15
13070176 5.329070518200751e-15
13088768 5.329070518200751e-15
13107360 5.329070518200751e-15
13125952 5.329070518200751e-15
13144544 5.329070518200751e-15
13163136 5.329070518200751e-15
13181728 5.329070518200751e-15
13200320 5.329070518200751e-15
13218912 5.329070518200751e-15
13237504 5.329070518200751e-15
13256096 5.329070518200751e-15
13274688 5.329070518200751e-15
13293280 5.329070518200751e-15
13311872 5.329070518200751e-15
13330464 5.329070518200751e-15
13349056 5.329070518200751e-15
13367648 5.329070518200751e-15
13386240 5.329070518200751e-15
13404832 5.329070518200751e-15
13423424 5.329070518200751e-15
13442016 5.329070518200751e-15
13460608 5.329070518200751e-15
13479200 5.329070518200751e-15
13497792 5.329070518200751e-15
13516384 5.329070518200751e-15
13534976 5.329070518200751e-15
13553568 5.329070518200751e-15
13572160 5.329070518200751e-15
13590752 5.329070518200751e-15
13609344 5.329070518200751e-15
13627936 5.329070518200751e-15
13646528 5.329070518200751e-15
13665120 5.329070518200751e-15
13683712 5.329070518200751e-15
13702304 5.329070518200751e-15
13720896 5.329070518200751e-15
13739488 5.329070518200751e-15
13758080 5.329070518200751e-15
13776672 5.329070518200751e-15
13795264 5.329070518200751e-15
13813856 5.329070518200751e-15
13832448 5.329070518200751e-15
13851040 5.329070518200751e-15
13869632 5.329070518200751e-15
13888224 5.329070518200751e-15
13906816 5.329070518200751e-15
13925408 5.329070518200751e-15
13944000 5.329070518200751e-15
13962592 5.329070518200751e-15
13981184 5.329070518200751e-15
13999776 5.329070518200751e-15
14018368 5.329070518200751e-15
14036960 5.329070518200751e-15
14055552 5.329070518200751e-15
14074144 5.329070518200751e-15
14092736 5.329070518200751e-15
14111328 5.329070518200751e-15
14129920 5.329070518200751e-15
14148512 5.329070518200751e-15
14167104 5.329070518200751e-15
14185696 5.329070518200751e-15
14204288 5.329070518200751e-15
14222880 5.329070518200751e-15
14241472 5.329070518200751e-15
14260064 5.329070518200751e-15
14278656 5.329070518200751e-15
14297248 5.329070518200751e-15
14315840 5.329070518200751e-15
14334432 5.329070518200751e-15
14353024 5.329070518200751e-15
14371616 5.329070518200751e-15
14390208 5.329070518200751e-15
14408800 5.329070518200751e-15
14427392 5.329070518200751e-15
14445984 5.329070518200751e-15
14464576 5.329070518200751e-15
14483168 5.329070518200751e-15
14501760 5.329070518200751e-15
14520352 5.329070518200751e-15
14538944 5.329070518200751e-15
14557536 5.329070518200751e-15
14576128 5.329070518200751e-15
14594720 5.329070518200751e-15
14613312 5.329070518200751e-15
14631904 5.329070518200751e-15
14650496 5.329070518200751e-15
14669088 5.329070518200751e-15
14687680 5.329070518200751e-15
14706272 5.329070518200751e-15
14724864 5.329070518200751e-15
14743456 5.329070518200751e-15
14762048 5.329070518200751e-15
14780640 5.329070518200751e-15
14799232 5.329070518200751e-15
14817824 5.329070518200751e-15
14836416 5.329070518200751e-15
14855008 5.329070518200751e-15
14873600 5.329070518200751e-15
14892192 5.329070518200751e-15
14910784 5.329070518200751e-15
14929376 5.329070518200751e-15
14947968 5.329070518200751e-15
14966560 5.329070518200751e-15
14985152 5.329070518200751e-15
15003744 5.329070518200751e-15
15022336 5.329070518200751e-15
15040928 5.329070518200751e-15
15059520 5.329070518200751e-15
15078112 5.329070518200751e-15
15096704 5.329070518200751e-15
15115296 5.329070518200751e-15
15133888 5.329070518200751e-15
15152480 5.329070518200751e-15
15171072 5.329070518200751e-15
15189664 5.329070518200751e-15
15208256 5.329070518200751e-15
15226848 5.329070518200751e-15
15245440 5.329070518200751e-15
15264032 5.329070518200751e-15
15282624 5.329070518200751e-15
15301216 5.329070518200751e-15
15319808 5.329070518200751e-15
15338400 5.329070518200751e-15
15356992 5.329070518200751e-15
15375584 5.329070518200751e-15
15394176 5.329070518200751e-15
15412768 5.329070518200751e-15
15431360 5.329070518200751e-15
15449952 5.329070518200751e-15
15468544 5.329070518200751e-15
15487136 5.329070518200751e-15
15505728 5.329070518200751e-15
15524320 5.329070518200751e-15
15542912 5.329070518200751e-15
15561504 5.329070518200751e-15
15580096 5.329070518200751e-15
15598688 5.329070518200751e-15
15617280 5.329070518200751e-15
15635872 5.329070518200751e-15
15654464 5.329070518200751e-15
15673056 5.329070518200751e-15
15691648 5.329070518200751e-15
15710240 5.329070518200751e-15
15728832 5.329070518200751e-15
15747424 5.329070518200751e-15
15766016 5.329070518200751e-15
15784608 5.329070518200751e-15
15803200 5.329070518200751e-15
15821792 5.329070518200751e-15
15840384 5.329070518200751e-15
15858976 5.329070518200751e-15
15877568 5.329070518200751e-15
15896160 5.329070518200751e-15
15914752 5.329070518200751e-15
15933344 5.329070518200751e-15
15951936 5.329070518200751e-15
15970528 5.329070518200751e-15
15989120 5.329070518200751e-15
16007712 5.329070518200751e-15
16026304 5.329070518200751e-15
16044896 5.329070518200751e-15
16063488 5.329070518200751e-15
16082080 5.329070518200751e-15
16100672 5.329070518200751e-15
16119264 5.329070518200751e-15
16137856 5.329070518200751e-15
16156448 5.329070518200751e-15
16175040 5.329070518200751e-15
16193632 5.329070518200751e-15
16212224 5.329070518200751e-15
16230816 5.329070518200751e-15
16249408 5.329070518200751e-15
16268000 5.329070518200751e-15
16286592 5.329070518200751e-15
16305184 5.329070518200751e-15
