0 22.507783457552005
374156 2.9515598897921738
748312 1.5218045372137308
1122468 0.851111007344393
1496624 0.4780706228485929
1870780 0.26874507198958675
2244936 0.15099392152831825
2619092 0.08490317244217671
2993248 0.047782792589087464
3367404 0.026922660203293702
3741560 0.015188550154407565
4115716 0.00858097829728166
4489872 0.0048556589138541995
4864028 0.0027524907520355413
5238184 0.001563322146289181
5612340 0.000889810373720934
5986496 0.0005076400874539644
6360652 0.0002903403036853547
6734808 0.00016650773903137406
7108964 9.5767388662793e-05
7483120 5.525017816943034e-05
7857276 3.1978188385295425e-05
8231432 1.857130908078375e-05
8605588 1.0823195054854295e-05
8979744 6.330508892204989e-06
9353900 3.7164356747609872e-06
9728056 2.1899896296417865e-06
10102212 1.2953728916187401e-06
10476368 7.69098198460938e-07
10850524 4.5833938067119107e-07
11224680 2.7414661829539e-07
11598836 1.645619907009177e-07
11972992 9.912371368159256e-08
12347148 5.99057656813784e-08
12721304 3.631927469882612e-08
13095460 2.208575367035337e-08
13469616 1.3470589976805059e-08
13843772 8.240361282219055e-09
14217928 5.053195195614535e-09
14592084 3.105778745293719e-09
14966240 1.912844993512408e-09
15340396 1.1803749089267512e-09
15714552 7.296598880657257e-10
16088708 4.517719531804687e-10
16462864 2.801190390755437e-10
16837020 1.7391954543199972e-10
17211176 1.0810552453222044e-10
17585332 6.726885715124808e-11
17959488 4.190425784145191e-11
18333644 2.6124880037059484e-11
18707800 1.6294521287818498e-11
19081956 1.0173195619245234e-11
19456112 6.355804771374096e-12
19830268 3.97193389289896e-12
20204424 2.4868995751603507e-12
20578580 1.552535877635819e-12
20952736 9.734435479913373e-13
21326892 6.092903959142859e-13
21701048 3.8546943414985435e-13
22075204 2.4158453015843406e-13
22449360 1.545430450278218e-13
22823516 9.947598300641403e-14
23197672 6.572520305780927e-14
23571828 4.618527782440651e-14
23945984 3.019806626980426e-14
24320140 2.1316282072803006e-14
24694296 1.5987211554602254e-14
25068452 1.4210854715202004e-14
25442608 1.0658141036401503e-14
25816764 1.0658141036401503e-14
26190920 1.0658141036401503e-14
26565076 8.881784197001252e-15
26939232 8.881784197001252e-15
27313388 8.881784197001252e-15
27687544 1.0658141036401503e-14
28061700 8.881784197001252e-15
28435856 8.881784197001252e-15
28810012 8.881784197001252e-15
29184168 8.881784197001252e-15
29558324 8.881784197001252e-15
29932480 8.881784197001252e-15
30306636 8.881784197001252e-15
30680792 7.105427357601002e-15
31054948 8.881784197001252e-15
31429104 8.881784197001252e-15
31803260 8.881784197001252e-15
32177416 8.881784197001252e-15
32551572 8.881784197001252e-15
32925728 8.881784197001252e-15
33299884 8.881784197001252e-15
33674040 7.993605777301127e-15
34048196 1.0658141036401503e-14
34422352 8.881784197001252e-15
34796508 8.881784197001252e-15
35170664 1.0658141036401503e-14
35544820 8.881784197001252e-15
35918976 8.881784197001252e-15
36293132 8.881784197001252e-15
36667288 8.881784197001252e-15
37041444 8.881784197001252e-15
37415600 1.0658141036401503e-14
37789756 1.0658141036401503e-14
38163912 8.881784197001252e-15
38538068 8.881784197001252e-15
38912224 8.881784197001252e-15
39286380 1.0658141036401503e-14
39660536 8.881784197001252e-15
40034692 8.881784197001252e-15
40408848 8.881784197001252e-15
40783004 8.881784197001252e-15
41157160 8.881784197001252e-15
41531316 8.881784197001252e-15
41905472 8.881784197001252e-15
42279628 8.881784197001252e-15
42653784 9.769962616701378e-15
43027940 7.105427357601002e-15
43402096 7.105427357601002e-15
43776252 8.881784197001252e-15
44150408 8.881784197001252e-15
44524564 7.105427357601002e-15
44898720 8.881784197001252e-15
45272876 8.881784197001252e-15
45647032 8.881784197001252e-15
46021188 8.881784197001252e-15
46395344 8.881784197001252e-15
46769500 8.881784197001252e-15
47143656 8.881784197001252e-15
47517812 8.881784197001252e-15
47891968 8.881784197001252e-15
48266124 8.881784197001252e-15
48640280 8.881784197001252e-15
49014436 1.0658141036401503e-14
49388592 8.881784197001252e-15
49762748 1.0658141036401503e-14
50136904 7.105427357601002e-15
50511060 8.881784197001252e-15
50885216 1.0658141036401503e-14
51259372 8.881784197001252e-15
51633528 8.881784197001252e-15
52007684 8.881784197001252e-15
52381840 1.0658141036401503e-14
52755996 1.0658141036401503e-14
53130152 8.881784197001252e-15
53504308 8.881784197001252e-15
53878464 7.993605777301127e-15
54252620 8.881784197001252e-15
54626776 8.881784197001252e-15
55000932 8.881784197001252e-15
55375088 8.881784197001252e-15
55749244 8.881784197001252e-15
56123400 8.881784197001252e-15
56497556 7.105427357601002e-15
56871712 1.0658141036401503e-14
57245868 8.881784197001252e-15
57620024 8.881784197001252e-15
57994180 1.0658141036401503e-14
58368336 1.0658141036401503e-14
58742492 8.881784197001252e-15
59116648 8.881784197001252e-15
59490804 1.0658141036401503e-14
59864960 1.0658141036401503e-14
60239116 1.0658141036401503e-14
60613272 8.881784197001252e-15
60987428 8.881784197001252e-15
61361584 8.881784197001252e-15
61735740 8.881784197001252e-15
62109896 8.881784197001252e-15
62484052 7.105427357601002e-15
62858208 8.881784197001252e-15
63232364 8.881784197001252e-15
63606520 8.881784197001252e-15
63980676 8.881784197001252e-15
64354832 8.881784197001252e-15
64728988 8.881784197001252e-15
65103144 8.881784197001252e-15
65477300 8.881784197001252e-15
65851456 8.881784197001252e-15
66225612 8.881784197001252e-15
66599768 8.881784197001252e-15
66973924 8.881784197001252e-15
67348080 8.881784197001252e-15
67722236 1.0658141036401503e-14
68096392 8.881784197001252e-15
68470548 8.881784197001252e-15
68844704 8.881784197001252e-15
69218860 8.881784197001252e-15
69593016 8.881784197001252e-15
69967172 8.881784197001252e-15
70341328 8.881784197001252e-15
70715484 8.881784197001252e-15
71089640 8.881784197001252e-15
71463796 8.881784197001252e-15
71837952 8.881784197001252e-15
72212108 8.881784197001252e-15
72586264 8.881784197001252e-15
72960420 8.881784197001252e-15
73334576 7.105427357601002e-15
73708732 8.881784197001252e-15
74082888 8.881784197001252e-15
74457044 1.0658141036401503e-14
74831200 8.881784197001252e-15
75205356 1.0658141036401503e-14
75579512 7.105427357601002e-15
75953668 8.881784197001252e-15
76327824 8.881784197001252e-15
76701980 8.881784197001252e-15
77076136 8.881784197001252e-15
77450292 8.881784197001252e-15
77824448 1.0658141036401503e-14
78198604 1.0658141036401503e-14
78572760 8.881784197001252e-15
78946916 8.881784197001252e-15
79321072 8.881784197001252e-15
79695228 7.105427357601002e-15
80069384 8.881784197001252e-15
80443540 7.105427357601002e-15
80817696 7.105427357601002e-15
81191852 8.881784197001252e-15
81566008 1.0658141036401503e-14
81940164 8.881784197001252e-15
82314320 8.881784197001252e-15
82688476 8.881784197001252e-15
83062632 8.881784197001252e-15
83436788 1.2434497875801753e-14
83810944 1.0658141036401503e-14
84185100 7.105427357601002e-15
84559256 8.881784197001252e-15
84933412 7.105427357601002e-15
85307568 8.881784197001252e-15
85681724 8.881784197001252e-15
86055880 8.881784197001252e-15
86430036 8.881784197001252e-15
86804192 7.105427357601002e-15
87178348 7.105427357601002e-15
87552504 8.881784197001252e-15
87926660 8.881784197001252e-15
88300816 8.881784197001252e-15
88674972 8.881784197001252e-15
89049128 7.105427357601002e-15
89423284 8.881784197001252e-15
89797440 8.881784197001252e-15
90171596 8.881784197001252e-15
90545752 8.881784197001252e-15
90919908 8.881784197001252e-15
91294064 7.105427357601002e-15
91668220 8.881784197001252e-15
92042376 1.0658141036401503e-14
92416532 8.881784197001252e-15
92790688 8.881784197001252e-15
93164844 8.881784197001252e-15
93539000 1.0658141036401503e-14
93913156 8.881784197001252e-15
94287312 1.0658141036401503e-14
94661468 1.0658141036401503e-14
95035624 8.881784197001252e-15
95409780 8.881784197001252e-15
95783936 8.881784197001252e-15
96158092 8.881784197001252e-15
96532248 7.105427357601002e-15
96906404 8.881784197001252e-15
97280560 8.881784197001252e-15
97654716 8.881784197001252e-15
98028872 8.881784197001252e-15
98403028 8.881784197001252e-15
98777184 8.881784197001252e-15
99151340 1.0658141036401503e-14
99525496 8.881784197001252e-15
99899652 8.881784197001252e-15
100273808 1.0658141036401503e-14
100647964 8.881784197001252e-15
101022120 8.881784197001252e-15
101396276 8.881784197001252e-15
101770432 8.881784197001252e-15
102144588 8.881784197001252e-15
102518744 8.881784197001252e-15
102892900 7.105427357601002e-15
103267056 1.0658141036401503e-14
103641212 8.881784197001252e-15
104015368 7.105427357601002e-15
104389524 8.881784197001252e-15
104763680 8.881784197001252e-15
105137836 8.881784197001252e-15
105511992 7.105427357601002e-15
105886148 8.881784197001252e-15
106260304 7.105427357601002e-15
106634460 8.881784197001252e-15
107008616 8.881784197001252e-15
107382772 8.881784197001252e-15
107756928 8.881784197001252e-15
108131084 7.993605777301127e-15
108505240 8.881784197001252e-15
108879396 7.105427357601002e-15
109253552 8.881784197001252e-15
109627708 8.881784197001252e-15
110001864 8.881784197001252e-15
110376020 1.0658141036401503e-14
110750176 1.0658141036401503e-14
111124332 8.881784197001252e-15
111498488 8.881784197001252e-15
111872644 7.105427357601002e-15
112246800 8.881784197001252e-15
112620956 1.0658141036401503e-14
112995112 8.881784197001252e-15
113369268 8.881784197001252e-15
113743424 8.881784197001252e-15
114117580 1.0658141036401503e-14
114491736 8.881784197001252e-15
114865892 8.881784197001252e-15
115240048 1.0658141036401503e-14
115614204 8.881784197001252e-15
115988360 8.881784197001252e-15
116362516 8.881784197001252e-15
116736672 8.881784197001252e-15
117110828 8.881784197001252e-15
117484984 9.769962616701378e-15
117859140 8.881784197001252e-15
118233296 8.881784197001252e-15
118607452 8.881784197001252e-15
118981608 8.881784197001252e-15
119355764 8.881784197001252e-15
119729920 8.881784197001252e-15
120104076 8.881784197001252e-15
120478232 8.881784197001252e-15
120852388 7.105427357601002e-15
121226544 8.881784197001252e-15
121600700 8.881784197001252e-15
121974856 8.881784197001252e-15
122349012 8.881784197001252e-15
122723168 9.769962616701378e-15
123097324 8.881784197001252e-15
123471480 7.105427357601002e-15
123845636 8.881784197001252e-15
124219792 1.0658141036401503e-14
124593948 8.881784197001252e-15
124968104 8.881784197001252e-15
125342260 8.881784197001252e-15
125716416 1.0658141036401503e-14
126090572 7.105427357601002e-15
126464728 1.0658141036401503e-14
126838884 8.881784197001252e-15
127213040 8.881784197001252e-15
127587196 8.881784197001252e-15
127961352 8.881784197001252e-15
128335508 1.0658141036401503e-14
128709664 8.881784197001252e-15
129083820 8.881784197001252e-15
129457976 8.881784197001252e-15
129832132 8.881784197001252e-15
130206288 8.881784197001252e-15
130580444 7.105427357601002e-15
130954600 8.881784197001252e-15
131328756 8.881784197001252e-15
131702912 1.0658141036401503e-14
132077068 8.881784197001252e-15
132451224 8.881784197001252e-15
132825380 8.881784197001252e-15
133199536 8.881784197001252e-15
133573692 8.881784197001252e-15
133947848 8.881784197001252e-15
134322004 7.105427357601002e-15
134696160 8.881784197001252e-15
135070316 7.105427357601002e-15
135444472 8.881784197001252e-15
135818628 8.881784197001252e-15
136192784 8.881784197001252e-15
136566940 8.881784197001252e-15
136941096 8.881784197001252e-15
137315252 8.881784197001252e-15
137689408 8.881784197001252e-15
138063564 8.881784197001252e-15
138437720 8.881784197001252e-15
138811876 1.0658141036401503e-14
139186032 7.105427357601002e-15
139560188 7.105427357601002e-15
139934344 8.881784197001252e-15
140308500 8.881784197001252e-15
140682656 8.881784197001252e-15
141056812 8.881784197001252e-15
141430968 1.2434497875801753e-14
141805124 8.881784197001252e-15
142179280 7.105427357601002e-15
142553436 1.0658141036401503e-14
142927592 1.0658141036401503e-14
143301748 8.881784197001252e-15
143675904 8.881784197001252e-15
144050060 8.881784197001252e-15
144424216 7.105427357601002e-15
144798372 8.881784197001252e-15
145172528 8.881784197001252e-15
145546684 7.105427357601002e-15
145920840 8.881784197001252e-15
146294996 7.105427357601002e-15
146669152 8.881784197001252e-15
147043308 8.881784197001252e-15
147417464 8.881784197001252e-15
147791620 8.881784197001252e-15
148165776 8.881784197001252e-15
148539932 8.881784197001252e-15
148914088 1.0658141036401503e-14
149288244 1.0658141036401503e-14
149662400 8.881784197001252e-15
150036556 1.0658141036401503e-14
150410712 8.881784197001252e-15
150784868 8.881784197001252e-15
151159024 8.881784197001252e-15
151533180 8.881784197001252e-15
151907336 8.881784197001252e-15
152281492 8.881784197001252e-15
152655648 8.881784197001252e-15
153029804 8.881784197001252e-15
153403960 1.0658141036401503e-14
153778116 7.105427357601002e-15
154152272 1.0658141036401503e-14
154526428 8.881784197001252e-15
154900584 8.881784197001252e-15
155274740 7.105427357601002e-15
155648896 8.881784197001252e-15
156023052 8.881784197001252e-15
156397208 8.881784197001252e-15
156771364 8.881784197001252e-15
157145520 8.881784197001252e-15
157519676 7.993605777301127e-15
157893832 8.881784197001252e-15
158267988 8.881784197001252e-15
158642144 8.881784197001252e-15
159016300 8.881784197001252e-15
159390456 1.0658141036401503e-14
159764612 8.881784197001252e-15
160138768 8.881784197001252e-15
160512924 7.993605777301127e-15
160887080 8.881784197001252e-15
161261236 8.881784197001252e-15
161635392 8.881784197001252e-15
162009548 1.0658141036401503e-14
162383704 8.881784197001252e-15
162757860 1.0658141036401503e-14
163132016 1.0658141036401503e-14
