0 21.13344681157158
75340 2.4473042765700317
150680 0.789614046047312
226020 0.268245547662195
301360 0.08934523519379489
376700 0.029923860352012
452040 0.010032746882199461
527380 0.0033741600876062705
602720 0.001138839564017502
678060 0.00038606764405635374
753400 0.00013157073665759356
828740 4.511929834905004e-05
904080 1.558315454452952e-05
979420 5.425327481489717e-06
1054760 1.9054244848604185e-06
1130100 6.755082342380092e-07
1205440 2.418379594359976e-07
1280780 8.74532286587737e-08
1356120 3.1943480749418995e-08
1431460 1.1782866238263523e-08
1506800 4.387340268863227e-09
1582140 1.6480985465250342e-09
1657480 6.251283934943785e-10
1732820 2.4746915627815724e-10
1808160 9.853273752469249e-11
1883500 3.923394942262348e-11
1958840 1.5623058402525203e-11
2034180 6.222133919209227e-12
2109520 2.4775737017534993e-12
2184860 9.85878045867139e-13
2260200 3.9168668308775523e-13
2335540 1.567634910770721e-13
2410880 6.261657858885883e-14
2486220 2.842170943040401e-14
2561560 1.4210854715202004e-14
2636900 1.0658141036401503e-14
2712240 8.881784197001252e-15
2787580 8.881784197001252e-15
2862920 8.881784197001252e-15
2938260 7.105427357601002e-15
3013600 8.881784197001252e-15
3088940 8.881784197001252e-15
3164280 7.105427357601002e-15
3239620 7.105427357601002e-15
3314960 8.881784197001252e-15
3390300 7.105427357601002e-15
3465640 7.993605777301127e-15
3540980 8.881784197001252e-15
3616320 7.105427357601002e-15
3691660 7.105427357601002e-15
3767000 8.881784197001252e-15
3842340 8.881784197001252e-15
3917680 7.105427357601002e-15
3993020 7.105427357601002e-15
4068360 7.105427357601002e-15
4143700 8.881784197001252e-15
4219040 7.105427357601002e-15
4294380 7.993605777301127e-15
4369720 7.105427357601002e-15
4445060 8.881784197001252e-15
4520400 1.0658141036401503e-14
4595740 7.105427357601002e-15
4671080 7.105427357601002e-15
4746420 8.881784197001252e-15
4821760 7.105427357601002e-15
4897100 8.881784197001252e-15
4972440 7.105427357601002e-15
5047780 7.105427357601002e-15
5123120 7.105427357601002e-15
5198460 1.0658141036401503e-14
5273800 8.881784197001252e-15
5349140 8.881784197001252e-15
5424480 7.105427357601002e-15
5499820 8.881784197001252e-15
5575160 7.105427357601002e-15
5650500 7.105427357601002e-15
5725840 7.105427357601002e-15
5801180 7.105427357601002e-15
5876520 7.105427357601002e-15
5951860 7.105427357601002e-15
6027200 7.105427357601002e-15
6102540 7.105427357601002e-15
6177880 7.105427357601002e-15
6253220 7.105427357601002e-15
6328560 7.105427357601002e-15
6403900 8.881784197001252e-15
6479240 8.881784197001252e-15
6554580 8.881784197001252e-15
6629920 7.105427357601002e-15
6705260 7.105427357601002e-15
6780600 8.881784197001252e-15
6855940 8.881784197001252e-15
6931280 7.105427357601002e-15
7006620 8.881784197001252e-15
7081960 8.881784197001252e-15
7157300 7.105427357601002e-15
7232640 8.881784197001252e-15
7307980 7.105427357601002e-15
7383320 7.105427357601002e-15
7458660 7.105427357601002e-15
7534000 7.105427357601002e-15
7609340 7.105427357601002e-15
7684680 8.881784197001252e-15
7760020 7.105427357601002e-15
7835360 7.105427357601002e-15
7910700 1.0658141036401503e-14
7986040 8.881784197001252e-15
8061380 7.105427357601002e-15
8136720 7.105427357601002e-15
8212060 7.993605777301127e-15
8287400 7.105427357601002e-15
8362740 8.881784197001252e-15
8438080 8.881784197001252e-15
8513420 7.105427357601002e-15
8588760 7.105427357601002e-15
8664100 7.105427357601002e-15
8739440 7.105427357601002e-15
8814780 8.881784197001252e-15
8890120 8.881784197001252e-15
8965460 7.105427357601002e-15
9040800 7.105427357601002e-15
9116140 8.881784197001252e-15
9191480 8.881784197001252e-15
9266820 7.105427357601002e-15
9342160 8.881784197001252e-15
9417500 8.881784197001252e-15
9492840 7.105427357601002e-15
9568180 8.881784197001252e-15
9643520 8.881784197001252e-15
9718860 8.881784197001252e-15
9794200 7.105427357601002e-15
9869540 7.105427357601002e-15
9944880 7.105427357601002e-15
10020220 5.329070518200751e-15
10095560 8.881784197001252e-15
10170900 8.881784197001252e-15
10246240 8.881784197001252e-15
10321580 8.881784197001252e-15
10396920 8.881784197001252e-15
10472260 7.105427357601002e-15
10547600 7.105427357601002e-15
10622940 8.881784197001252e-15
10698280 1.0658141036401503e-14
10773620 7.105427357601002e-15
10848960 7.105427357601002e-15
10924300 7.105427357601002e-15
10999640 7.105427357601002e-15
11074980 7.105427357601002e-15
11150320 8.881784197001252e-15
11225660 7.105427357601002e-15
11301000 8.881784197001252e-15
11376340 8.881784197001252e-15
11451680 7.993605777301127e-15
11527020 8.881784197001252e-15
11602360 7.105427357601002e-15
11677700 7.105427357601002e-15
11753040 7.105427357601002e-15
11828380 7.105427357601002e-15
11903720 7.105427357601002e-15
11979060 7.105427357601002e-15
12054400 7.105427357601002e-15
12129740 8.881784197001252e-15
12205080 7.105427357601002e-15
12280420 7.105427357601002e-15
12355760 8.881784197001252e-15
12431100 1.0658141036401503e-14
12506440 8.881784197001252e-15
12581780 7.105427357601002e-15
12657120 7.105427357601002e-15
12732460 7.105427357601002e-15
12807800 8.881784197001252e-15
12883140 7.105427357601002e-15
12958480 8.881784197001252e-15
13033820 7.105427357601002e-15
13109160 8.881784197001252e-15
13184500 7.105427357601002e-15
13259840 7.105427357601002e-15
13335180 7.105427357601002e-15
13410520 8.881784197001252e-15
13485860 7.105427357601002e-15
13561200 8.881784197001252e-15
13636540 8.881784197001252e-15
13711880 7.105427357601002e-15
13787220 8.881784197001252e-15
13862560 8.881784197001252e-15
13937900 7.105427357601002e-15
14013240 8.881784197001252e-15
14088580 7.105427357601002e-15
14163920 7.105427357601002e-15
14239260 7.105427357601002e-15
14314600 7.105427357601002e-15
14389940 7.105427357601002e-15
14465280 8.881784197001252e-15
14540620 7.105427357601002e-15
14615960 7.105427357601002e-15
14691300 7.105427357601002e-15
14766640 7.105427357601002e-15
14841980 7.105427357601002e-15
14917320 8.881784197001252e-15
14992660 7.105427357601002e-15
15068000 7.105427357601002e-15
15143340 7.105427357601002e-15
15218680 7.105427357601002e-15
15294020 8.881784197001252e-15
15369360 7.105427357601002e-15
15444700 7.105427357601002e-15
15520040 7.105427357601002e-15
15595380 7.105427357601002e-15
15670720 7.105427357601002e-15
15746060 7.105427357601002e-15
15821400 7.105427357601002e-15
15896740 7.105427357601002e-15
15972080 7.105427357601002e-15
16047420 7.105427357601002e-15
16122760 7.105427357601002e-15
16198100 8.881784197001252e-15
16273440 8.881784197001252e-15
16348780 7.105427357601002e-15
