0 21.16977094106299
374156 3.0756972464699572
748312 1.5299338906180786
1122468 0.8540367581113752
1496624 0.4795910111992434
1870780 0.2695180469324896
2244936 0.15147700159235455
2619092 0.0852116221472432
2993248 0.047982655554625
3367404 0.027052184972562898
3741560 0.015272385488934503
4115716 0.008635095653126257
4489872 0.00489050826977433
4864028 0.002774876703712792
5238184 0.0015776703075776055
5612340 0.0008989876558427312
5986496 0.0005134990388082628
6360652 0.0002940743656534295
6734808 0.00016888387964897333
7108964 9.727730943609458e-05
7483120 5.6208447698935515e-05
7857276 3.2585660230566305e-05
8231432 1.8956006300641093e-05
8605588 1.1066589639341373e-05
8979744 6.484374754478495e-06
9353900 3.8136320004156232e-06
9728056 2.2513469950524723e-06
10102212 1.3340828566299479e-06
10476368 7.935069294973118e-07
10850524 4.737229950535493e-07
11224680 2.83837954029309e-07
11598836 1.7066496482698312e-07
11972992 1.0296563424105898e-07
12347148 6.232356319912924e-08
12721304 3.784044011467813e-08
13095460 2.3042550978402687e-08
13469616 1.4075229870513795e-08
13843772 8.620517633062263e-09
14217928 5.292179139360087e-09
14592084 3.2559714924218497e-09
14966240 2.0072370432444586e-09
15340396 1.2396839110806468e-09
15714552 7.669314072700217e-10
16088708 4.751772308964064e-10
16462864 2.9482549734893837e-10
16837020 1.8315837735372043e-10
17211176 1.1390532961286226e-10
17585332 7.0912165028858e-11
17959488 4.419042909376003e-11
18333644 2.7556623649616085e-11
18707800 1.7195134205394424e-11
19081956 1.0739853451013914e-11
19456112 6.7128524960935465e-12
19830268 4.195754854663392e-12
20204424 2.62545540863357e-12
20578580 1.644906433284632e-12
20952736 1.028510610012745e-12
21326892 6.483702463810914e-13
21701048 4.0678571622265736e-13
22075204 2.5579538487363607e-13
22449360 1.616484723854228e-13
22823516 1.0480505352461478e-13
23197672 6.750155989720952e-14
23571828 4.618527782440651e-14
23945984 3.197442310920451e-14
24320140 2.4868995751603507e-14
24694296 1.7763568394002505e-14
25068452 1.4210854715202004e-14
25442608 1.2434497875801753e-14
25816764 1.0658141036401503e-14
26190920 8.881784197001252e-15
26565076 8.881784197001252e-15
26939232 7.105427357601002e-15
27313388 8.881784197001252e-15
27687544 8.881784197001252e-15
28061700 8.881784197001252e-15
28435856 1.2434497875801753e-14
28810012 7.105427357601002e-15
29184168 1.0658141036401503e-14
29558324 8.881784197001252e-15
29932480 7.105427357601002e-15
30306636 8.881784197001252e-15
30680792 8.881784197001252e-15
31054948 8.881784197001252e-15
31429104 8.881784197001252e-15
31803260 8.881784197001252e-15
32177416 8.881784197001252e-15
32551572 8.881784197001252e-15
32925728 7.105427357601002e-15
33299884 7.105427357601002e-15
33674040 8.881784197001252e-15
34048196 8.881784197001252e-15
34422352 7.105427357601002e-15
34796508 1.0658141036401503e-14
35170664 8.881784197001252e-15
35544820 8.881784197001252e-15
35918976 8.881784197001252e-15
36293132 8.881784197001252e-15
36667288 8.881784197001252e-15
37041444 8.881784197001252e-15
37415600 8.881784197001252e-15
37789756 8.881784197001252e-15
38163912 8.881784197001252e-15
38538068 8.881784197001252e-15
38912224 8.881784197001252e-15
39286380 8.881784197001252e-15
39660536 1.2434497875801753e-14
40034692 8.881784197001252e-15
40408848 8.881784197001252e-15
40783004 8.881784197001252e-15
41157160 8.881784197001252e-15
41531316 8.881784197001252e-15
41905472 8.881784197001252e-15
42279628 7.105427357601002e-15
42653784 8.881784197001252e-15
43027940 8.881784197001252e-15
43402096 7.993605777301127e-15
43776252 8.881784197001252e-15
44150408 8.881784197001252e-15
44524564 8.881784197001252e-15
44898720 8.881784197001252e-15
45272876 7.105427357601002e-15
45647032 8.881784197001252e-15
46021188 8.881784197001252e-15
46395344 7.105427357601002e-15
46769500 8.881784197001252e-15
47143656 8.881784197001252e-15
47517812 8.881784197001252e-15
47891968 8.881784197001252e-15
48266124 8.881784197001252e-15
48640280 8.881784197001252e-15
49014436 8.881784197001252e-15
49388592 7.105427357601002e-15
49762748 8.881784197001252e-15
50136904 7.993605777301127e-15
50511060 8.881784197001252e-15
50885216 8.881784197001252e-15
51259372 8.881784197001252e-15
51633528 8.881784197001252e-15
52007684 8.881784197001252e-15
52381840 8.881784197001252e-15
52755996 8.881784197001252e-15
53130152 8.881784197001252e-15
53504308 7.105427357601002e-15
53878464 8.881784197001252e-15
54252620 7.105427357601002e-15
54626776 7.105427357601002e-15
55000932 8.881784197001252e-15
55375088 8.881784197001252e-15
55749244 7.105427357601002e-15
56123400 1.0658141036401503e-14
56497556 8.881784197001252e-15
56871712 8.881784197001252e-15
57245868 8.881784197001252e-15
57620024 8.881784197001252e-15
57994180 8.881784197001252e-15
58368336 8.881784197001252e-15
58742492 8.881784197001252e-15
59116648 1.0658141036401503e-14
59490804 8.881784197001252e-15
59864960 8.881784197001252e-15
60239116 7.105427357601002e-15
60613272 8.881784197001252e-15
60987428 1.0658141036401503e-14
61361584 8.881784197001252e-15
61735740 8.881784197001252e-15
62109896 8.881784197001252e-15
62484052 8.881784197001252e-15
62858208 8.881784197001252e-15
63232364 8.881784197001252e-15
63606520 1.0658141036401503e-14
63980676 1.0658141036401503e-14
64354832 8.881784197001252e-15
64728988 1.0658141036401503e-14
65103144 1.0658141036401503e-14
65477300 8.881784197001252e-15
65851456 8.881784197001252e-15
66225612 8.881784197001252e-15
66599768 8.881784197001252e-15
66973924 1.0658141036401503e-14
67348080 8.881784197001252e-15
67722236 8.881784197001252e-15
68096392 7.105427357601002e-15
68470548 8.881784197001252e-15
68844704 8.881784197001252e-15
69218860 8.881784197001252e-15
69593016 7.105427357601002e-15
69967172 8.881784197001252e-15
70341328 7.105427357601002e-15
70715484 8.881784197001252e-15
71089640 8.881784197001252e-15
71463796 8.881784197001252e-15
71837952 8.881784197001252e-15
72212108 8.881784197001252e-15
72586264 8.881784197001252e-15
72960420 7.105427357601002e-15
73334576 8.881784197001252e-15
73708732 8.881784197001252e-15
74082888 8.881784197001252e-15
74457044 8.881784197001252e-15
74831200 8.881784197001252e-15
75205356 7.105427357601002e-15
75579512 8.881784197001252e-15
75953668 8.881784197001252e-15
76327824 8.881784197001252e-15
76701980 8.881784197001252e-15
77076136 8.881784197001252e-15
77450292 1.2434497875801753e-14
77824448 8.881784197001252e-15
78198604 8.881784197001252e-15
78572760 8.881784197001252e-15
78946916 8.881784197001252e-15
79321072 8.881784197001252e-15
79695228 8.881784197001252e-15
80069384 8.881784197001252e-15
80443540 8.881784197001252e-15
80817696 8.881784197001252e-15
81191852 8.881784197001252e-15
81566008 1.0658141036401503e-14
81940164 8.881784197001252e-15
82314320 8.881784197001252e-15
82688476 8.881784197001252e-15
83062632 8.881784197001252e-15
83436788 8.881784197001252e-15
83810944 8.881784197001252e-15
84185100 8.881784197001252e-15
84559256 8.881784197001252e-15
84933412 1.0658141036401503e-14
85307568 8.881784197001252e-15
85681724 1.0658141036401503e-14
86055880 8.881784197001252e-15
86430036 8.881784197001252e-15
86804192 8.881784197001252e-15
87178348 8.881784197001252e-15
87552504 8.881784197001252e-15
87926660 8.881784197001252e-15
88300816 1.0658141036401503e-14
88674972 7.105427357601002e-15
89049128 8.881784197001252e-15
89423284 8.881784197001252e-15
89797440 8.881784197001252e-15
90171596 8.881784197001252e-15
90545752 8.881784197001252e-15
90919908 1.0658141036401503e-14
91294064 7.993605777301127e-15
91668220 8.881784197001252e-15
92042376 8.881784197001252e-15
92416532 8.881784197001252e-15
92790688 8.881784197001252e-15
93164844 8.881784197001252e-15
93539000 1.0658141036401503e-14
93913156 8.881784197001252e-15
94287312 8.881784197001252e-15
94661468 8.881784197001252e-15
95035624 1.0658141036401503e-14
95409780 7.993605777301127e-15
95783936 1.0658141036401503e-14
96158092 1.0658141036401503e-14
96532248 8.881784197001252e-15
96906404 8.881784197001252e-15
97280560 8.881784197001252e-15
97654716 1.0658141036401503e-14
98028872 8.881784197001252e-15
98403028 8.881784197001252e-15
98777184 8.881784197001252e-15
99151340 8.881784197001252e-15
99525496 7.105427357601002e-15
99899652 8.881784197001252e-15
100273808 1.0658141036401503e-14
100647964 8.881784197001252e-15
101022120 8.881784197001252e-15
101396276 8.881784197001252e-15
101770432 8.881784197001252e-15
102144588 1.0658141036401503e-14
102518744 1.0658141036401503e-14
102892900 8.881784197001252e-15
103267056 8.881784197001252e-15
103641212 8.881784197001252e-15
104015368 8.881784197001252e-15
104389524 8.881784197001252e-15
104763680 8.881784197001252e-15
105137836 8.881784197001252e-15
105511992 8.881784197001252e-15
105886148 1.0658141036401503e-14
106260304 8.881784197001252e-15
106634460 8.881784197001252e-15
107008616 8.881784197001252e-15
107382772 8.881784197001252e-15
107756928 8.881784197001252e-15
108131084 8.881784197001252e-15
108505240 8.881784197001252e-15
108879396 7.105427357601002e-15
109253552 8.881784197001252e-15
109627708 8.881784197001252e-15
110001864 8.881784197001252e-15
110376020 8.881784197001252e-15
110750176 7.105427357601002e-15
111124332 8.881784197001252e-15
111498488 1.0658141036401503e-14
111872644 1.0658141036401503e-14
112246800 8.881784197001252e-15
112620956 8.881784197001252e-15
112995112 8.881784197001252e-15
113369268 8.881784197001252e-15
113743424 8.881784197001252e-15
114117580 1.0658141036401503e-14
114491736 8.881784197001252e-15
114865892 1.0658141036401503e-14
115240048 1.0658141036401503e-14
115614204 7.105427357601002e-15
115988360 1.0658141036401503e-14
116362516 8.881784197001252e-15
116736672 8.881784197001252e-15
117110828 8.881784197001252e-15
117484984 8.881784197001252e-15
117859140 1.0658141036401503e-14
118233296 8.881784197001252e-15
118607452 8.881784197001252e-15
118981608 8.881784197001252e-15
119355764 8.881784197001252e-15
119729920 1.0658141036401503e-14
120104076 1.0658141036401503e-14
120478232 8.881784197001252e-15
120852388 1.0658141036401503e-14
121226544 8.881784197001252e-15
121600700 8.881784197001252e-15
121974856 7.105427357601002e-15
122349012 8.881784197001252e-15
122723168 8.881784197001252e-15
123097324 8.881784197001252e-15
123471480 7.105427357601002e-15
123845636 1.0658141036401503e-14
124219792 1.0658141036401503e-14
124593948 7.105427357601002e-15
124968104 7.105427357601002e-15
125342260 7.105427357601002e-15
125716416 1.0658141036401503e-14
126090572 8.881784197001252e-15
126464728 8.881784197001252e-15
126838884 8.881784197001252e-15
127213040 8.881784197001252e-15
127587196 1.0658141036401503e-14
127961352 8.881784197001252e-15
128335508 8.881784197001252e-15
128709664 8.881784197001252e-15
129083820 8.881784197001252e-15
129457976 8.881784197001252e-15
129832132 7.105427357601002e-15
130206288 1.0658141036401503e-14
130580444 1.0658141036401503e-14
130954600 8.881784197001252e-15
131328756 8.881784197001252e-15
131702912 1.0658141036401503e-14
132077068 8.881784197001252e-15
132451224 8.881784197001252e-15
132825380 8.881784197001252e-15
133199536 8.881784197001252e-15
133573692 8.881784197001252e-15
133947848 8.881784197001252e-15
134322004 8.881784197001252e-15
134696160 8.881784197001252e-15
135070316 8.881784197001252e-15
135444472 8.881784197001252e-15
135818628 8.881784197001252e-15
136192784 8.881784197001252e-15
136566940 8.881784197001252e-15
136941096 8.881784197001252e-15
137315252 8.881784197001252e-15
137689408 8.881784197001252e-15
138063564 1.0658141036401503e-14
138437720 8.881784197001252e-15
138811876 8.881784197001252e-15
139186032 8.881784197001252e-15
139560188 8.881784197001252e-15
139934344 8.881784197001252e-15
140308500 1.0658141036401503e-14
140682656 9.769962616701378e-15
141056812 8.881784197001252e-15
141430968 8.881784197001252e-15
141805124 8.881784197001252e-15
142179280 8.881784197001252e-15
142553436 8.881784197001252e-15
142927592 1.0658141036401503e-14
143301748 8.881784197001252e-15
143675904 8.881784197001252e-15
144050060 8.881784197001252e-15
144424216 8.881784197001252e-15
144798372 8.881784197001252e-15
145172528 8.881784197001252e-15
145546684 1.0658141036401503e-14
145920840 7.105427357601002e-15
146294996 8.881784197001252e-15
146669152 8.881784197001252e-15
147043308 8.881784197001252e-15
147417464 8.881784197001252e-15
147791620 8.881784197001252e-15
148165776 1.0658141036401503e-14
148539932 8.881784197001252e-15
148914088 8.881784197001252e-15
149288244 7.105427357601002e-15
149662400 8.881784197001252e-15
150036556 7.105427357601002e-15
150410712 7.105427357601002e-15
150784868 8.881784197001252e-15
151159024 8.881784197001252e-15
151533180 1.0658141036401503e-14
151907336 1.0658141036401503e-14
152281492 8.881784197001252e-15
152655648 8.881784197001252e-15
153029804 8.881784197001252e-15
153403960 8.881784197001252e-15
153778116 8.881784197001252e-15
154152272 1.0658141036401503e-14
154526428 8.881784197001252e-15
154900584 8.881784197001252e-15
155274740 8.881784197001252e-15
155648896 8.881784197001252e-15
156023052 1.0658141036401503e-14
156397208 8.881784197001252e-15
156771364 8.881784197001252e-15
157145520 1.0658141036401503e-14
157519676 1.0658141036401503e-14
157893832 8.881784197001252e-15
158267988 7.105427357601002e-15
158642144 8.881784197001252e-15
159016300 7.105427357601002e-15
159390456 8.881784197001252e-15
159764612 7.105427357601002e-15
160138768 8.881784197001252e-15
160512924 8.881784197001252e-15
160887080 8.881784197001252e-15
161261236 1.0658141036401503e-14
161635392 7.105427357601002e-15
162009548 8.881784197001252e-15
162383704 8.881784197001252e-15
162757860 8.881784197001252e-15
163132016 8.881784197001252e-15
