0 21.223298914889206
75340 2.3613227614827927
150680 0.7861280518416098
226020 0.26759191692563356
301360 0.08897085063555643
376700 0.02975997484271531
452040 0.009983710300824455
527380 0.003355936875697907
602720 0.001132494086322211
678060 0.00038372639418327026
753400 0.00013072435766758872
828740 4.4804741209603094e-05
904080 1.5466966670985016e-05
979420 5.3817237954945085e-06
1054760 1.8890453645781236e-06
1130100 6.692924223727914e-07
1205440 2.394702711683294e-07
1280780 8.654488858894638e-08
1356120 3.1593508253990876e-08
1431460 1.1647330211417284e-08
1506800 4.3346410905087396e-09
1582140 1.627531887038458e-09
1657480 6.169074140416342e-10
1732820 2.4334712023232896e-10
1808160 9.691492053320871e-11
1883500 3.859934594174774e-11
1958840 1.5371259820540217e-11
2034180 6.122657936202813e-12
2109520 2.438937940496544e-12
2184860 9.707790127322369e-13
2260200 3.872457909892546e-13
2335540 1.545430450278218e-13
2410880 6.306066779870889e-14
2486220 2.4868995751603507e-14
2561560 1.4210854715202004e-14
2636900 1.0658141036401503e-14
2712240 8.881784197001252e-15
2787580 7.105427357601002e-15
2862920 7.105427357601002e-15
2938260 8.881784197001252e-15
3013600 7.105427357601002e-15
3088940 7.105427357601002e-15
3164280 7.105427357601002e-15
3239620 8.881784197001252e-15
3314960 7.105427357601002e-15
3390300 8.881784197001252e-15
3465640 7.105427357601002e-15
3540980 8.881784197001252e-15
3616320 7.105427357601002e-15
3691660 8.881784197001252e-15
3767000 7.105427357601002e-15
3842340 5.329070518200751e-15
3917680 7.105427357601002e-15
3993020 8.881784197001252e-15
4068360 1.0658141036401503e-14
4143700 7.105427357601002e-15
4219040 7.105427357601002e-15
4294380 8.881784197001252e-15
4369720 7.105427357601002e-15
4445060 8.881784197001252e-15
4520400 8.881784197001252e-15
4595740 7.105427357601002e-15
4671080 7.105427357601002e-15
4746420 8.881784197001252e-15
4821760 8.881784197001252e-15
4897100 7.105427357601002e-15
4972440 8.881784197001252e-15
5047780 8.881784197001252e-15
5123120 8.881784197001252e-15
5198460 7.105427357601002e-15
5273800 8.881784197001252e-15
5349140 8.881784197001252e-15
5424480 7.105427357601002e-15
5499820 8.881784197001252e-15
5575160 8.881784197001252e-15
5650500 7.105427357601002e-15
5725840 8.881784197001252e-15
5801180 8.881784197001252e-15
5876520 8.881784197001252e-15
5951860 7.993605777301127e-15
6027200 7.105427357601002e-15
6102540 8.881784197001252e-15
6177880 7.105427357601002e-15
6253220 7.105427357601002e-15
6328560 8.881784197001252e-15
6403900 7.105427357601002e-15
6479240 7.105427357601002e-15
6554580 8.881784197001252e-15
6629920 7.105427357601002e-15
6705260 1.0658141036401503e-14
6780600 8.881784197001252e-15
6855940 7.105427357601002e-15
6931280 7.105427357601002e-15
7006620 5.329070518200751e-15
7081960 7.105427357601002e-15
7157300 8.881784197001252e-15
7232640 7.105427357601002e-15
7307980 7.105427357601002e-15
7383320 7.105427357601002e-15
7458660 7.105427357601002e-15
7534000 7.105427357601002e-15
7609340 8.881784197001252e-15
7684680 7.105427357601002e-15
7760020 7.105427357601002e-15
7835360 7.105427357601002e-15
7910700 7.105427357601002e-15
7986040 7.105427357601002e-15
8061380 7.993605777301127e-15
8136720 8.881784197001252e-15
8212060 7.105427357601002e-15
8287400 8.881784197001252e-15
8362740 7.105427357601002e-15
8438080 7.105427357601002e-15
8513420 7.105427357601002e-15
8588760 8.881784197001252e-15
8664100 7.105427357601002e-15
8739440 7.105427357601002e-15
8814780 8.881784197001252e-15
8890120 7.105427357601002e-15
8965460 7.105427357601002e-15
9040800 7.105427357601002e-15
9116140 7.105427357601002e-15
9191480 7.105427357601002e-15
9266820 7.105427357601002e-15
9342160 7.105427357601002e-15
9417500 8.881784197001252e-15
9492840 7.105427357601002e-15
9568180 8.881784197001252e-15
9643520 8.881784197001252e-15
9718860 7.105427357601002e-15
9794200 8.881784197001252e-15
9869540 8.881784197001252e-15
9944880 7.105427357601002e-15
10020220 7.105427357601002e-15
10095560 7.105427357601002e-15
10170900 7.105427357601002e-15
10246240 6.217248937900877e-15
10321580 7.105427357601002e-15
10396920 7.105427357601002e-15
10472260 7.105427357601002e-15
10547600 1.0658141036401503e-14
10622940 8.881784197001252e-15
10698280 7.105427357601002e-15
10773620 7.105427357601002e-15
10848960 8.881784197001252e-15
10924300 8.881784197001252e-15
10999640 7.993605777301127e-15
11074980 8.881784197001252e-15
11150320 8.881784197001252e-15
11225660 7.105427357601002e-15
11301000 7.105427357601002e-15
11376340 7.105427357601002e-15
11451680 8.881784197001252e-15
11527020 8.881784197001252e-15
11602360 7.105427357601002e-15
11677700 7.105427357601002e-15
11753040 7.105427357601002e-15
11828380 7.105427357601002e-15
11903720 7.105427357601002e-15
11979060 8.881784197001252e-15
12054400 8.881784197001252e-15
12129740 7.993605777301127e-15
12205080 7.105427357601002e-15
12280420 8.881784197001252e-15
12355760 8.881784197001252e-15
12431100 8.881784197001252e-15
12506440 7.105427357601002e-15
12581780 7.105427357601002e-15
12657120 7.105427357601002e-15
12732460 7.105427357601002e-15
12807800 8.881784197001252e-15
12883140 7.105427357601002e-15
12958480 7.105427357601002e-15
13033820 7.105427357601002e-15
13109160 7.105427357601002e-15
13184500 7.105427357601002e-15
13259840 5.329070518200751e-15
13335180 7.105427357601002e-15
13410520 8.881784197001252e-15
13485860 5.329070518200751e-15
13561200 8.881784197001252e-15
13636540 7.105427357601002e-15
13711880 8.881784197001252e-15
13787220 8.881784197001252e-15
13862560 7.105427357601002e-15
13937900 7.105427357601002e-15
14013240 8.881784197001252e-15
14088580 7.105427357601002e-15
14163920 7.105427357601002e-15
14239260 8.881784197001252e-15
14314600 7.105427357601002e-15
14389940 7.105427357601002e-15
14465280 8.881784197001252e-15
14540620 1.0658141036401503e-14
14615960 7.105427357601002e-15
14691300 7.105427357601002e-15
14766640 8.881784197001252e-15
14841980 7.105427357601002e-15
14917320 7.105427357601002e-15
14992660 7.105427357601002e-15
15068000 8.881784197001252e-15
15143340 8.881784197001252e-15
15218680 7.105427357601002e-15
15294020 7.105427357601002e-15
15369360 7.105427357601002e-15
15444700 7.993605777301127e-15
15520040 7.105427357601002e-15
15595380 7.105427357601002e-15
15670720 8.881784197001252e-15
15746060 8.881784197001252e-15
15821400 7.105427357601002e-15
15896740 7.105427357601002e-15
15972080 8.881784197001252e-15
16047420 7.105427357601002e-15
16122760 7.105427357601002e-15
16198100 8.881784197001252e-15
16273440 7.105427357601002e-15
16348780 7.105427357601002e-15
