0 12.870599940370687
4992 5.478388651733994
9984 2.9295523187109875
14976 1.9708117345579037
19968 1.368128741545041
24960 1.1441003201691888
29952 0.9672563660555764
34944 0.8217023670006078
39936 0.7021229991543216
44928 0.6042436378067366
49920 0.5460210490496107
54912 0.4929812133681466
59904 0.44357613226853454
64896 0.3981085607984953
69888 0.3569754286247475
74880 0.32238196006631803
79872 0.29112082434303677
84864 0.26607034797688156
89856 0.24385768821273723
94848 0.22317509066861962
99840 0.20405778518338025
104832 0.18648418877368922
109824 0.1703954332380193
114816 0.15635296941842025
119808 0.14372863641621825
124800 0.13213788478387745
129792 0.1215114127946717
134784 0.11177940903371786
139776 0.10287336677213954
144768 0.09506186382673532
149760 0.08804318421008794
154752 0.0815640584656605
159744 0.07558918214654753
164736 0.0700835170221894
169728 0.06501296365270193
174720 0.060344807449828064
179712 0.05604799725371068
184704 0.05209330150238456
189696 0.04850419432144415
194688 0.04526900913716547
199680 0.042276389777827994
204672 0.03964143346355997
209664 0.03721744845885433
214656 0.03496663054747673
219648 0.03287564191377612
224640 0.030932248087937042
229632 0.02912522039321086
234624 0.02750937710494128
239616 0.026053424834051375
244608 0.024690050049809065
249600 0.023413152696363793
254592 0.02221702590982466
259584 0.02109633294715163
264576 0.02004608495256177
269568 0.01906161969291087
274560 0.01813858132804469
279552 0.017272901238349014
284544 0.016460779902947476
289536 0.01569866980380863
294528 0.014983259320070053
299520 0.014311457570699737
304512 0.013696730213649533
309504 0.013153108628352617
314496 0.012639608665877267
319488 0.01215443862219584
324480 0.011695907296012165
329472 0.011262419690552472
334464 0.01085247268789552
339456 0.010464650737073866
344448 0.01009762158958799
349440 0.009750132109572873
354432 0.009421004180340031
359424 0.009115122186568778
364416 0.008849587672507427
369408 0.008596508855436405
374400 0.008355213552180881
379392 0.008125063834063154
384384 0.0079054548440406
389376 0.007695813560886215
394368 0.007495597529988116
399360 0.007304293577129889
404352 0.007123985111899267
409344 0.006969566693432294
414336 0.006821004815723064
419328 0.00667802205448359
424320 0.006540353222545703
429312 0.006409880870231727
434304 0.0063002858184496024
439296 0.0062004295911890495
444288 0.006103579762175737
449280 0.006009593961699533
454272 0.005918337140731811
459264 0.005840403826009644
464256 0.0057735655684807985
469248 0.0057079686131177865
474240 0.005643559793262531
479232 0.0055930976163166
484224 0.005546499396730631
489216 0.005504697588829932
494208 0.005469336953342563
499200 0.0054353334174667145
504192 0.005400823772723107
509184 0.005366894867707972
514176 0.005333166518718568
519168 0.005298930618525988
524160 0.005264228732386633
529152 0.005229100678459386
534144 0.00519388847995278
539136 0.0051599087070028915
544128 0.005125557725560059
549120 0.005090870017922133
554112 0.005055878499340305
559104 0.005020614570962589
564096 0.0049851081721785095
569088 0.004949387832234475
574080 0.0049134807210197695
579072 0.0048774126989281075
584064 0.004841208365720273
589056 0.004804891108323273
594048 0.004768483147515656
599040 0.004732005583454824
604032 0.004695478440018219
609024 0.004658920707930003
614016 0.004622350386661922
619008 0.004585784525095393
624000 0.004549239260939697
628992 0.004512729858912767
633984 0.004476270747685723
638976 0.004439875555603351
643968 0.004403557145191306
648960 0.004367327646470742
653952 0.004331198489094246
658944 0.00429518043332669
663936 0.004259283599893943
668928 0.004223517498721102
673920 0.004187891056590787
678912 0.004152412643741471
683904 0.004117090099438864
688896 0.004081930756544394
693888 0.004046941465112086
698880 0.004012128615038413
703872 0.003978395292856846
708864 0.003944857316291822
713856 0.003911486530720931
718848 0.003878288154612053
723840 0.003845267046176465
728832 0.003812427720463224
733824 0.0037797743657302374
738816 0.003747310859119335
743808 0.003715040781660933
748800 0.0036829674326335493
753792 0.003651093843302783
758784 0.003619422790063387
763776 0.003587956807007936
768768 0.0035566981979433254
773760 0.003525649047879331
778752 0.0034948112340074944
783744 0.0034641864361925345
788736 0.003433776146995915
793728 0.003403581681249157
798720 0.0033736041851984144
803712 0.0033438446452335735
808704 0.0033143038962239746
813696 0.003284982629473049
818688 0.0032558814003113
823680 0.0032270006353398717
828672 0.0031983406393418234
833664 0.003169901601874664
838656 0.0031416836035566553
843648 0.0031136866220617676
848640 0.0030859105378357454
853632 0.0030583551395429176
858624 0.0030310201292596817
863616 0.003003905127421491
868608 0.0029770096775381116
873600 0.002950333250683168
878592 0.002923875249772556
883584 0.0028976350136369344
888576 0.0028716118209005936
893568 0.0028458048936731983
898560 0.0028202134010638924
903552 0.0027948364625260125
908544 0.0027696731510389594
913536 0.0027447224961355543
918528 0.002719983486781319
923520 0.002695455074112618
928512 0.002671136174040245
933504 0.002647025669724662
938496 0.0026231224139277587
943488 0.0025994252312485644
948480 0.002575932920246604
953472 0.0025526442554591744
958464 0.002529557989316672
963456 0.0025066728539615
968448 0.002483987562973744
973440 0.00246164292030282
978432 0.002439645091221243
983424 0.002417834154172155
988416 0.0023962089744034853
993408 0.0023747684020275217
998400 0.0023535112733105434
1003392 0.002332436411898897
1008384 0.0023115426299837316
1013376 0.002290828729409139
1018368 0.0022702935027232446
1023360 0.002249935734177491
1028352 0.0022297542006764065
1033344 0.002209747672676815
1038336 0.002189914915044014
1043328 0.0021702546878621665
1048320 0.0021507657472040614
1053312 0.002131446845860724
1058304 0.0021122967340326537
1063296 0.0020933141599855654
1068288 0.0020744978706711686
1073280 0.00205584661231481
1078272 0.0020373591309723604
1083264 0.0020190341730561834
1088256 0.0020008704858336668
1093248 0.0019828668178973607
1098240 0.0019650219196101076
1103232 0.001947334543524859
1108224 0.0019298034447811918
1113216 0.0019124273814791481
1118208 0.0018952051150317312
1123200 0.0018781354104971115
1128192 0.0018612170368910164
1133184 0.0018444487674810495
1138176 0.001827829380063234
1143168 0.0018113576572211243
1148160 0.0017950323865701112
1153152 0.0017788523609853085
1158144 0.001762816378815396
1163136 0.0017469232440830151
1168128 0.00173117176667123
1173120 0.0017155607624978197
1178112 0.0017000890536781471
1183104 0.0016847554686754973
1188096 0.001669558842441951
1193088 0.0016544980165480172
1198080 0.0016395718393027309
1203072 0.0016247791658650507
1208064 0.0016101188583452358
1213056 0.0015955897858991042
1218048 0.001581190824813422
1223040 0.001566920858583884
1228032 0.0015527787779864854
1233024 0.0015387634811408063
1238016 0.0015248738735681722
1243008 0.0015111088682427803
1248000 0.0014974673856369969
1252992 0.0014839483537614911
1257984 0.0014705507081997776
1262976 0.0014572733921377895
1267968 0.001444115356388706
1272960 0.0014310755594135888
1277952 0.001418152967337022
1282944 0.0014053465539595328
1287936 0.0013926553007655579
1292928 0.0013800781969280362
1297920 0.0013676142393097557
1302912 0.001355262432461063
1307904 0.0013430217886147289
1312896 0.0013308913276778717
1317888 0.0013188700772211182
1322880 0.001306957072465309
1327872 0.001295151356265442
1332864 0.0012834519790928395
1337856 0.0012718579990142476
1342848 0.0012603684816702293
1347840 0.0012489825002502536
1352832 0.001237699135466716
1357824 0.0012265174755273084
1362816 0.0012154366161055141
1367808 0.0012044556603095918
1372800 0.0011935737186502815
1377792 0.001182789909007484
1382784 0.001172103356594692
1387776 0.0011615131939238243
1392768 0.0011510185607673806
1397760 0.0011406186041210131
1402752 0.001130312478163878
1407744 0.0011200993442192705
1412736 0.0011099783707135616
1417728 0.0010999487331351185
1422720 0.0010900096139919088
1427712 0.001080160202768965
1432704 0.0010703996958849327
1437696 0.001060727296648481
1442688 0.0010511422152136157
1447680 0.0010416436685353053
1452672 0.0010322308803241559
1457664 0.001022903081000913
1462656 0.0010136595076507063
1467648 0.0010044994039770105
1472640 0.0009954220202551614
1477632 0.0009864266132860802
1482624 0.0009775124463491658
1487616 0.000968678789155783
1492608 0.0009599249178021824
1497600 0.0009512501147221214
1502592 0.0009426536686402351
1507584 0.0009341348745241923
1512576 0.0009256930335380109
1517568 0.0009173274529943945
1522560 0.0009090374463078185
1527552 0.0009008223329470405
1532544 0.0008926814383881446
1537536 0.0008846140940674332
1542528 0.0008766196373342985
1547520 0.000868697411404433
1552512 0.0008608467653131308
1557504 0.0008530670538683949
1562496 0.0008453576376045296
1567488 0.0008377178827358861
1572480 0.0008301471611103853
1577472 0.0008226448501637701
1582464 0.0008152103328735033
1587456 0.000807842997713297
1592448 0.0008005422386074407
1597440 0.0007933074548857749
1602432 0.0007861380512384983
1607424 0.0007790334376713837
1612416 0.0007719930294611682
1617408 0.000765016247111186
1622400 0.0007581025163073685
1627392 0.0007512512678743075
1632384 0.000744461937731547
1637376 0.0007377339668503402
1642368 0.0007310668012104685
1647360 0.0007244598917575118
1652352 0.000717912694360244
1657344 0.0007114246697681598
1662336 0.000704995283569744
1667328 0.0006986240061504639
1672320 0.0006923103126514896
1677312 0.0006860536829282962
1682304 0.0006798536015100512
1687296 0.0006737095575586743
1692288 0.000667621044828641
1697280 0.0006615875616270764
1702272 0.0006556086107736558
1707264 0.0006496836995614069
1712256 0.0006438123397175186
1717248 0.0006379940473642265
1722240 0.0006322283429803927
1727232 0.0006265147513632371
1732224 0.000620852801590098
1737216 0.0006152420269808778
1742208 0.0006096819650606225
1747200 0.0006041721575222175
1752192 0.0005987121501896675
1757184 0.0005933014929814726
1762176 0.0005879397398743241
1767168 0.000582626448867217
1772160 0.0005773611819455959
1777152 0.0005721435050461132
1782144 0.0005669729880213512
1787136 0.0005618492046050166
1792128 0.0005567717323775277
1797120 0.0005517401527314579
1802112 0.0005467540508378443
1807104 0.0005418130156122636
1812096 0.0005369166396814833
1817088 0.0005320645193503427
1822080 0.0005272562545687795
1827072 0.0005224914488993239
1832064 0.0005177697094847639
1837056 0.0005130906470160006
1842048 0.0005084538757003688
1847040 0.0005038590132301277
1852032 0.0004993056807511449
1857024 0.0004947935028319257
1862016 0.0004903221074330361
1867008 0.00048589112587648503
1872000 0.0004815001928155857
1876992 0.0004771489462051491
1881984 0.0004728370272716678
1886976 0.00046856408048394707
1891968 0.0004643297535240169
1896960 0.000460133697258152
1901952 0.00045597556570824843
1906944 0.00045185501602347175
1911936 0.00044777170845198763
1916928 0.0004437253063131995
1921920 0.0004397154759699859
1926912 0.0004357418868013059
1931904 0.0004318042111750471
1936896 0.00042790212442109926
1941888 0.0004240353048045563
1946880 0.0004202034334993658
1951872 0.0004164061945620169
1956864 0.0004126432749056441
1961856 0.00040891436427411415
1966848 0.00040521915521654975
1971840 0.00040155734306211374
1976832 0.00039792862589470984
1981824 0.00039433270452833916
1986816 0.00039076928248225895
1991808 0.0003872380659566618
1996800 0.00038373876380850755
2001792 0.00038027108752737224
2006784 0.00037683475121184917
2011776 0.0003734294715458525
2016768 0.00037005496777529207
2021760 0.0003667109616849809
2026752 0.0003633971775756223
2031744 0.0003601133422410918
2036736 0.0003568591849459346
2041728 0.0003536344374030012
2046720 0.00035043883375132645
2051712 0.0003472721105342441
2056704 0.00034413400667752947
2061696 0.0003410242634680101
2066688 0.0003379426245321282
2071680 0.0003348888358147631
2076672 0.00033186264555838674
2081664 0.00032886380428215345
2086656 0.00032589206476135377
2091648 0.000322947182007087
2096640 0.00032002891324590943
2101632 0.00031713701789990584
2106624 0.0003142712575667887
2111616 0.0003114313960001919
2116608 0.0003086171990902102
2121600 0.0003058284348440819
2126592 0.0003030648733669816
2131584 0.00030032628684308407
2136576 0.00029761244951678756
2141568 0.0002949231376739789
2146560 0.00029225812962364525
2151552 0.0002896172056795626
2156544 0.00028700014814212263
2161536 0.00028440674128039217
2166528 0.0002818367713142561
2171520 0.00027929002639685667
2176512 0.0002767662965969895
2181504 0.0002742653738818674
2186496 0.0002717870520998651
2191488 0.00026933112696356926
2196480 0.000266897396032844
2201472 0.0002644856586981794
2206464 0.0002620957161640781
2211456 0.0002597273714326602
2216448 0.0002573804292874231
2221440 0.00025505469627705966
2226432 0.0002527499806995494
2231424 0.0002504660925863149
2236416 0.0002482028436864795
2241408 0.000245960047451442
2246400 0.00024373751901934915
2251392 0.00024153507519990812
2256384 0.00023935253445924246
2261376 0.000237189716904904
2266368 0.0002350464442710306
2271360 0.00023292253990358884
2276352 0.00023081782874586135
2281344 0.00022873213732389416
2286336 0.00022666529373230847
2291328 0.00022461712761995788
2296320 0.00022258747017599861
2301312 0.000220576154115866
2306304 0.00021858301366747997
2311296 0.00021660788455762046
2316288 0.00021465060399826832
2321280 0.00021271101067326
2326272 0.0002107889447249111
2331264 0.0002088842477408273
2336256 0.00020699676274085407
2341248 0.0002051263341641043
2346240 0.00020327280785612488
2351232 0.00020143603105614478
2356224 0.00019961585238450173
2361216 0.0001978121218301175
2366208 0.000196024690738145
2371200 0.0001942534117976881
2376192 0.00019249813902961523
2381184 0.00019075872777455857
2386176 0.000189035034680941
2391168 0.00018732691769315218
2396160 0.000185634236039834
2401152 0.00018395685022224925
2406144 0.00018229462200277692
2411136 0.00018064741439352376
2416128 0.00017901509164495663
2421120 0.0001773975192347916
2426112 0.00017579456385679627
2431104 0.0001742060934098559
2436096 0.00017263197698707058
2441088 0.0001710720848648959
2446080 0.0001695262884925195
2451072 0.00016799446048117173
2456064 0.0001664764745936756
2461056 0.00016497220573402464
2466048 0.0001634815299369971
2471040 0.00016200432435801992
2476032 0.00016054046726296164
2481024 0.00015908983801814214
2486016 0.00015765231708032325
2491008 0.00015622778598690067
2496000 0.00015481612734607499
2500992 0.00015341722482722746
2505984 0.00015203096315126972
2510976 0.00015065722808116702
2515968 0.00014929590641249782
2520960 0.00014794688596411407
2525952 0.00014661005556889338
2530944 0.0001452853050645849
2535936 0.00014397252528466215
2540928 0.00014267160804939082
2545920 0.00014138244615686645
2550912 0.00014010493337417076
2555904 0.00013883896442861473
2560896 0.00013758443499906417
2565888 0.0001363412417073129
2570880 0.00013510928210957486
2575872 0.00013388845468803416
2580864 0.00013267865884244914
2585856 0.00013147979488188372
2590848 0.00013029176401645887
2595840 0.00012911446834923575
2600832 0.00012794781086810075
2605824 0.00012679169543779786
2610816 0.00012564602679198972
2615808 0.00012451071052539588
2620800 0.0001233856530860021
2625792 0.00012227076176736084
2630784 0.00012116594470093674
2635776 0.00012007111084852678
2640768 0.00011898616999475673
2645760 0.00011791103273963658
2650752 0.0001168456104912105
2655744 0.00011578981545819472
2660736 0.00011474356064281304
2665728 0.00011370675983356573
2670720 0.00011267932759813533
2675712 0.00011166117927636447
2680704 0.0001106522309732294
2685696 0.00010965239955196965
2690688 0.00010866160262720109
2695680 0.00010767975855813152
2700672 0.00010670678644182988
2705664 0.00010574260610655625
2710656 0.0001047871381051552
2715648 0.00010384030370848545
2720640 0.0001029020248989555
2725632 0.00010197222436406517
2730624 0.00010105082549005402
2735616 0.00010013775235556514
2740608 9.923292972540028e-05
2745600 9.833628304430596e-05
2750592 9.744773843083001e-05
2755584 9.656722267123007e-05
2760576 9.569466321344023e-05
2765568 9.482998816108881e-05
2770560 9.397312626755784e-05
2775552 9.312400693013614e-05
2780544 9.22825601841655e-05
2785536 9.144871669729705e-05
2790528 9.062240776377094e-05
2795520 8.980356529873865e-05
2800512 8.89921218326685e-05
2805504 8.818801050577193e-05
2810496 8.739116506249322e-05
2815488 8.660151984604594e-05
2820480 8.581900979300235e-05
2825472 8.504357042793745e-05
2830464 8.427513785809557e-05
2835456 8.351364876814805e-05
2840448 8.275904041493438e-05
2845440 8.201125062234828e-05
2850432 8.127021777614742e-05
2855424 8.053588081892351e-05
2860416 7.980817924505001e-05
2865408 7.908705309568869e-05
2870400 7.837244295385865e-05
2875392 7.766428993953578e-05
2880384 7.696253570478769e-05
2885376 7.626712242898761e-05
2890368 7.557799281401704e-05
2895360 7.489509007957851e-05
2900352 7.421835795847452e-05
2905344 7.35477406920192e-05
2910336 7.288318302538493e-05
2915328 7.222463020309291e-05
2920320 7.157202796448728e-05
2925312 7.092532253924998e-05
2930304 7.028446064297981e-05
2935296 6.964938947280359e-05
2940288 6.902005670301461e-05
2945280 6.839641048076535e-05
2950272 6.777839942179089e-05
2955264 6.716597260617886e-05
2960256 6.655907957416182e-05
2965248 6.595767032197084e-05
2970240 6.536169529770559e-05
2975232 6.477110539725205e-05
2980224 6.418585196023849e-05
2985216 6.360588676601825e-05
2990208 6.303116202970331e-05
2995200 6.24616303982195e-05
3000192 6.189724494640734e-05
3005184 6.133795917315308e-05
3010176 6.078372699755332e-05
3015168 6.023450275512935e-05
3020160 5.969024119403853e-05
3025152 5.91508974713776e-05
3030144 5.861642714945605e-05
3035136 5.808678619215668e-05
3040128 5.756193096129094e-05
3045120 5.7041818213011096e-05
3050112 5.652640509424623e-05
3055104 5.601564913916427e-05
3060096 5.550950826567437e-05
3065088 5.500794077196742e-05
3070080 5.451090533306309e-05
3075072 5.401836099741628e-05
3080064 5.353026718354567e-05
3085056 5.3046583676671834e-05
3090048 5.2567270625419535e-05
3095040 5.209228853852825e-05
3100032 5.1621598281593496e-05
3105024 5.115516107384718e-05
3110016 5.069293848496137e-05
3115008 5.0234892431875056e-05
3120000 4.9780985175664275e-05
3124992 4.933117931842524e-05
3129984 4.888543780019608e-05
3134976 4.844372389590243e-05
3139968 4.800600121232816e-05
3144960 4.757223368511863e-05
3149952 4.714238557581305e-05
3154944 4.6716421468884564e-05
3159936 4.629430626884113e-05
3164928 4.587600519731765e-05
3169920 4.546148379022327e-05
3174912 4.505070789488554e-05
3179904 4.4643643667249735e-05
3184896 4.424025756908506e-05
3189888 4.384051636521953e-05
3194880 4.344438712080168e-05
3199872 4.305183719858531e-05
3204864 4.266283425625019e-05
3209856 4.227734624371584e-05
3214848 4.18953414005243e-05
3219840 4.151678825320372e-05
3224832 4.114165561268845e-05
3229824 4.076991257173949e-05
3234816 4.040152850240137e-05
3239808 4.003647305348161e-05
3244800 3.967471614804187e-05
3249792 3.9316227980926415e-05
3254784 3.896097901630313e-05
3259776 3.860893998522928e-05
3264768 3.826008188324284e-05
3269760 3.79143759679651e-05
3274752 3.7571793756743625e-05
3279744 3.7232307024289996e-05
3284736 3.6895887800374345e-05
3289728 3.656250836749824e-05
3294720 3.623214125862565e-05
3299712 3.590475925491568e-05
3304704 3.5580335383481303e-05
3309696 3.5258842915159364e-05
3314688 3.494025536231768e-05
3319680 3.4624546476667763e-05
3324672 3.431169024709904e-05
3329664 3.4001660897544674e-05
3334656 3.3694432884847454e-05
3339648 3.338998089666054e-05
3344640 3.308827984936213e-05
3349632 3.2789304885981994e-05
3354624 3.249303137416843e-05
3359616 3.219943490413387e-05
3364608 3.1908491286673215e-05
3369600 3.162017655114458e-05
3374592 3.133446694351212e-05
3379584 3.10513389243745e-05
3384576 3.0770769167039365e-05
3389568 3.049273455559172e-05
3394560 3.0217212182991364e-05
3399552 2.9944179349185524e-05
3404544 2.9673613559240333e-05
3409536 2.940549252148446e-05
3414528 2.913979414567334e-05
3419520 2.887649654117119e-05
3424512 2.8615578015143625e-05
3429504 2.8357017070773302e-05
3434496 2.8100792405483764e-05
3439488 2.7846882909192796e-05
3444480 2.7595267662564905e-05
3449472 2.734592593528853e-05
3454464 2.7098837184374265e-05
3459456 2.685398105245658e-05
3464448 2.66113373661172e-05
3469440 2.6370886134222593e-05
3474432 2.613260754627815e-05
3479424 2.5896481970796685e-05
3484416 2.566248995368014e-05
3489408 2.5430612216610854e-05
3494400 2.520082965547666e-05
3499392 2.497312333878121e-05
3504384 2.4747474506094016e-05
3509376 2.452386456650371e-05
3514368 2.4302275097080666e-05
3519360 2.408268784136582e-05
3524352 2.3865084707864288e-05
3529344 2.3649447768550472e-05
3534336 2.3435759257397007e-05
3539328 2.322400156890914e-05
3544320 2.301415725666821e-05
3549312 2.2806209031906366e-05
3554304 2.2600139762068245e-05
3559296 2.239593246941107e-05
3564288 2.219357032959843e-05
3569280 2.1993036670314454e-05
3574272 2.1794314969898363e-05
3579264 2.159738885596841e-05
3584256 2.140224210408657e-05
3589248 2.1208858636417383e-05
3594240 2.10172225203972e-05
3599232 2.0827317967430986e-05
3604224 2.063912933158627e-05
3609216 2.0452641108302744e-05
3614208 2.0267837933119186e-05
3619200 2.0084704580404077e-05
3624192 1.990322596210248e-05
3629184 1.9723387126491156e-05
3634176 1.9545173256951256e-05
3639168 1.9368569670741428e-05
3644160 1.919356181779154e-05
3649152 1.9020135279505064e-05
3654144 1.8848275767565162e-05
3659136 1.867796912276786e-05
3664128 1.8509201313843954e-05
3669120 1.834195843631041e-05
3674112 1.8176226711321764e-05
3679104 1.8011992484537548e-05
3684096 1.7849242224990836e-05
3689088 1.7687962523983323e-05
3694080 1.7528140093969356e-05
3699072 1.736976176747358e-05
3704064 1.7212814495991442e-05
3709056 1.7057285348929608e-05
3714048 1.690316151252793e-05
3719040 1.675043028881028e-05
3724032 1.6599079094538273e-05
3729024 1.644909546017002e-05
3734016 1.6300467028838145e-05
3739008 1.61531815553288e-05
3744000 1.6007226905071078e-05
3748992 1.5862591053143445e-05
3753984 1.5719262083275847e-05
3758976 1.5577228186871542e-05
3763968 1.5436477662034024e-05
3768960 1.5296998912601653e-05
3773952 1.5158780447195944e-05
3778944 1.5021810878268005e-05
3783936 1.4886078921166131e-05
3788928 1.475157339320566e-05
3793920 1.4618283212741983e-05
3798912 1.4486197398265455e-05
3803904 1.4355305067489791e-05
3808896 1.4225595436462269e-05
3813888 1.4097057818667088e-05
3818880 1.396968162415259e-05
3823872 1.3843456358652727e-05
3828864 1.3718371622727294e-05
3833856 1.3594417110902152e-05
3838848 1.3471582610818456e-05
3843840 1.334985800239912e-05
3848832 1.3229233257004008e-05
3853824 1.310969843661212e-05
3858816 1.299124369300009e-05
3863808 1.287385926692947e-05
3868800 1.2757535487342578e-05
3873792 1.2642262770572762e-05
3878784 1.252803161954036e-05
3883776 1.241483262298497e-05
3888768 1.230265645468223e-05
3893760 1.21914938726762e-05
3898752 1.20813357185215e-05
3903744 1.1972172916522314e-05
3908736 1.1863996472991122e-05
3913728 1.175679747550428e-05
3918720 1.1650567092167914e-05
3923712 1.1545296570891284e-05
3928704 1.1440977238666222e-05
3933696 1.1337600500849069e-05
3938688 1.1235157840456264e-05
3943680 1.1133640817462763e-05
3948672 1.1033041068102289e-05
3953664 1.0933350304185045e-05
3958656 1.0834560312406429e-05
3963648 1.0736662953680031e-05
3968640 1.0639650162457513e-05
3973632 1.05435139460718e-05
3978624 1.0448246384073875e-05
3983616 1.035383962758236e-05
3988608 1.0260285898634086e-05
3993600 1.0167577489546796e-05
3998592 1.007570676228543e-05
4003584 9.984666147825586e-06
4008576 9.894448145535964e-06
4013568 9.805045322560041e-06
4018560 9.71645031320155e-06
4023552 9.62865581831862e-06
4028544 9.541654604722162e-06
4033536 9.45543950457955e-06
4038528 9.370003414826446e-06
4043520 9.285339296577423e-06
4048512 9.201440174549502e-06
4053504 9.118299136486865e-06
4058496 9.035909332591333e-06
4063488 8.954263974953803e-06
4068480 8.873356337003261e-06
4073472 8.793179752946139e-06
4078464 8.71372761721852e-06
4083456 8.634993383941822e-06
4088448 8.55697056638768e-06
4093440 8.479652736434495e-06
4098432 8.403033524047884e-06
4103424 8.327106616748447e-06
4108416 8.251865759095517e-06
4113408 8.177304752171415e-06
4118400 8.103417453068017e-06
4123392 8.030197774384126e-06
4128384 7.957639683722989e-06
4133376 7.885737203193303e-06
4138368 7.814484408917956e-06
4143360 7.74387543054782e-06
4148352 7.67390445077608e-06
4153344 7.604565704858531e-06
4158336 7.535853480139293e-06
4163328 7.467762115581785e-06
4168320 7.400286001299646e-06
4173312 7.333419578095621e-06
4178304 7.267157337003923e-06
4183296 7.201493818835623e-06
4188288 7.136423613730391e-06
4193280 7.071941360708609e-06
4198272 7.008041747233462e-06
4203264 6.944719508765603e-06
4208256 6.881969428338742e-06
4213248 6.8197863361230365e-06
4218240 6.758165109003881e-06
4223232 6.697100670154349e-06
4228224 6.636587988624284e-06
4233216 6.57662207891762e-06
4238208 6.517198000587272e-06
4243200 6.458310857828395e-06
4248192 6.399955799068829e-06
4253184 6.3421280165773205e-06
4258176 6.284822746062098e-06
4263168 6.228035266282023e-06
4268160 6.171760898653132e-06
4273152 6.1159950068666725e-06
4278144 6.060732996504266e-06
4283136 6.00597031466505e-06
4288128 5.9517024495848525e-06
4293120 5.8979249302649616e-06
4298112 5.8446333261068565e-06
4303104 5.79182324654461e-06
4308096 5.7394903406858e-06
4313088 5.687630296948357e-06
4318080 5.63623884271069e-06
4323072 5.585311743956016e-06
4328064 5.534844804925307e-06
4333056 5.4848338677703965e-06
4338048 5.43527481221387e-06
4343040 5.386163555206073e-06
4348032 5.3374960505900965e-06
4353024 5.28926828877055e-06
4358016 5.241476296379574e-06
4363008 5.194116135953967e-06
4368000 5.147183905604338e-06
4372992 5.100675738701718e-06
4377984 5.054587803551434e-06
4382976 5.008916303082974e-06
4387968 4.9636574745333395e-06
4392960 4.918807589138761e-06
4397952 4.874362951828675e-06
4402944 4.830319900918844e-06
4407936 4.786674807811739e-06
4412928 4.743424076695938e-06
4417920 4.700564144249604e-06
4422912 4.658091479350403e-06
4427904 4.616002582779352e-06
4432896 4.574293986937686e-06
4437888 4.5329622555569365e-06
4442880 4.492003983417475e-06
4447872 4.451415796071661e-06
4452864 4.411194349556179e-06
4457856 4.371336330129629e-06
4462848 4.33183845398587e-06
4467840 4.292697466993481e-06
4472832 4.253910144426691e-06
4477824 4.215473290691672e-06
4482816 4.177383739072186e-06
4487808 4.13963835146569e-06
4492800 4.102234018124319e-06
4497792 4.065167657396005e-06
4502784 4.028436215479424e-06
4507776 3.9920366661603136e-06
4512768 3.9559660105718125e-06
4517760 3.920221276940567e-06
4522752 3.884799520350376e-06
4527744 3.849697822488809e-06
4532736 3.814913291417767e-06
4537728 3.7804430613233282e-06
4542720 3.7462842922919657e-06
4547712 3.7124341700688556e-06
4552704 3.6788899058241213e-06
4557696 3.6456487359334995e-06
4562688 3.612707921737729e-06
4567680 3.5800647493275796e-06
4572672 3.547716529313e-06
4577664 3.515660596605842e-06
4582656 3.4838943101977353e-06
4587648 3.452415052944901e-06
4592640 3.421220231350768e-06
4597632 3.390307275350922e-06
4602624 3.3596736381062134e-06
4607616 3.329316795789005e-06
4612608 3.2992342473725403e-06
4617600 3.2694235144336452e-06
4622592 3.239882140941634e-06
4627584 3.2106076930559695e-06
4632576 3.1815977589277737e-06
4637568 3.1528499485040473e-06
4642560 3.124361893323813e-06
4647552 3.096131246328244e-06
4652544 3.068155681665806e-06
4657536 3.0404328945005717e-06
4662528 3.0129606008219676e-06
4667520 2.985736537257751e-06
4672512 2.9587584608848174e-06
4677504 2.932024149047486e-06
4682496 2.905531399174569e-06
4687488 2.8792780285958166e-06
4692480 2.8532618743613153e-06
4697472 2.8274807930653593e-06
4702464 2.8019326606722737e-06
4707456 2.776615372333997e-06
4712448 2.7515268422242803e-06
4717440 2.7266650033625037e-06
4722432 2.7020278074446494e-06
4727424 2.67761322467357e-06
4732416 2.6534192435966834e-06
4737408 2.6294438709290307e-06
4742400 2.6056851314039007e-06
4747392 2.5821410675983816e-06
4752384 2.5588097397746606e-06
4757376 2.535689225726447e-06
4762368 2.512777620612195e-06
4767360 2.4900730368039657e-06
4772352 2.4675736037268017e-06
4777344 2.4452774677103284e-06
4782336 2.4231827918334684e-06
4787328 2.4012877557714064e-06
4792320 2.379590555647243e-06
4797312 2.358089403885113e-06
4802304 2.336782529059264e-06
4807296 2.315668175750183e-06
4812288 2.2947446044002348e-06
4817280 2.2740100911691915e-06
4822272 2.2534629277935856e-06
4827264 2.2331014214451393e-06
4832256 2.212923894590212e-06
4837248 2.192928684855439e-06
4842240 2.1731141448847277e-06
4847232 2.153478642210371e-06
4852224 2.134020559110624e-06
4857216 2.1147382924868795e-06
4862208 2.0956302537209837e-06
4867200 2.076694868549336e-06
4872192 2.0579305769337456e-06
4877184 2.0393358329351223e-06
4882176 2.0209091045765283e-06
4887168 2.0026488737287133e-06
4892160 1.9845536359766494e-06
4897152 1.966621900500445e-06
4902144 1.9488521899507972e-06
4907136 1.931243040325162e-06
4912128 1.9137930008518943e-06
4917120 1.8965006338664042e-06
4922112 1.8793645146944162e-06
4927104 1.8623832315346989e-06
4932096 1.8455553853443833e-06
4937088 1.8288795897177765e-06
4942080 1.8123544707799607e-06
4947072 1.795978667069184e-06
4952064 1.7797508294233857e-06
4957056 1.7636696208740254e-06
4962048 1.747733716530087e-06
4967040 1.7319418034739272e-06
4972032 1.7162925806507828e-06
4977024 1.7007847587591836e-06
4982016 1.6854170601506783e-06
4987008 1.6701882187207496e-06
4992000 1.6550969798022238e-06
4996992 1.6401421000669474e-06
5001984 1.6253223474227467e-06
5006976 1.6106365009054962e-06
5011968 1.596083350586947e-06
5016960 1.5816616974713356e-06
5021952 1.5673703533938745e-06
5026944 1.5532081409276062e-06
5031936 1.5391738932847272e-06
5036928 1.525266454218942e-06
5041920 1.5114846779328315e-06
5046912 1.4978274289795024e-06
5051904 1.4842935821757019e-06
5056896 1.4708820225008785e-06
5061888 1.457591645010351e-06
5066880 1.444421354745103e-06
5071872 1.4313700666396386e-06
5076864 1.4184367054287015e-06
5081856 1.4056202055686014e-06
5086848 1.3929195111392708e-06
5091840 1.3803335757644266e-06
5096832 1.3678613625196296e-06
5101824 1.3555018438518915e-06
5106816 1.3432540014931958e-06
5111808 1.3311168263729347e-06
5116800 1.3190893185408638e-06
5121792 1.3071704870828857e-06
5126784 1.295359350036876e-06
5131776 1.2836549343127096e-06
5136768 1.2720562756136965e-06
5141760 1.2605624183565273e-06
5146752 1.249172415591313e-06
5151744 1.237885328925678e-06
5156736 1.2267002284444331e-06
5161728 1.215616192636908e-06
5166720 1.2046323083176003e-06
5171712 1.1937476705513393e-06
5176704 1.1829613825827039e-06
5181696 1.1722725557555342e-06
5186688 1.1616803094455892e-06
5191680 1.1511837709851945e-06
5196672 1.1407820755903164e-06
5201664 1.1304743662926905e-06
5206656 1.1202597938664489e-06
5211648 1.1101375167608311e-06
5216640 1.100106701023552e-06
5221632 1.0901665202460426e-06
5226624 1.0803161554792884e-06
5231616 1.0705547951779396e-06
5236608 1.0608816351289632e-06
5241600 1.0512958783846191e-06
5246592 1.0417967351996919e-06
5251584 1.0323834229647577e-06
5256576 1.0230551661397772e-06
5261568 1.0138111961948708e-06
5266560 1.0046507515424074e-06
5271552 9.95573077477142e-07
5276544 9.865774261127842e-07
5281536 9.776630563204756e-07
5286528 9.688292336687795e-07
5291520 9.600752303622138e-07
5296512 9.514003251791662e-07
5301504 9.428038034177592e-07
5306496 9.342849568323561e-07
5311488 9.258430835777114e-07
5316480 9.174774881478756e-07
5321472 9.091874813257531e-07
5326464 9.009723801161863e-07
5331456 8.92831507699735e-07
5336448 8.847641933705037e-07
5341440 8.76769772483626e-07
5346432 8.688475863992724e-07
5351424 8.609969824264135e-07
5356416 8.532173137786869e-07
5361408 8.455079395047299e-07
5366400 8.378682244519065e-07
5371392 8.302975392020207e-07
5376384 8.227952600265394e-07
5381376 8.153607688325985e-07
5386368 8.079934531101825e-07
5391360 8.006927058869942e-07
5396352 7.934579256709516e-07
5401344 7.862885164082155e-07
5406336 7.791838874295285e-07
5411328 7.721434534037363e-07
5416320 7.651666342859835e-07
5421312 7.582528552753753e-07
5426304 7.514015467637285e-07
5431296 7.446121442870269e-07
5436288 7.378840884867755e-07
5441280 7.312168250543882e-07
5446272 7.246098046917297e-07
5451264 7.180624830612349e-07
5456256 7.115743207489992e-07
5461248 7.051447832094227e-07
5466240 6.987733407313429e-07
5471232 6.924594683874833e-07
5476224 6.862026459934371e-07
5481216 6.800023580671855e-07
5486208 6.738580937820841e-07
5491200 6.677693469282246e-07
5496192 6.61735615869487e-07
5501184 6.557564035009574e-07
5506176 6.49831217212641e-07
5511168 6.439595688426114e-07
5516160 6.381409746413806e-07
5521152 6.323749552291749e-07
5526144 6.266610355592684e-07
5531136 6.209987448775763e-07
5536128 6.15387616679788e-07
5541120 6.098271886812538e-07
5546112 6.043170027723152e-07
5551104 5.988566049844581e-07
5556096 5.934455454468967e-07
5561088 5.880833783579442e-07
5566080 5.827696619419833e-07
5571072 5.775039584158899e-07
5576064 5.722858339519602e-07
5581056 5.671148586424503e-07
5586048 5.619906064628898e-07
5591040 5.569126552403689e-07
5596032 5.518805866164615e-07
5601024 5.468939860104174e-07
5606016 5.419524425890887e-07
5611008 5.370555492328789e-07
5616000 5.322029024972713e-07
5620992 5.273941025877666e-07
5625984 5.2262875331706e-07
5630976 5.179064620827785e-07
5635968 5.132268398257284e-07
5640960 5.085895010044033e-07
5645952 5.039940635598184e-07
5650944 4.994401488867996e-07
5655936 4.949273818001669e-07
5660928 4.904553905035119e-07
5665920 4.860238065620159e-07
5670912 4.816322648682459e-07
5675904 4.772804036151651e-07
5680896 4.7296786426316283e-07
5685888 4.6869429151342055e-07
5690880 4.6445933327765246e-07
5695872 4.602626406488828e-07
5700864 4.5610386787163704e-07
5705856 4.5198267231627353e-07
5710848 4.4789871444745e-07
5715840 4.4385165779859407e-07
5720832 4.398411689422571e-07
5725824 4.358669174667902e-07
5730816 4.319285759423208e-07
5735808 4.280258198990244e-07
5740800 4.2415832779866083e-07
5745792 4.203257810086044e-07
5750784 4.165278637766836e-07
5755776 4.1276426320031837e-07
5760768 4.0903466920693025e-07
5765760 4.05338774525099e-07
5770752 4.016762746588502e-07
5775744 3.980468678656966e-07
5780736 3.944502551259418e-07
5785728 3.9088614012643073e-07
5790720 3.873542292277932e-07
5795712 3.8385423144388797e-07
5800704 3.803858584210168e-07
5805696 3.7694882440773945e-07
5810688 3.7354284623512417e-07
5815680 3.7016764329440315e-07
5820672 3.668229375108804e-07
5825664 3.635084533240435e-07
5830656 3.6022391765980457e-07
5835648 3.5696905991559923e-07
5840640 3.537436119312725e-07
5845632 3.5054730797119956e-07
5850624 3.473798846990577e-07
5855616 3.44241081159605e-07
5860608 3.4113063875506504e-07
5865600 3.380483012235038e-07
5870592 3.349938146195207e-07
5875584 3.319669272919887e-07
5880576 3.2896738986398284e-07
5885568 3.259949552094767e-07
5890560 3.23049378439153e-07
5895552 3.201304168731528e-07
5900544 3.172378300262389e-07
5905536 3.143713795866537e-07
5910528 3.1153082939297525e-07
5915520 3.08715945420954e-07
5920512 3.059264957600672e-07
5925504 3.0316225059285443e-07
5930496 3.004229821822699e-07
5935488 2.977084648460376e-07
5940480 2.950184749423873e-07
5945472 2.9235279084902094e-07
5950464 2.897111929488826e-07
5955456 2.870934636058114e-07
5960448 2.8449938715282506e-07
5965440 2.8192874987049385e-07
5970432 2.7938133997080266e-07
5975424 2.76856947578474e-07
5980416 2.7435536471607884e-07
5985408 2.7187638528487845e-07
5990400 2.694198050463438e-07
5995392 2.669854216116896e-07
6000384 2.6457303441671246e-07
6005376 2.621824447116856e-07
6010368 2.598134555411912e-07
6015360 2.574658717318619e-07
6020352 2.551394998713425e-07
6025344 2.528341482965125e-07
6030336 2.5054962707368943e-07
6035328 2.482857479889642e-07
6040320 2.460423245262934e-07
6045312 2.438191718565183e-07
6050304 2.4161610681943166e-07
6055296 2.394329479095541e-07
6060288 2.372695152628105e-07
6065280 2.3512563063893187e-07
6070272 2.330011174096919e-07
6075264 2.30895800540594e-07
6080256 2.2880950658082045e-07
6085248 2.267420636464781e-07
6090240 2.2469330140573799e-07
6095232 2.2266305106646192e-07
6100224 2.2065114536070176e-07
6105216 2.1865741853523973e-07
6110208 2.166817063288778e-07
6115200 2.1472384596952898e-07
6120192 2.127836761538309e-07
6125184 2.1086103703694077e-07
6130176 2.089557702160708e-07
6135168 2.070677187230308e-07
6140160 2.0519672700427905e-07
6145152 2.0334264091451343e-07
6150144 2.0150530770078125e-07
6155136 1.9968457598898765e-07
6160128 1.978802957745223e-07
6165120 1.9609231840709758e-07
6170112 1.9432049658031986e-07
6175104 1.9256468431693926e-07
6180096 1.9082473696093843e-07
6185088 1.8910051116317186e-07
6190080 1.873918648685673e-07
6195072 1.8569865730632213e-07
6200064 1.840207489780619e-07
6205056 1.8235800164308663e-07
6210048 1.8071027831436276e-07
6215040 1.7907744323911415e-07
6220032 1.774593618927387e-07
6225024 1.7585590096485607e-07
6230016 1.7426692835159285e-07
6235008 1.7269231314034957e-07
6240000 1.7113192560296e-07
6244992 1.6958563718332623e-07
6249984 1.6805332048747953e-07
6254976 1.66534849271871e-07
6259968 1.650300984307779e-07
6264960 1.6353894399527358e-07
6269952 1.620612631097512e-07
6274944 1.6059693403434284e-07
6279936 1.5914583612659133e-07
6284928 1.577078498333832e-07
6289920 1.5628285668355236e-07
6294912 1.548707392749933e-07
6299904 1.5347138126612647e-07
6304896 1.520846673688593e-07
6309888 1.5071048333483055e-07
6314880 1.4934871594850855e-07
6319872 1.4799925301763167e-07
6324864 1.4666198336331325e-07
6329856 1.4533679681253856e-07
6334848 1.4402358418461403e-07
6339840 1.4272223728793658e-07
6344832 1.4143264890838427e-07
6349824 1.4015471279937547e-07
6354816 1.3888832367537214e-07
6359808 1.376333772031418e-07
6364800 1.363897699892317e-07
6369792 1.3515739957654244e-07
6374784 1.3393616443396209e-07
6379776 1.3272596394520731e-07
6384768 1.3152669840605616e-07
6389760 1.3033826901248024e-07
6394752 1.291605778534433e-07
6399744 1.2799352790051144e-07
6404736 1.268370230045159e-07
6409728 1.2569096788318206e-07
6414720 1.2455526811662838e-07
6419712 1.2342983013750093e-07
6424704 1.223145612234662e-07
6429696 1.2120936949028575e-07
6434688 1.201141638844275e-07
6439680 1.1902885417367553e-07
6444672 1.1795335094465852e-07
6449664 1.1688756558622832e-07
6454656 1.1583141029365619e-07
6459648 1.1478479805188189e-07
6464640 1.1374764263382723e-07
6469632 1.1271985859048576e-07
6474624 1.1170136124485212e-07
6479616 1.1069206668716593e-07
6484608 1.0969189176266116e-07
6489600 1.087007540702456e-07
6494592 1.0771857195183418e-07
6499584 1.0674526448990443e-07
6504576 1.0578075149401e-07
6509568 1.0482495350117714e-07
6514560 1.0387779176678037e-07
6519552 1.0293918825487196e-07
6524544 1.020090656371655e-07
6529536 1.0108734728352789e-07
6534528 1.0017395725504647e-07
6539520 9.92688203008458e-08
6544512 9.837186184872625e-08
6549504 9.748300799973795e-08
6554496 9.660218552520854e-08
6559488 9.572932185433918e-08
6564480 9.48643450766788e-08
6569472 9.400718392703498e-08
6574464 9.315776778546299e-08
6579456 9.231602667382176e-08
6584448 9.14818912398369e-08
6589440 9.065529276439034e-08
6594432 8.983616314370122e-08
6599424 8.902443489404648e-08
6604416 8.822004113653707e-08
6609408 8.742291560039009e-08
6614400 8.663299261325903e-08
6619392 8.585020709528761e-08
6624384 8.50744945532805e-08
6629376 8.430579107990286e-08
6634368 8.35440333425165e-08
6639360 8.278915858354739e-08
6644352 8.2041104608917e-08
6649344 8.129980978946267e-08
6654336 8.056521305140604e-08
6659328 7.983725387352136e-08
6664320 7.911587228090386e-08
6669312 7.840100884124286e-08
6674304 7.769260465776087e-08
6679296 7.699060136852663e-08
6684288 7.629494113530312e-08
6689280 7.560556664542114e-08
6694272 7.492242110374442e-08
6699264 7.424544822700628e-08
6704256 7.357459224047157e-08
6709248 7.290979787640851e-08
6714240 7.225101036082258e-08
6719232 7.159817541946864e-08
6724224 7.09512392686531e-08
6729216 7.031014860591227e-08
6734208 6.967485061558583e-08
6739200 6.904529295671913e-08
6744192 6.842142376077868e-08
6749184 6.78031916293e-08
6754176 6.719054562750347e-08
6759168 6.658343528298489e-08
6764160 6.598181057436474e-08
6769152 6.538562193801707e-08
6774144 6.479482025313416e-08
6779136 6.420935684717081e-08
6784128 6.36291834838051e-08
6789120 6.30542523651406e-08
6794112 6.248451612367145e-08
6799104 6.191992781995771e-08
6804096 6.13604409391622e-08
6809088 6.080600938740873e-08
6814080 6.025658748465303e-08
6819072 5.971212996729965e-08
6824064 5.9172591978287474e-08
6829056 5.863792906662677e-08
6834048 5.810809718241401e-08
6839040 5.7583052674107806e-08
6844032 5.706275228510688e-08
6849024 5.654715314887542e-08
6854016 5.603621278707237e-08
6859008 5.552988910406651e-08
6864000 5.50281403850289e-08
6868992 5.4530925293195286e-08
6873984 5.4038202861879015e-08
6878976 5.3549932500713645e-08
6883968 5.306607397884571e-08
6888960 5.2586587435785194e-08
6893952 5.211143336474993e-08
6898944 5.164057261991659e-08
6903936 5.117396640966562e-08
6908928 5.071157628950936e-08
6913920 5.0253364165939674e-08
6918912 4.9799292286885727e-08
6923904 4.934932324485815e-08
6928896 4.890341996424397e-08
6933888 4.8461545710135685e-08
6938880 4.802366407827821e-08
6943872 4.758973899307585e-08
6948864 4.715973470233896e-08
6953856 4.673361578120576e-08
6958848 4.631134712182204e-08
6963840 4.5892893935215226e-08
6968832 4.5478221745504944e-08
6973824 4.5067296388391874e-08
6978816 4.466008401029168e-08
6983808 4.425655106151766e-08
6988800 4.385666429466417e-08
6993792 4.3460390766428636e-08
6998784 4.30676978273679e-08
7003776 4.2678553124595636e-08
7008768 4.2292924596814924e-08
7013760 4.191078047528216e-08
7018752 4.1532089275104214e-08
7023744 4.115681979518678e-08
7028736 4.0784941119849235e-08
7033728 4.041642261168583e-08
7038720 4.005123390750545e-08
7043712 3.9689344920386116e-08
7048704 3.933072583649094e-08
7053696 3.897534710959463e-08
7058688 3.862317946046855e-08
7063680 3.8274193875945995e-08
7068672 3.792836160410639e-08
7073664 3.758565415139202e-08
7078656 3.7246043283881066e-08
7083648 3.6909501022244006e-08
7088640 3.657599963941974e-08
7093632 3.624551165858992e-08
7098624 3.591800985067005e-08
7103616 3.5593467236152197e-08
7108608 3.52718570751083e-08
7113600 3.495315287100269e-08
7118592 3.463732836758937e-08
7123584 3.432435754391054e-08
7128576 3.401421461506356e-08
7133568 3.370687402953598e-08
7138560 3.3402310467694837e-08
7143552 3.3100498834963845e-08
7148544 3.280141426853059e-08
7153536 3.250503212425925e-08
7158528 3.221132798712795e-08
7163520 3.1920277656941214e-08
7168512 3.1631857156434795e-08
7173504 3.134604272296884e-08
7178496 3.1062810809284915e-08
7183488 3.078213808004291e-08
7188480 3.0504001412487016e-08
7193472 3.022837788920954e-08
7198464 2.9955244805303225e-08
7203456 2.9684579656639607e-08
7208448 2.9416360143743965e-08
7213440 2.9150564169006897e-08
7218432 2.888716983361276e-08
7223424 2.8626155437897545e-08
7228416 2.8367499477293287e-08
7233408 2.8111180642237213e-08
7238400 2.7857177813805714e-08
7243392 2.7605470067217463e-08
7248384 2.735603666399349e-08
7253376 2.7108857053357324e-08
7258368 2.686391087283406e-08
7263360 2.6621177939157247e-08
7268352 2.6380638255552315e-08
7273344 2.614227200489551e-08
7278336 2.5906059549450258e-08
7283328 2.5671981426445438e-08
7288320 2.544001835282618e-08
7293312 2.5210151216192736e-08
7298304 2.4982361078492258e-08
7303296 2.4756629173804244e-08
7308288 2.4532936903508636e-08
7313280 2.43112658390842e-08
7318272 2.409159771696365e-08
7323264 2.3873914437886306e-08
7328256 2.365819807122008e-08
7333248 2.3444430841189988e-08
7338240 2.323259513745674e-08
7343232 2.3022673507105085e-08
7348224 2.2814648656032526e-08
7353216 2.2608503443938052e-08
7358208 2.240422088910576e-08
7363200 2.220178416032416e-08
7368192 2.200117657856288e-08
7373184 2.1802381617394908e-08
7378176 2.16053828978892e-08
7383168 2.1410164189998533e-08
7388160 2.1216709410542947e-08
7393152 2.1025002621071608e-08
7398144 2.0835028027509814e-08
7403136 2.064676997787391e-08
7408128 2.0460212962628527e-08
7413120 2.0275341611582836e-08
7418112 2.00921406940985e-08
7423104 1.9910595115516036e-08
7428096 1.973068991887515e-08
7433088 1.955241028398489e-08
7438080 1.937574152126912e-08
7443072 1.9200669075771284e-08
7448064 1.902717852346325e-08
7453056 1.8855255571772165e-08
7458048 1.868488605563942e-08
7463040 1.8516055939525153e-08
7468032 1.8348751313302053e-08
7473024 1.8182958393047962e-08
7478016 1.8018663520387098e-08
7483008 1.7855853158503496e-08
7488000 1.7694513894304964e-08
7492992 1.753463243506163e-08
7497984 1.737619560991325e-08
7502976 1.721919036437501e-08
7507968 1.7063603763718696e-08
7512960 1.690942298883757e-08
7517952 1.675663533741443e-08
7522944 1.6605228222219718e-08
7527936 1.645518916902992e-08
7532928 1.630650581644007e-08
7537920 1.6159165914722046e-08
7542912 1.601315732634476e-08
7547904 1.5868468018614817e-08
7552896 1.5725086073590286e-08
7557888 1.5582999677854485e-08
7562880 1.5442197125767836e-08
7567872 1.530266681591192e-08
7572864 1.5164397253577736e-08
7577856 1.50273770463694e-08
7582848 1.4891594906561743e-08
7587840 1.4757039647358337e-08
7592832 1.4623700181332214e-08
7597824 1.4491565525584399e-08
7602816 1.4360624791280515e-08
7607808 1.4230867192761998e-08
7612800 1.4102282037800136e-08
7617792 1.3974858733165096e-08
7622784 1.3848586782502312e-08
7627776 1.3723455780750957e-08
7632768 1.3599455418658843e-08
7637760 1.3476575480444396e-08
7642752 1.3354805842868732e-08
7647744 1.3234136473336081e-08
7652736 1.3114557429874094e-08
7657728 1.2996058861393985e-08
7662720 1.2878631003611858e-08
7667712 1.2762264183759586e-08
7672704 1.2646948813707433e-08
7677696 1.253267539356786e-08
7682688 1.241943450782374e-08
7687680 1.2307216827419047e-08
7692672 1.2196013107236919e-08
7697664 1.2085814184544716e-08
7702656 1.1976610981521255e-08
7707648 1.1868394500379166e-08
7712640 1.1761155825317089e-08
7717632 1.1654886121752374e-08
7722624 1.1549576634402973e-08
7727616 1.1445218686805367e-08
7732608 1.1341803680594702e-08
7737600 1.1239323097087889e-08
7742592 1.1137768492274038e-08
7747584 1.10371314996678e-08
7752576 1.0937403827350039e-08
7757568 1.083857725975656e-08
7762560 1.0740643654364086e-08
7767552 1.0643594943302592e-08
7772544 1.0547423129293142e-08
7777536 1.0452120291017762e-08
7782528 1.0357678575751312e-08
7787520 1.0264090202963389e-08
7792512 1.0171347462250927e-08
7797504 1.0079442712273164e-08
7802496 9.98836838199318e-09
7807488 9.898116967813967e-09
7812480 9.808681033380655e-09
7817472 9.720053211303265e-09
7822464 9.63222619895977e-09
7827456 9.545192761442497e-09
7832448 9.458945726926975e-09
7837440 9.373477990839445e-09
7842432 9.288782511389393e-09
7847424 9.204852310897806e-09
7852416 9.121680474352133e-09
7857408 9.039260149701158e-09
7862400 8.957584546309377e-09
7867392 8.876646935475171e-09
7872384 8.796440648394857e-09
7877376 8.7169590775263e-09
7882368 8.638195674463504e-09
7887360 8.56014394999018e-09
7892352 8.482797473355802e-09
7897344 8.406149872817067e-09
7902336 8.330194833084311e-09
7907328 8.254926096855425e-09
7912320 8.180337462154744e-09
7917312 8.106422785367654e-09
7922304 8.033175974880053e-09
7927296 7.960590997000497e-09
7932288 7.888661872318111e-09
7937280 7.817382674224838e-09
7942272 7.74674752924276e-09
7947264 7.676750619149152e-09
7952256 7.607386176573276e-09
7957248 7.538648487083536e-09
7962240 7.47053188725888e-09
7967232 7.403030765663898e-09
7972224 7.336139560238479e-09
7977216 7.26985276123214e-09
7982208 7.204164906267102e-09
7987200 7.139070583767707e-09
7992192 7.074564430661788e-09
7997184 7.010641132881209e-09
8002176 6.9472954242866655e-09
8007168 6.884522084953181e-09
8012160 6.822315944084537e-09
8017152 6.760671875536017e-09
8022144 6.699584801682009e-09
8027136 6.639049689591548e-09
8032128 6.579061550637198e-09
8037120 6.519615444377639e-09
8042112 6.460706472089829e-09
8047104 6.40232978083487e-09
8052096 6.3444805601311234e-09
8057088 6.287154046089377e-09
8062080 6.2303455143090396e-09
8067072 6.174050283971166e-09
8072064 6.118263718248897e-09
8077056 6.062981220376906e-09
8082048 6.008198235922724e-09
8087040 5.953910251145235e-09
8092032 5.900112793949183e-09
8097024 5.846801432222125e-09
8102016 5.793971772521424e-09
8107008 5.741619463510081e-09
8112000 5.68974019127296e-09
8116992 5.638329682376535e-09
8121984 5.58738370093625e-09
8126976 5.536898050047953e-09
8131968 5.486868569814786e-09
8136960 5.437291138669717e-09
8141952 5.388161671439388e-09
8146944 5.339476121012446e-09
8151936 5.291230476091999e-09
8156928 5.243420761982823e-09
8161920 5.196043040602855e-09
8166912 5.1490934068549734e-09
8171904 5.102567994581435e-09
8176896 5.056462968968208e-09
8181888 5.010774532502051e-09
8186880 4.965498920170694e-09
8191872 4.920632402903063e-09
8196864 4.876171284059601e-09
8201856 4.832111900236627e-09
8206848 4.788450621499011e-09
8211840 4.745183850931346e-09
8216832 4.702308024053661e-09
8221824 4.659819608172007e-09
8226816 4.6177151024502435e-09
8231808 4.575991039355395e-09
8236800 4.534643979367031e-09
8241792 4.493670517916583e-09
8246784 4.453067277275466e-09
8251776 4.41283091426499e-09
8256768 4.372958112467568e-09
8261760 4.333445587577401e-09
8266752 4.294290084156659e-09
8271744 4.25548837601217e-09
8276736 4.217037266667061e-09
8281728 4.1789335879531195e-09
8286720 4.141174200730801e-09
8291712 4.103755994417348e-09
8296704 4.066675885874349e-09
8301696 4.029930820656581e-09
8306688 3.9935177708008265e-09
8311680 3.957433736597105e-09
8316672 3.921675744863475e-09
8321664 3.886240850264414e-09
8326656 3.8511261328300455e-09
8331648 3.816328699606265e-09
8336640 3.781845683971873e-09
8341632 3.747674245175589e-09
8346624 3.7138115670850165e-09
8351616 3.6802548610600366e-09
8356608 3.647001360534528e-09
8361600 3.614048327640375e-09
8366592 3.5813930474677333e-09
8371584 3.5490328280818137e-09
8376576 3.5169650049549274e-09
8381568 3.485186935122118e-09
8386560 3.4536960014493343e-09
8391552 3.4224896083958035e-09
8396544 3.3915651856856017e-09
8401536 3.3609201850037222e-09
8406528 3.330552081945787e-09
8411520 3.300458374771769e-09
8416512 3.2706365830697734e-09
8421504 3.2410842510122146e-09
8426496 3.211798943830123e-09
8431488 3.182778248082899e-09
8436480 3.15401977323485e-09
8441472 3.1255211505908184e-09
8446464 3.0972800312830454e-09
8451456 3.06929408887437e-09
8456448 3.041561017119043e-09
8461440 3.0140785318649526e-09
8466432 2.986844369382534e-09
8471424 2.9598562845470355e-09
8476416 2.9331120554284065e-09
8481408 2.9066094764550256e-09
8486400 2.880346366691648e-09
8491392 2.8543205611575306e-09
8496384 2.8285299152799176e-09
8501376 2.8029723053235936e-09
8506368 2.7776456243684295e-09
8511360 2.752547787364475e-09
8516352 2.7276767247613712e-09
8521344 2.7030303888891024e-09
8526336 2.678606748733603e-09
8531328 2.6544037923627653e-09
8536320 2.6304195247742884e-09
8541312 2.606651970985495e-09
8546304 2.5830991727104208e-09
8551296 2.5597591889019167e-09
8556288 2.536630097811632e-09
8561280 2.5137099922195247e-09
8566272 2.490996985066129e-09
8571264 2.468489205086416e-09
8576256 2.446184797238395e-09
8581248 2.4240819247733913e-09
8586240 2.4021787654740848e-09
8591232 2.3804735155366183e-09
8596224 2.358964386671126e-09
8601216 2.3376496066131286e-09
8606208 2.3165274200829047e-09
8611200 2.2955960855279605e-09
8616192 2.2748538801256857e-09
8621184 2.254299092964924e-09
8626176 2.2339300325052628e-09
8631168 2.2137450197487293e-09
8636160 2.1937423910945043e-09
8641152 2.173920499913556e-09
8646144 2.154277712294152e-09
8651136 2.134812410246093e-09
8656128 2.11552298922326e-09
8661120 2.0964078617710576e-09
8666112 2.077465450918974e-09
8671104 2.058694197618101e-09
8676096 2.040092555067427e-09
8681088 2.021658989549e-09
8686080 2.0033919839044953e-09
8691072 1.9852900324711212e-09
8696064 1.9673516439027962e-09
8701056 1.949575340760608e-09
8706048 1.9319596574022986e-09
8711040 1.9145031440173307e-09
8716032 1.8972043613852893e-09
8721024 1.8800618834099656e-09
8726016 1.863074300411695e-09
8731008 1.8462402101918074e-09
8736000 1.8295582271399269e-09
8740992 1.8130269764500056e-09
8745984 1.7966450966140028e-09
8750976 1.7804112381023796e-09
8755968 1.7643240627061791e-09
8760960 1.7483822453418155e-09
8765952 1.7325844728769276e-09
8770944 1.716929443628234e-09
8775936 1.7014158676658821e-09
8780928 1.686042466595682e-09
8785920 1.6708079754431853e-09
8790912 1.6557111366990166e-09
8795904 1.6407507084752193e-09
8800896 1.6259254573139717e-09
8805888 1.6112341613911188e-09
8810880 1.596675611111279e-09
8815872 1.5822486066266998e-09
8820864 1.5679519597998982e-09
8825856 1.5537844921895764e-09
8830848 1.5397450367500736e-09
8835840 1.5258324371784493e-09
8840832 1.5120455473372438e-09
8845824 1.4983832307525446e-09
8850816 1.4848443619364567e-09
8855808 1.471427826322119e-09
8860800 1.4581325174453745e-09
8865792 1.4449573400653188e-09
8870784 1.4319012094960574e-09
8875776 1.4189630490582482e-09
8880768 1.4061417937503279e-09
8885760 1.3934363872018398e-09
8890752 1.3808457818022231e-09
8895744 1.368368941133094e-09
8900736 1.356004836279669e-09
8905728 1.343752449395159e-09
8910720 1.3316107703461606e-09
8915712 1.3195787997467696e-09
8920704 1.3076555460209894e-09
8925696 1.2958400262779688e-09
8930688 1.2841312675866272e-09
8935680 1.2725283054162937e-09
8940672 1.2610301839447355e-09
8945664 1.2496359545643762e-09
8950656 1.2383446804247343e-09
8955648 1.2271554296884005e-09
8960640 1.2160672806741417e-09
8965632 1.2050793212855247e-09
8970624 1.1941906443496543e-09
8975616 1.1834003539618998e-09
8980608 1.172707560863173e-09
8985600 1.162111383812029e-09
8990592 1.1516109505891811e-09
8995584 1.1412053952925542e-09
9000576 1.1308938612624863e-09
9005568 1.1206754987978101e-09
9010560 1.110549465666601e-09
9015552 1.100514928275439e-09
9020544 1.0905710586060096e-09
9025536 1.0807170389712586e-09
9030528 1.07095205633562e-09
9035520 1.061275306678387e-09
9040512 1.051685993406531e-09
9045504 1.042183325714323e-09
9050496 1.0327665203487027e-09
9055488 1.0234348017460144e-09
9060480 1.014187401563929e-09
9065472 1.0050235575343628e-09
9070464 9.959425153602354e-10
9075456 9.869435261135239e-10
9080448 9.780258489962921e-10
9085440 9.691887483615439e-10
9090432 9.604314962805594e-10
9095424 9.5175337215068e-10
9100416 9.431536605216356e-10
9105408 9.346316530982817e-10
9110400 9.261866470587032e-10
9115392 9.178179478332494e-10
9120384 9.095248646749429e-10
9125376 9.013067153320568e-10
9130368 8.931628219913368e-10
9135360 8.850925143202325e-10
9140352 8.77095127182767e-10
9145344 8.691700010723311e-10
9150336 8.613164837843154e-10
9155328 8.535339284917507e-10
9160320 8.458216933324056e-10
9165312 8.38179143527448e-10
9170304 8.306056484501681e-10
9175296 8.231005855106436e-10
9180288 8.1566333566763e-10
9185280 8.082932858866102e-10
9190272 8.009898296934895e-10
9195264 7.937523648409073e-10
9200256 7.865802950236575e-10
9205248 7.794730303919972e-10
9210240 7.72429984015853e-10
9215232 7.65450575970425e-10
9220224 7.585342316285618e-10
9225216 7.516803804830802e-10
9230208 7.448884584235899e-10
9235200 7.381579055827863e-10
9240192 7.314881678970826e-10
9245184 7.248786955503648e-10
9250176 7.183289444896255e-10
9255168 7.118383747034551e-10
9260160 7.054064513137746e-10
9265152 6.990326445016013e-10
9270144 6.927164292139221e-10
9275136 6.864572849738925e-10
9280128 6.802546961997903e-10
9285120 6.74108152158343e-10
9290112 6.680171465658681e-10
9295104 6.619811761737145e-10
9300096 6.559997449715907e-10
9305088 6.500723597133651e-10
9310080 6.441985326674943e-10
9315072 6.383777789725462e-10
9320064 6.326096200701126e-10
9325056 6.268935809914181e-10
9330048 6.212291883486016e-10
9335040 6.156159779217623e-10
9340032 6.100534869363819e-10
9345024 6.045412561740377e-10
9350016 5.990788322538793e-10
9355008 5.936657643814585e-10
9360000 5.883016078412837e-10
9364992 5.829859197104896e-10
9369984 5.777182625517352e-10
9374976 5.724982017315042e-10
9379968 5.673253073920637e-10
9384960 5.621991539497892e-10
9389952 5.571193183465777e-10
9394944 5.520853824016875e-10
9399936 5.47096931451628e-10
9404928 5.421535542553257e-10
9409920 5.372548435864447e-10
9414912 5.324003961217766e-10
9419904 5.275898117088158e-10
9424896 5.228226939487657e-10
9429888 5.180986503298905e-10
9434880 5.134172915242757e-10
9439872 5.087782320923514e-10
9444864 5.041810888095654e-10
9449856 4.996254845393219e-10
9454848 4.951110426591049e-10
9459840 4.906373923677446e-10
9464832 4.862041641691406e-10
9469824 4.818109925787406e-10
9474816 4.774575167740616e-10
9479808 4.731433764747217e-10
9484800 4.688682182308127e-10
9489792 4.6463168891768686e-10
9494784 4.6043343844646284e-10
9499776 4.562731223661104e-10
9504768 4.521503974182217e-10
9509760 4.4806492375329294e-10
9514752 4.440163650350482e-10
9519744 4.4000438756221193e-10
9524736 4.360286615986287e-10
9529728 4.3208885850808815e-10
9534720 4.281846542912235e-10
9539712 4.2431572654360455e-10
9544704 4.204817573912793e-10
9549696 4.166824309637801e-10
9554688 4.1291743418589433e-10
9559680 4.0918645587747354e-10
9564672 4.054891901850849e-10
9569664 4.018253312552955e-10
9574656 3.9819457822200255e-10
9579648 3.9459663152014574e-10
9584640 3.910311925078844e-10
9589632 3.874979711019841e-10
9594624 3.839966738798987e-10
9599616 3.8052701408722994e-10
9604608 3.7708870496727664e-10
9609600 3.736814630514798e-10
9614592 3.703050076861794e-10
9619584 3.669590604771129e-10
9624576 3.636433465546013e-10
9629568 3.6035759207360407e-10
9634560 3.5710152652093783e-10
9639552 3.538748820120469e-10
9644544 3.5067739218779266e-10
9649536 3.475087938845212e-10
9654528 3.44368825269714e-10
9659520 3.412572281381554e-10
9664512 3.381737473090998e-10
9669504 3.351181276922688e-10
9674496 3.3209011734113003e-10
9679488 3.290894664291656e-10
9684480 3.2611592901278886e-10
9689472 3.231692596904548e-10
9694464 3.2024921399072997e-10
9699456 3.173555546764214e-10
9704448 3.144880399450237e-10
9709440 3.1164643539505463e-10
9714432 3.0883050746689343e-10
9719424 3.060400219286266e-10
9724416 3.0327475112387065e-10
9729408 3.0053446677894696e-10
9734400 2.978189415436844e-10
9739392 2.951279536511295e-10
9744384 2.9246128023692475e-10
9749376 2.8981870228051517e-10
9754368 2.872000015035848e-10
9759360 2.846049621371727e-10
9764352 2.8203337084919853e-10
9769344 2.7948501575125045e-10
9774336 2.769596867428112e-10
9779328 2.7445717512794275e-10
9784320 2.7197727612808543e-10
9789312 2.6951978482984925e-10
9794304 2.6708449807016825e-10
9799296 2.646712156922718e-10
9804288 2.6227973956836405e-10
9809280 2.5990987173052825e-10
9814272 2.5756141703694496e-10
9819264 2.552341819004344e-10
9824256 2.5292797436242454e-10
9829248 2.5064260564812186e-10
9834240 2.4837788615127733e-10
9839232 2.461336303429988e-10
9844224 2.4390965253097305e-10
9849216 2.4170576959723166e-10
9854208 2.3952180066951396e-10
9859200 2.3735756559284066e-10
9864192 2.3521288415749296e-10
9869184 2.33087582763615e-10
9874176 2.3098148441580603e-10
9879168 2.28894416224798e-10
9884160 2.2682620594216294e-10
9889152 2.2477668313418964e-10
9894144 2.227456793539902e-10
9899136 2.2073302707801383e-10
9904128 2.1873856057615798e-10
9909120 2.1676211518010575e-10
9914112 2.1480352815472087e-10
9919104 2.128626382685474e-10
9924096 2.109392855699499e-10
9929088 2.0903331149845186e-10
9934080 2.071445594623411e-10
9939072 2.0527287377654336e-10
9944064 2.0341809928286866e-10
9949056 2.0158008418509507e-10
9954048 1.997586767303863e-10
9959040 1.979537268695722e-10
9964032 1.9616508645323855e-10
9969024 1.9439260650396667e-10
9974016 1.9263614369022936e-10
9979008 1.9089554991000984e-10
9984000 1.891706835665044e-10
9988992 1.8746140314872434e-10
9993984 1.8576756777907796e-10
9998976 1.840890364018733e-10
10003968 1.8242567112334116e-10
10008960 1.8077733602607504e-10
10013952 1.7914389546444531e-10
10018944 1.7752521306278746e-10
10023936 1.7592115747782844e-10
10028928 1.7433159560160797e-10
10033920 1.7275639594970457e-10
10038912 1.7119542979407432e-10
10043904 1.6964856800770754e-10
10048896 1.6811568244746636e-10
10053888 1.665966480152616e-10
10058880 1.650913393490722e-10
10063872 1.635996315349808e-10
10068864 1.6212140261576418e-10
10073856 1.6065653032077215e-10
10078848 1.5920489416748244e-10
10083840 1.5776637430345442e-10
10088832 1.5634085264359496e-10
10093824 1.5492821150951413e-10
10098816 1.5352833435229578e-10
10103808 1.521411057430147e-10
10108800 1.507664118315605e-10
10113792 1.4940413915902631e-10
10118784 1.4805417541819047e-10
10123776 1.4671640922614112e-10
10128768 1.453907316805239e-10
10133760 1.4407703094388958e-10
10138752 1.427752018175188e-10
10143744 1.414851341554474e-10
10148736 1.4020672405197498e-10
10153728 1.389398654721291e-10
10158720 1.3768445270619795e-10
10163712 1.3644038448969859e-10
10168704 1.3520755717290334e-10
10173696 1.3398586862396755e-10
10178688 1.327752193131318e-10
10183680 1.3157550833435038e-10
10188672 1.3038663768463743e-10
10193664 1.2920850988532712e-10
10198656 1.2804102656610583e-10
10203648 1.2688409208798636e-10
10208640 1.2573761184767863e-10
10213632 1.246014909089474e-10
10218624 1.234756352835337e-10
10223616 1.2235995247089102e-10
10228608 1.2125435096092818e-10
10233600 1.2015873875319966e-10
10238592 1.1907302608718231e-10
10243584 1.1799712433098306e-10
10248576 1.1693094359160414e-10
10253568 1.1587439686895149e-10
10258560 1.1482739546909018e-10
10263552 1.137898549217861e-10
10268544 1.1276168974255762e-10
10273536 1.1174281440294692e-10
10278528 1.1073314527052563e-10
10283520 1.0973260021344051e-10
10288512 1.0874109444583345e-10
10293504 1.0775854757505469e-10
10298496 1.0678487921217182e-10
10303488 1.0582000868012559e-10
10308480 1.0486385558255631e-10
10313472 1.0391634211112666e-10
10318464 1.0297739055718281e-10
10323456 1.0204692310716708e-10
10328448 1.0112486165727817e-10
10333440 1.002111334483959e-10
10338432 9.930565964021391e-11
10343424 9.840836842535526e-11
10348416 9.751918455271892e-11
10353408 9.663803493933687e-11
10358400 9.576484808420336e-11
10363392 9.489955000072173e-11
10368384 9.404206967895356e-11
10373376 9.319233849350873e-11
10378368 9.235028446104005e-11
10383360 9.151583916778495e-11
10388352 9.068893336346879e-11
10393344 8.986949961937953e-11
10398336 8.905746998480862e-11
10403328 8.825277748445231e-11
10408320 8.745535651886957e-11
10413312 8.666514011193112e-11
10418304 8.588206418368949e-11
10423296 8.510606367774112e-11
10428288 8.433707487501512e-11
10433280 8.357503476733782e-11
10438272 8.281987949557514e-11
10443264 8.207154802051294e-11
10448256 8.132997887766364e-11
10453248 8.05951089241555e-11
10458240 7.986687944945569e-11
10463232 7.914523054040095e-11
10468224 7.843010183187805e-11
10473216 7.772143531253272e-11
10478208 7.701917066434394e-11
10483200 7.632325179944106e-11
10488192 7.563362194725313e-11
10493184 7.495022323297192e-11
10498176 7.427299897117314e-11
10503168 7.360189425422316e-11
10508160 7.293685252117432e-11
10513152 7.227782055588966e-11
10518144 7.162474395656062e-11
10523136 7.097756785438803e-11
10528128 7.03362396762173e-11
10533120 6.970070567170583e-11
10538112 6.907091489472689e-11
10543104 6.844681440555667e-11
10548096 6.782835285188554e-11
10553088 6.721547960147206e-11
10558080 6.66081442389152e-11
10563072 6.600629689091503e-11
10568064 6.540988670838965e-11
10573056 6.481886566118283e-11
10578048 6.423318441809572e-11
10583040 6.365279559949338e-11
10588032 6.307765084995892e-11
10593024 6.250770289827762e-11
10598016 6.194290481551464e-11
10603008 6.138321068886038e-11
10608000 6.082857362341848e-11
10612992 6.027894839093911e-11
10617984 5.973428891282995e-11
10622976 5.919454991191838e-11
10627968 5.865968962740636e-11
10632960 5.812966102393402e-11
10637952 5.760442155829798e-11
10642944 5.7083927862411343e-11
10647936 5.656813743554895e-11
10652928 5.6057007776985635e-11
10657920 5.5550495871420416e-11
10662912 5.5048561412376906e-11
10667904 5.455116126151142e-11
10672896 5.405825613535864e-11
10677888 5.3569804733637205e-11
10682880 5.3085766034757786e-11
10687872 5.260610178257658e-11
10692864 5.213077137935368e-11
10697856 5.1659735678384845e-11
10702848 5.119295623263326e-11
10707840 5.073039395248752e-11
10712832 5.0272011928243345e-11
10717824 4.98177716136436e-11
10722816 4.936763617260226e-11
10727808 4.8921567318005454e-11
10732800 4.8479528659724214e-11
10737792 4.80414849051146e-11
10742784 4.760739913679609e-11
10747776 4.7177234666594126e-11
10752768 4.675095803107626e-11
10757760 4.632853248720477e-11
10762752 4.590992479983209e-11
10767744 4.549509809182832e-11
10772736 4.508402006754564e-11
10777728 4.467665636314483e-11
10782720 4.4272973633539825e-11
10787712 4.387293826846328e-11
10792704 4.3476517525009584e-11
10797696 4.308367887711356e-11
10802688 4.2694389548719103e-11
10807680 4.230861830583493e-11
10812672 4.192633233433023e-11
10817664 4.154750044280442e-11
10822656 4.117209161337378e-11
10827648 4.080007516567324e-11
10832640 4.043142036447289e-11
10837632 4.006609580558285e-11
10842624 3.9704072385853494e-11
10847616 3.934532013170216e-11
10852608 3.898980998684397e-11
10857600 3.863751101663026e-11
10862592 3.82883960410869e-11
10867584 3.794243501083913e-11
10872576 3.759960044484391e-11
10877568 3.725986405861227e-11
10882560 3.692319757090772e-11
10887552 3.658957222554156e-11
10892544 3.6258961591639796e-11
10897536 3.5931338382169213e-11
10902528 3.560667572586941e-11
10907520 3.528494629725237e-11
10912512 3.496612439694846e-11
10917504 3.465018276716364e-11
10922496 3.4337095245656607e-11
10927488 3.4026837576901907e-11
10932480 3.371938272530896e-11
10937472 3.3414705982388814e-11
10942464 3.3112782220288504e-11
10947456 3.281358691709091e-11
10952448 3.251709439991789e-11
10957440 3.222328151906017e-11
10962432 3.1932123414126814e-11
10967424 3.1643595714922375e-11
10972416 3.1357675138731286e-11
10977408 3.107433858050128e-11
10982400 3.079356118463037e-11
10987392 3.051532161998324e-11
10992384 3.0239594644849225e-11
10997376 2.996636043987911e-11
11002368 2.96955947273277e-11
11007360 2.9427275831348084e-11
11012352 2.916138124306994e-11
11017344 2.8897889036671128e-11
11022336 2.8636777627735487e-11
11027328 2.8378025450158566e-11
11032320 2.8121611565915598e-11
11037312 2.7867515038544985e-11
11042304 2.76157136437985e-11
11047296 2.736618812261854e-11
11052288 2.7118916746327818e-11
11057280 2.6873879857558514e-11
11062272 2.663105674961809e-11
11067264 2.639042793329896e-11
11072256 2.6151973255385064e-11
11077248 2.5915672771518888e-11
11082240 2.5681507928936164e-11
11087232 2.5449459163315313e-11
11092224 2.5219506434546672e-11
11097216 2.4991631867404235e-11
11102208 2.4765816470452276e-11
11107200 2.4542041792904867e-11
11112192 2.4320288079422714e-11
11117184 2.4100539381018138e-11
11122176 2.3882774212238452e-11
11127168 2.366697820794378e-11
11132160 2.345313168932578e-11
11137152 2.324121711055893e-11
11142144 2.3031218245293627e-11
11147136 2.282311619048811e-11
11152128 2.2616894251523134e-11
11157120 2.241253623663786e-11
11162112 2.2210024453868142e-11
11167104 2.2009342293371655e-11
11172096 2.1810473996540888e-11
11177088 2.161340247400223e-11
11182080 2.141811153869591e-11
11187072 2.1224584680801454e-11
11192064 2.103280741832359e-11
11197056 2.084276162880506e-11
11202048 2.0654433653813942e-11
11207040 2.0467807067418492e-11
11212032 2.0282867024086453e-11
11217024 2.0099598030349e-11
11222016 1.9917984904645192e-11
11227008 1.973801352396498e-11
11232000 1.955966725392111e-11
11236992 1.938293330092794e-11
11241984 1.920779529353267e-11
11246976 1.9034240763410315e-11
11251968 1.8862253989629374e-11
11256960 1.8691821311242474e-11
11261952 1.8522928850461806e-11
11266944 1.835556132003674e-11
11271936 1.8189707661105115e-11
11276928 1.802535096011304e-11
11281920 1.7862481133980312e-11
11286912 1.7701081919674344e-11
11291904 1.7541140740449934e-11
11296896 1.7382644879343394e-11
11301888 1.7225581529743683e-11
11306880 1.706993671846818e-11
11311872 1.691569909319235e-11
11316864 1.6762854450867726e-11
11321856 1.661139091890491e-11
11326848 1.6461296678826273e-11
11331840 1.6312557977024603e-11
11336832 1.616516352175062e-11
11341824 1.601910089819545e-11
11346816 1.5874357712107195e-11
11351808 1.5730922966160354e-11
11356800 1.558878328152143e-11
11361792 1.544792841227093e-11
11366784 1.5308346226316032e-11
11371776 1.5170025235604683e-11
11376768 1.5032954543236997e-11
11381760 1.4897121839059502e-11
11386752 1.4762516777289357e-11
11391744 1.4629127215672765e-11
11396736 1.4496943344491827e-11
11401728 1.4365954011109606e-11
11406720 1.4236148609785004e-11
11411712 1.4107515551405689e-11
11416704 1.3980044786446555e-11
11421696 1.385372587525858e-11
11426688 1.3728548137713348e-11
11431680 1.3604502017446284e-11
11436672 1.3481576640640702e-11
11441664 1.335976132330215e-11
11446656 1.3239047128817377e-11
11451648 1.3119423624731452e-11
11456640 1.3000881330920007e-11
11461632 1.2883409508494814e-11
11466624 1.2766999199417818e-11
11471616 1.2651640845325665e-11
11476608 1.2537325022913126e-11
11481600 1.2424042125276647e-11
11486592 1.2311782578428986e-11
11491584 1.220053758897939e-11
11496576 1.2090297838406039e-11
11501568 1.1981054278027703e-11
11506560 1.1872798425828501e-11
11511552 1.1765520415568664e-11
11516544 1.1659210508027279e-11
11521536 1.1553862165752876e-11
11526528 1.1449465832889805e-11
11531520 1.1346011912112541e-11
11536512 1.1243493418566029e-11
11541504 1.1141901516052812e-11
11546496 1.104122682652995e-11
11551488 1.0941462857704864e-11
11556480 1.0842600038293848e-11
11561472 1.0744629485252384e-11
11566464 1.064754480330915e-11
11571456 1.0551337581432563e-11
11576448 1.045599945601744e-11
11581440 1.036152294606879e-11
11586432 1.0267899486389453e-11
11591424 1.0175122138085524e-11
11596416 1.0083183528582229e-11
11601408 9.992075634783493e-12
11606400 9.90178999991237e-12
11611392 9.81231960797769e-12
11616384 9.723659552226054e-12
11621376 9.635799754054683e-12
11626368 9.548733740454649e-12
11631360 9.462454861316101e-12
11636352 9.376955693683385e-12
11641344 9.292228282915203e-12
11646336 9.20826686331753e-12
11651328 9.125064378188985e-12
11656320 9.042613610733998e-12
11661312 8.960907968131802e-12
11666304 8.879941125726862e-12
11671296 8.799704505868606e-12
11676288 8.720194010103435e-12
11681280 8.641400748157272e-12
11686272 8.563320046731386e-12
11691264 8.485944708216349e-12
11696256 8.409269372548898e-12
11701248 8.33328596258389e-12
11706240 8.257989130838028e-12
11711232 8.183372817400674e-12
11716224 8.10943048068032e-12
11721216 8.036156711211322e-12
11726208 7.963545301709284e-12
11731200 7.89158941057861e-12
11736192 7.820284075839345e-12
11741184 7.749622484630698e-12
11746176 7.679599655241559e-12
11751168 7.61020968729072e-12
11756160 7.541446388165955e-12
11761152 7.473305037709887e-12
11766144 7.405778691228266e-12
11771136 7.338862586394514e-12
11776128 7.272550801646739e-12
11781120 7.2068386414853025e-12
11786112 7.141719668603786e-12
11791104 7.07718996253992e-12
11796096 7.013243176305639e-12
11801088 6.9498738112287804e-12
11806080 6.8870773884191494e-12
11811072 6.8248482029494766e-12
11816064 6.763181825376408e-12
11821056 6.702072044467518e-12
11826048 6.641514811392808e-12
11831040 6.5815042745959754e-12
11836032 6.522036178328721e-12
11841024 6.463105658407358e-12
11846016 6.4047067242394985e-12
11851008 6.3468364998993574e-12
11856000 6.289488422492321e-12
11860992 6.23265883488643e-12
11865984 6.176342837087593e-12
11870976 6.120534968228076e-12
11875968 6.0652323282751034e-12
11880960 6.010428506495331e-12
11885952 5.956120147613619e-12
11890944 5.902302473666726e-12
11895936 5.8489718517072335e-12
11900928 5.796122911708796e-12
11905920 5.743750852542362e-12
11910912 5.6918526109126046e-12
11915904 5.640423082052114e-12
11920896 5.589458003450753e-12
11925888 5.538953551968754e-12
11930880 5.488905554032475e-12
11935872 5.4393095930138635e-12
11940864 5.390161753615152e-12
11945856 5.341458286962919e-12
11950848 5.293194706676331e-12
11955840 5.245366749458136e-12
11960832 5.197971610429453e-12
11965824 5.151004080737598e-12
11970816 5.104461493086005e-12
11975808 5.058339272619172e-12
11980800 5.012634513197611e-12
11985792 4.967341642181378e-12
11990784 4.922458708006561e-12
11995776 4.877980822549988e-12
12000768 4.833905302946417e-12
12005760 4.790227700618514e-12
12010752 4.746944989523031e-12
12015744 4.704053318341571e-12
12020736 4.661549240977354e-12
12025728 4.619429453577541e-12
12030720 4.577690243019663e-12
12035712 4.536327951600956e-12
12040704 4.495339157837811e-12
12045696 4.454721097210679e-12
12050688 4.414469983136937e-12
12055680 4.3745823939199275e-12
12060672 4.335055535029109e-12
12065664 4.295885377535258e-12
12070656 4.257069353688188e-12
12075648 4.218604175009169e-12
12080640 4.1804861438884955e-12
12085632 4.142712930855152e-12
12090624 4.105280748368461e-12
12095616 4.0681872646884245e-12
12100608 4.031429151991622e-12
12105600 3.995002562923222e-12
12110592 3.9589053606528535e-12
12115584 3.9231338394162845e-12
12120576 3.887685529405105e-12
12125568 3.852557704277226e-12
12130560 3.817747225125234e-12
12135552 3.783250839342611e-12
12140544 3.749067029046316e-12
12145536 3.715191499393064e-12
12150528 3.6816222813429444e-12
12155520 3.648356552541517e-12
12160512 3.61539053903015e-12
12165504 3.5827234191529445e-12
12170496 3.5503509225191866e-12
12175488 3.518271098190056e-12
12180480 3.4864812392384015e-12
12185472 3.454978254058744e-12
12190464 3.423760407128551e-12
12195456 3.3928243941527533e-12
12200448 3.362167868605371e-12
12205440 3.3317886049469358e-12
12210432 3.301683470895156e-12
12215424 3.2718508444848695e-12
12220416 3.242287383535463e-12
12225408 3.212990637435631e-12
12230400 3.183959547002519e-12
12235392 3.1551909522586907e-12
12240384 3.126681314032098e-12
12245376 3.098429282241688e-12
12250368 3.070433339004419e-12
12255360 3.042689906453122e-12
12260352 3.015196924603669e-12
12265344 2.987952449112868e-12
12270336 2.960954282019918e-12
12275328 2.9342010592070533e-12
12280320 2.90768838840907e-12
12285312 2.8814155729973322e-12
12290304 2.8553799412475315e-12
12295296 2.829580645312413e-12
12300288 2.804013640202163e-12
12305280 2.7786771279867816e-12
12310272 2.753569616247749e-12
12315264 2.728689670050688e-12
12320256 2.7040337999759826e-12
12325248 2.6796011156487998e-12
12330240 2.655388913914268e-12
12335232 2.6313960269756777e-12
12340224 2.6076196520866975e-12
12345216 2.5840585243208736e-12
12350208 2.5607092897676025e-12
12355200 2.537571350019226e-12
12360192 2.514642621814909e-12
12365184 2.491921335502259e-12
12370176 2.4694050248704045e-12
12375168 2.4470927671368936e-12
12380160 2.424981578347652e-12
12385152 2.4030705838784e-12
12390144 2.3813574624906623e-12
12395136 2.359840998452588e-12
12400128 2.338518258404269e-12
12405120 2.3173879749922e-12
12410112 2.2964488594590604e-12
12415104 2.2756987266836504e-12
12420096 2.255136491579774e-12
12425088 2.23476047060467e-12
12430080 2.2145679387519657e-12
12435072 2.1945577233133086e-12
12440064 2.1747284278834117e-12
12445056 2.155079105829234e-12
12450048 2.1356064241585614e-12
12455040 2.1163092502175827e-12
12460032 2.0971871535438464e-12
12465024 2.078238118730828e-12
12470016 2.059459314021537e-12
12475008 2.0408509849942396e-12
12480000 2.0224097752382045e-12
12484992 2.00413599030869e-12
12489984 1.9860270768067685e-12
12494976 1.968082127715832e-12
12499968 1.9502991598427806e-12
12504960 1.932676623546343e-12
12509952 1.9152142069379013e-12
12514944 1.8979087644755485e-12
12519936 1.880760121697859e-12
12524928 1.8637664963107295e-12
12529920 1.846926124149672e-12
12534912 1.8302381902048086e-12
12539904 1.813700686826695e-12
12544896 1.7973126989617971e-12
12549888 1.7810726851696934e-12
12554880 1.764979329183285e-12
12559872 1.7490314397623364e-12
12564864 1.7332277033284865e-12
12569856 1.7175670583727975e-12
12574848 1.7020472301499938e-12
12579840 1.6866680708922463e-12
12584832 1.671428078407755e-12
12589824 1.6563253589854665e-12
12594816 1.6413591406166939e-12
12599808 1.6265287727801336e-12
12604800 1.611832088836166e-12
12609792 1.5972678702475438e-12
12614784 1.5828351884388498e-12
12619776 1.568533497531277e-12
12624768 1.5543602414158221e-12
12629760 1.5403152389780846e-12
12634752 1.5263981513104708e-12
12639744 1.5126059042455675e-12
12644736 1.4989384516592152e-12
12649728 1.485394923381178e-12
12654720 1.4719736931081973e-12
12659712 1.4586730261167968e-12
12664704 1.445492868079486e-12
12669696 1.4324318969288206e-12
12674688 1.4194897427627362e-12
12679680 1.4066636310622327e-12
12684672 1.3939535289941851e-12
12689664 1.3813584607766383e-12
12694656 1.3688763664254644e-12
12699648 1.356508203660109e-12
12704640 1.344251328548989e-12
12709632 1.3321046768179663e-12
12714624 1.3200683317028787e-12
12719616 1.3081406171441188e-12
12724608 1.2963210149416482e-12
12729600 1.2846079614194482e-12
12734592 1.2730009104136575e-12
12739584 1.2614979961052616e-12
12744576 1.2500993079242462e-12
12749568 1.2388045687973015e-12
12754560 1.2276106780423346e-12
12759552 1.2165186392965044e-12
12764544 1.205526889251629e-12
12769536 1.194634235285319e-12
12774528 1.183840243716705e-12
12779520 1.1731436135031803e-12
12784512 1.1625438025436585e-12
12789504 1.1520399434764017e-12
12794496 1.1416309520992374e-12
12799488 1.1313147684280378e-12
12804480 1.1210923682447582e-12
12809472 1.1109629926078779e-12
12814464 1.1009250152141381e-12
12819456 1.0909770266007146e-12
12824448 1.0811192242396079e-12
12829440 1.0713501833803776e-12
12834432 1.0616706081975624e-12
12839424 1.0520778042158452e-12
12844416 1.0425709526233547e-12
12849408 1.033150995310983e-12
12854400 1.0238155832149922e-12
12859392 1.0145645865399393e-12
12864384 1.0053976504011075e-12
12869376 9.963132749368775e-13
12874368 9.873110135619557e-13
12879360 9.783901448682837e-13
12884352 9.695495968249668e-13
12889344 9.60788957074521e-13
12894336 9.521072896724357e-13
12899328 9.435044133930484e-13
12904320 9.349790619132236e-13
12909312 9.265310408040614e-13
12914304 9.181595727269884e-13
12919296 9.098631082117726e-13
12924288 9.016416085971812e-13
12929280 8.934948193083835e-13
12934272 8.854213589120807e-13
12939264 8.774212963467266e-13
12944256 8.69492856566401e-13
12949248 8.616364322319766e-13
12954240 8.538507020236897e-13
12959232 8.461355966987167e-13
12964224 8.384903457620272e-13
12969216 8.309140974196421e-13
12974208 8.234063061847409e-13
12979200 8.159663546699739e-13
12984192 8.08593518868669e-13
12989184 8.012871091031126e-13
12994176 7.940469145229825e-13
12999168 7.868726864274967e-13
13004160 7.797628189962818e-13
13009152 7.727171727907072e-13
13014144 7.657359347209757e-13
13019136 7.588173607558197e-13
13024128 7.51960548862032e-13
13029120 7.451666392932042e-13
13034112 7.38433198585362e-13
13039104 7.31761222796945e-13
13044096 7.251499293938779e-13
13049088 7.185979242207985e-13
13054080 7.121046457982214e-13
13059072 7.056706564576021e-13
13064064 6.99294465332445e-13
13069056 6.929759398684594e-13
13074048 6.867138362201931e-13
13079040 6.805090659957595e-13
13084032 6.743604509706361e-13
13089024 6.682669080101139e-13
13094016 6.622287353902356e-13
13099008 6.562449151800709e-13
13104000 6.503153479832191e-13
13108992 6.444391461440935e-13
13113984 6.386163299565428e-13
13118976 6.328456023263259e-13
13123968 6.271273647953657e-13
13128960 6.214612158217392e-13
13133952 6.158452654086988e-13
13138944 6.102804893381997e-13
13143936 6.047660202485039e-13
13148928 5.99301358556494e-13
13153920 5.938855706220556e-13
13158912 5.885194675342431e-13
13163904 5.832018386136307e-13
13168896 5.779322676278649e-13
13173888 5.727102320650538e-13
13178880 5.67535134706314e-13
13183872 5.624069286580787e-13
13188864 5.573251496386235e-13
13193856 5.522890761102102e-13
13198848 5.472988453532778e-13
13203840 5.423536351433956e-13
13208832 5.374523632249928e-13
13213824 5.32597295259396e-13
13218816 5.277846302359501e-13
13223808 5.230157238804436e-13
13228800 5.182902765804008e-13
13233792 5.136074340759945e-13
13238784 5.089667132718719e-13
13243776 5.043678148741737e-13
13248768 4.99809780848683e-13
13253760 4.952939837893561e-13
13258752 4.908187972062789e-13
13263744 4.863846955402429e-13
13268736 4.819892280541108e-13
13273728 4.776344344043505e-13
13278720 4.733186029377762e-13
13283712 4.690421298447304e-13
13288704 4.648037597171362e-13
13293696 4.606044826285359e-13
13298688 4.564414167809727e-13
13303680 4.523170032966206e-13
13308672 4.482307050234699e-13
13313664 4.441800225011252e-13
13318656 4.4016634954957556e-13
13323648 4.3618927914046424e-13
13328640 4.322478789828277e-13
13333632 4.283425827575349e-13
13338624 4.244716557411099e-13
13343616 4.206367242368114e-13
13348608 4.16835836680729e-13
13353600 4.130694267537316e-13
13358592 4.0933725589441026e-13
13363584 4.056390640050367e-13
13368576 4.0197316051132327e-13
13373568 3.983420581235575e-13
13378560 3.9474283217155737e-13
13383552 3.911755762298324e-13
13388544 3.876408059322096e-13
13393536 3.8413901426072406e-13
13398528 3.8066750272791605e-13
13403520 3.772286732234132e-13
13408512 3.738201784077711e-13
13413504 3.7044242712068144e-13
13418496 3.6709491783165626e-13
13423488 3.637781265455886e-13
13428480 3.6049082555861256e-13
13433472 3.5723331788418927e-13
13438464 3.5400599552454226e-13
13443456 3.508072738550583e-13
13448448 3.476371751229279e-13
13453440 3.4449678353032365e-13
13458432 3.413835953541655e-13
13463424 3.3829909682708963e-13
13468416 3.352425758870736e-13
13473408 3.322135456895298e-13
13478400 3.292119437814883e-13
13483392 3.262370606833619e-13
13488384 3.232893408641027e-13
13493376 3.20368406282745e-13
13498368 3.1747391174286044e-13
13503360 3.146052145574539e-13
13508352 3.1176278322299345e-13
13513344 3.0894591653770795e-13
13518336 3.061551663227635e-13
13523328 3.0338860763923226e-13
13528320 3.0064801984396353e-13
13533312 2.9793192652532996e-13
13538304 2.952390935895277e-13
13543296 2.925722815058651e-13
13548288 2.899286513739395e-13
13553280 2.87309347320186e-13
13558272 2.847133336383867e-13
13563264 2.8214066427056296e-13
13568256 2.7959177941599966e-13
13573248 2.770654799338912e-13
13578240 2.7456185308405027e-13
13583232 2.720810772863236e-13
13588224 2.6962244205796713e-13
13593216 2.6718605125573967e-13
13598208 2.647721445516597e-13
13603200 2.6237902284928535e-13
13608192 2.6000883530991973e-13
13613184 2.576588017765885e-13
13618176 2.5533101953145855e-13
13623168 2.5302352915646836e-13
13628160 2.507372048193237e-13
13633152 2.4847119892125665e-13
13638144 2.4622632491949625e-13
13643136 2.4400129599652996e-13
13648128 2.4179617366613355e-13
13653120 2.396113508339459e-13
13658112 2.374460434779714e-13
13663104 2.3530056001156116e-13
13668096 2.3317482037618504e-13
13673088 2.3106745468518924e-13
13678080 2.2897960177537786e-13
13683072 2.269104998156831e-13
13688064 2.248600018187742e-13
13693056 2.2282859151595558e-13
13698048 2.2081496516497902e-13
13703040 2.1881921188210418e-13
13708032 2.1684156438945723e-13
13713024 2.1488247379380931e-13
13718016 2.1294061966601675e-13
13723008 2.1101658600630335e-13
13728000 2.0910973246268045e-13
13732992 2.0722031829334782e-13
13737984 2.0534827000282334e-13
13742976 2.0349305933290449e-13
13747968 2.0165441210103053e-13
13752960 1.9983249504076808e-13
13757952 1.980269125059433e-13
13762944 1.9623753786477996e-13
13767936 1.944645616411278e-13
13772928 1.9270767207026982e-13
13777920 1.9096641956355525e-13
13782912 1.892410288339485e-13
13787904 1.8753184768960374e-13
13792896 1.8583734811422614e-13
13797888 1.8415749705964158e-13
13802880 1.824937770344981e-13
13807872 1.808444993950604e-13
13812864 1.7921017874161105e-13
13817856 1.7759199059247388e-13
13822848 1.759870461165436e-13
13827840 1.743963982760644e-13
13832832 1.728210299913551e-13
13837824 1.7125895563921256e-13
13842816 1.6971180349900743e-13
13847808 1.68178188389434e-13
13852800 1.6665867904469556e-13
13857792 1.6515358958885118e-13
13862784 1.6366086003777314e-13
13867776 1.621820082745029e-13
13872768 1.6071723967427995e-13
13877760 1.5926420338790992e-13
13882752 1.5782500370056765e-13
13887744 1.5639909072689973e-13
13892736 1.5498615864490025e-13
13897728 1.5358561108356533e-13
13902720 1.5219791741348445e-13
13907712 1.5082265271815333e-13
13912704 1.49459979982558e-13
13917696 1.481096061767273e-13
13922688 1.4677148242525042e-13
13927680 1.4544496120491735e-13
13932672 1.441313295279932e-13
13937664 1.4282941935683147e-13
13942656 1.4153815277948838e-13
13947648 1.4025930311805575e-13
13952640 1.3899227957236816e-13
13957632 1.3773647611791214e-13
13962624 1.3649205463789338e-13
13967616 1.3525849614736622e-13
13972608 1.3403687881829995e-13
13977600 1.328257165423116e-13
13982592 1.316256131866922e-13
13987584 1.3043619496161565e-13
13992576 1.2925771564198385e-13
13997568 1.2808995374790334e-13
14002560 1.2693189397852584e-13
14007552 1.2578548918861998e-13
14012544 1.2464920588761697e-13
14017536 1.235223556162272e-13
14022528 1.2240629064573188e-13
14027520 1.2130054836006012e-13
14032512 1.202044106612954e-13
14037504 1.191186906057684e-13
14042496 1.1804201350011682e-13
14047488 1.1697548434303005e-13
14052480 1.1591888473411194e-13
14057472 1.148715128575084e-13
14062464 1.1383309659468432e-13
14067456 1.1280466065117454e-13
14072448 1.117852772993375e-13
14077440 1.1077560581579657e-13
14082432 1.0977438576198484e-13
14087424 1.0878244919437785e-13
14092416 1.0779951150480249e-13
14097408 1.0682589795391051e-13
14102400 1.0586030749909492e-13
14107392 1.0490274014035572e-13
14112384 1.0395536428203789e-13
14117376 1.030158172835666e-13
14122368 1.0208471878844209e-13
14127360 1.0116300158680147e-13
14132352 1.0024845492311932e-13
14137344 9.93428429796328e-14
14142336 9.844512358081481e-14
14147328 9.755543476108587e-14
14152320 9.667394645446811e-14
14157312 9.580061083904113e-14
14162304 9.493472159684101e-14
14167296 9.407741512895695e-14
14172288 9.322718378529382e-14
14177280 9.238551763879332e-14
14182272 9.155035670532774e-14
14187264 9.072256834663506e-14
14192256 8.990301992445326e-14
14197248 8.909073565682712e-14
14202240 8.828571554375664e-14
14207232 8.74881764256763e-14
14212224 8.669779304193437e-14
14217216 8.59142401318791e-14
14222208 8.513740342000075e-14
14227200 8.436821120130599e-14
14232192 8.360619054709195e-14
14237184 8.285062352397107e-14
14242176 8.210187694445897e-14
14247168 8.135977188242922e-14
14252160 8.062447778477126e-14
14257152 7.989572545219481e-14
14262144 7.917355237268033e-14
14267136 7.845829421062497e-14
14272128 7.774931438923827e-14
14277120 7.70469972434467e-14
14282112 7.635057533123626e-14
14287104 7.566115702711818e-14
14292096 7.497728185685572e-14
14297088 7.429994119956262e-14
14302080 7.362801040178814e-14
14307072 7.296269327032396e-14
14312064 7.230366933453064e-14
14317056 7.164997135698146e-14
14322048 7.1002382983157e-14
14327040 7.036089900601429e-14
14332032 6.972547539341178e-14
14337024 6.909501193496307e-14
14342016 6.84712074853479e-14
14347008 6.785233622864369e-14
14352000 6.723950082046597e-14
14356992 6.66319213346589e-14
14361984 6.602997228849494e-14
14366976 6.543366109362792e-14
14371968 6.484266248940607e-14
14376960 6.425616185592456e-14
14381952 6.367616937202891e-14
14386944 6.310013275778736e-14
14391936 6.252980872946119e-14
14396928 6.196469385774184e-14
14401920 6.140476286034181e-14
14406912 6.08498711487937e-14
14411904 6.030074209065699e-14
14416896 5.975621351555037e-14
14421888 5.921632856984225e-14
14426880 5.868155081599105e-14
14431872 5.815150878191178e-14
14436864 5.762617272470184e-14
14441856 5.710511935677591e-14
14446848 5.6589393070233754e-14
14451840 5.60775809904098e-14
14456832 5.557060695081068e-14
14461824 5.50683924608303e-14
14466816 5.4570909234857165e-14
14471808 5.407842045544387e-14
14476800 5.358969788017702e-14
14481792 5.310558179440645e-14
14486784 5.26255204598538e-14
14491776 5.214958822189532e-14
14496768 5.167922403890417e-14
14501760 5.1212300296924575e-14
14506752 5.0749498743526054e-14
14511744 5.0291078479478696e-14
14516736 4.9836702377097594e-14
14521728 4.9386510999933466e-14
14526720 4.893970087991077e-14
14531712 4.8497810474564254e-14
14536704 4.8059321279547706e-14
14541696 4.7624881469032765e-14
14546688 4.7194778467207765e-14
14551680 4.6767957859412404e-14
14556672 4.634513107329467e-14
14561664 4.592648603461398e-14
14566656 4.5511634304108955e-14
14571648 4.510109374580907e-14
14576640 4.4692765113762967e-14
14581632 4.428928866175457e-14
14586624 4.388861561316182e-14
14591616 4.34921741120728e-14
14596608 4.30991492572633e-14
14601600 4.270966349023186e-14
14606592 4.2323839855449664e-14
14611584 4.194182564868001e-14
14616576 4.1563100059740625e-14
14621568 4.118764791033458e-14
14626560 4.0815383292223893e-14
14631552 4.044647563828806e-14
14636544 4.008087888731193e-14
14641536 3.971860394152547e-14
14646528 3.935991978914009e-14
14651520 3.9004461647746976e-14
14656512 3.865195139604051e-14
14661504 3.830258592935065e-14
14666496 3.795627159930484e-14
14671488 3.761296710959803e-14
14676480 3.7273135966575666e-14
14681472 3.693595184795797e-14
14686464 3.660255692289338e-14
14691456 3.627167435063612e-14
14696448 3.5943722905496775e-14
14701440 3.561891701701924e-14
14706432 3.529761118808983e-14
14711424 3.497874732916184e-14
14716416 3.4662702395882317e-14
14721408 3.4349801648903e-14
14726400 3.40390337368997e-14
14731392 3.3731542673299206e-14
14736384 3.342599379711749e-14
14741376 3.3124151583101854e-14
14746368 3.282461590540231e-14
14751360 3.2528125735805015e-14
14756352 3.223452321038378e-14
14761344 3.194341492707142e-14
14766336 3.165429534469903e-14
14771328 3.136835967730933e-14
14776320 3.108515594228745e-14
14781312 3.08044605448754e-14
14786304 3.052566387333044e-14
14791296 3.025005853309102e-14
14796288 2.9976362797262943e-14
14801280 2.9705476146493023e-14
14806272 2.943728160537118e-14
14811264 2.917186891354673e-14
14816256 2.8908082524981005e-14
14821248 2.864733190249824e-14
14826240 2.8388383044496362e-14
14831232 2.8132227450350378e-14
14836224 2.7877982040902527e-14
14841216 2.7626230296451393e-14
14846208 2.737653853612798e-14
14851200 2.7129990962104777e-14
14856192 2.6884852850905805e-14
14861184 2.66419329003082e-14
14866176 2.640101549723639e-14
14871168 2.616291335073691e-14
14876160 2.5926732834877855e-14
14881152 2.5692447301606247e-14
14886144 2.546031674337995e-14
14891136 2.522987192108211e-14
14896128 2.5001473424353045e-14
14901120 2.477543445648851e-14
14906112 2.4551454358842738e-14
14911104 2.4329713591009217e-14
14916096 2.4110189216854854e-14
14921088 2.3892276834922386e-14
14926080 2.3676327831553595e-14
14931072 2.3463110794541553e-14
14936064 2.325082400916889e-14
14941056 2.3040380367489455e-14
14946048 2.2832013545929056e-14
14951040 2.2625781456730998e-14
14956032 2.2421084086565735e-14
14961024 2.2218392570260674e-14
14966016 2.2017478154920067e-14
14971008 2.181907874699375e-14
14976000 2.1622328036724818e-14
14980992 2.142724916318975e-14
14985984 2.123337144683642e-14
14990976 2.1041870502946924e-14
14995968 2.0851292046310453e-14
15000960 2.0663210706961492e-14
15005952 2.0476336176996338e-14
15010944 2.0291659787376754e-14
15015936 2.010797022150043e-14
15020928 1.9926443307893837e-14
15025920 1.9746626615183098e-14
15030912 1.956778683066813e-14
15035904 1.9391064275120495e-14
15040896 1.9215510502301293e-14
15045888 1.904167167573181e-14
15050880 1.8870300470740763e-14
15055872 1.869926362880759e-14
15060864 1.8530360659211258e-14
15065856 1.8362473325666432e-14
15070848 1.8196339548513968e-14
15075840 1.8032558952996158e-14
15080832 1.7869202491264993e-14
15085824 1.770849092364024e-14
15090816 1.7548787943633126e-14
15095808 1.7390277586015745e-14
15100800 1.723285143057085e-14
15105792 1.7077159998601932e-14
15110784 1.6923094869891742e-14
15115776 1.6770439204005783e-14
15120768 1.661875932007506e-14
15125760 1.6468597319185818e-14
15130752 1.631962794068631e-14
15135744 1.6171959604793784e-14
15140736 1.602570073172549e-14
15145728 1.588063448104693e-14
15150720 1.5737194533627097e-14
15155712 1.5594947208597e-14
15160704 1.5454109346391132e-14
15165696 1.531364729878693e-14
15170688 1.5175419821806983e-14
15175680 1.5038100972808444e-14
15180672 1.490238438191868e-14
15185664 1.4767484110556062e-14
15190656 1.4634229500898552e-14
15195648 1.4501723994281535e-14
15200640 1.4370774535643616e-14
15205632 1.4240475919756198e-14
15210624 1.4111846868338715e-14
15215616 1.3984693326897511e-14
15220608 1.3858281527406631e-14
15225600 1.3733697339091133e-14
15230592 1.3609554694156598e-14
15235584 1.348658389333867e-14
15240576 1.3365138203836788e-14
15245568 1.3244640603870953e-14
15250560 1.3125149096934344e-14
15255552 1.300619768135336e-14
15260544 1.2888887006290428e-14
15265536 1.2772502221739457e-14
15270528 1.2656759321161282e-14
15275520 1.2542408872582636e-14
15280512 1.2429140556538372e-14
15285504 1.2316573769809899e-14
15290496 1.2205314433562678e-14
15295488 1.2094931283237495e-14
15300480 1.1985578765016968e-14
15305472 1.1877228320285368e-14
15310464 1.1770133593967257e-14
15315456 1.1663742602538036e-14
15320448 1.1558228804899843e-14
15325440 1.1453960532567758e-14
15330432 1.1350404123533497e-14
15335424 1.1247357386432531e-14
15340416 1.1145679010582408e-14
15345408 1.1045107516308445e-14
15350400 1.0945130129384825e-14
15355392 1.0845924852675992e-14
15360384 1.07481298167178e-14
15365376 1.0650648810182005e-14
15370368 1.0554708149146386e-14
15375360 1.0459414452439982e-14
15380352 1.0658141036401503e-14
15385344 1.0271205233056163e-14
15390336 1.0658141036401503e-14
15395328 1.008719130699901e-14
15400320 9.995360520510555e-15
15405312 9.905682337124782e-15
15410304 9.81614962924926e-15
15415296 9.727595491926072e-15
15420288 9.639261620043331e-15
15425280 9.552796921552531e-15
15430272 9.466386008405436e-15
15435264 9.38084245699633e-15
15440256 9.295515746021721e-15
15445248 9.212032178740337e-15
15450240 9.128873872110699e-15
15455232 9.04535043741031e-15
15460224 8.963704473505651e-15
15465216 8.882434718304744e-15
15470208 8.801770076671822e-15
15475200 1.0658141036401503e-14
15480192 8.644121606414403e-15
15485184 8.56628136480797e-15
15490176 8.488493976925102e-15
15495168 8.411350480130921e-15
15500160 8.881784197001252e-15
15505152 8.260190675323738e-15
15510144 8.185509561831061e-15
15515136 8.11156697366755e-15
15520128 8.881784197001252e-15
15525120 8.881784197001252e-15
15530112 7.893425496563466e-15
15535104 7.82282085802478e-15
15540096 7.751178171533368e-15
15545088 7.681230361756936e-15
15550080 7.611946698268064e-15
15555072 8.881784197001252e-15
15560064 8.881784197001252e-15
15565056 7.406713007919225e-15
15570048 7.33981618361696e-15
15575040 7.273387810245453e-15
15580032 7.207515677402383e-15
15585024 7.142493529977362e-15
15590016 7.105427357601002e-15
15595008 7.105427357601002e-15
15600000 8.881784197001252e-15
15604992 7.105427357601002e-15
15609984 7.105427357601002e-15
15614976 7.105427357601002e-15
15619968 7.105427357601002e-15
15624960 6.641360424205792e-15
15629952 6.580905839176969e-15
15634944 6.521100421833926e-15
15639936 7.105427357601002e-15
15644928 7.105427357601002e-15
15649920 7.105427357601002e-15
15654912 7.105427357601002e-15
15659904 7.105427357601002e-15
15664896 7.105427357601002e-15
15669888 7.105427357601002e-15
15674880 1.0658141036401503e-14
15679872 7.105427357601002e-15
15684864 5.955452919731635e-15
15689856 7.105427357601002e-15
15694848 8.881784197001252e-15
15699840 5.79525724429601e-15
15704832 6.217248937900877e-15
15709824 5.690824647729779e-15
15714816 7.105427357601002e-15
15719808 7.105427357601002e-15
15724800 5.537193442878189e-15
15729792 7.105427357601002e-15
15734784 5.4372667638944295e-15
15739776 7.105427357601002e-15
15744768 7.105427357601002e-15
15749760 7.105427357601002e-15
15754752 5.329070518200751e-15
15759744 5.329070518200751e-15
15764736 7.105427357601002e-15
15769728 7.105427357601002e-15
15774720 7.105427357601002e-15
15779712 5.329070518200751e-15
15784704 5.329070518200751e-15
15789696 7.105427357601002e-15
15794688 7.105427357601002e-15
15799680 7.105427357601002e-15
15804672 8.881784197001252e-15
15809664 7.105427357601002e-15
15814656 5.329070518200751e-15
15819648 7.105427357601002e-15
15824640 5.329070518200751e-15
15829632 8.881784197001252e-15
15834624 5.329070518200751e-15
15839616 5.329070518200751e-15
15844608 7.105427357601002e-15
15849600 5.329070518200751e-15
15854592 6.217248937900877e-15
15859584 7.105427357601002e-15
15864576 5.329070518200751e-15
15869568 5.329070518200751e-15
15874560 5.329070518200751e-15
15879552 7.105427357601002e-15
15884544 7.105427357601002e-15
15889536 7.105427357601002e-15
15894528 5.329070518200751e-15
15899520 8.881784197001252e-15
15904512 5.329070518200751e-15
15909504 7.105427357601002e-15
15914496 7.105427357601002e-15
15919488 5.329070518200751e-15
15924480 5.329070518200751e-15
15929472 5.329070518200751e-15
15934464 7.105427357601002e-15
15939456 8.881784197001252e-15
15944448 5.329070518200751e-15
15949440 5.329070518200751e-15
15954432 7.105427357601002e-15
15959424 7.105427357601002e-15
15964416 8.881784197001252e-15
15969408 5.329070518200751e-15
15974400 7.105427357601002e-15
15979392 7.105427357601002e-15
15984384 7.105427357601002e-15
15989376 7.105427357601002e-15
15994368 7.105427357601002e-15
15999360 5.329070518200751e-15
16004352 7.105427357601002e-15
16009344 8.881784197001252e-15
16014336 7.105427357601002e-15
16019328 7.105427357601002e-15
16024320 7.105427357601002e-15
16029312 7.105427357601002e-15
16034304 7.105427357601002e-15
16039296 7.105427357601002e-15
16044288 5.329070518200751e-15
16049280 4.440892098500626e-15
16054272 5.329070518200751e-15
16059264 7.105427357601002e-15
16064256 8.881784197001252e-15
16069248 8.881784197001252e-15
16074240 5.329070518200751e-15
16079232 7.105427357601002e-15
16084224 3.9968028886505635e-15
16089216 7.105427357601002e-15
16094208 8.881784197001252e-15
16099200 7.105427357601002e-15
16104192 7.105427357601002e-15
16109184 5.329070518200751e-15
16114176 5.329070518200751e-15
16119168 5.329070518200751e-15
16124160 5.329070518200751e-15
16129152 7.105427357601002e-15
16134144 5.329070518200751e-15
16139136 5.329070518200751e-15
16144128 3.552713678800501e-15
16149120 7.105427357601002e-15
16154112 5.329070518200751e-15
16159104 5.329070518200751e-15
16164096 4.440892098500626e-15
16169088 5.329070518200751e-15
16174080 5.329070518200751e-15
16179072 7.105427357601002e-15
16184064 7.105427357601002e-15
16189056 1.0658141036401503e-14
16194048 3.552713678800501e-15
16199040 7.105427357601002e-15
16204032 7.105427357601002e-15
16209024 5.329070518200751e-15
16214016 5.329070518200751e-15
16219008 5.329070518200751e-15
16224000 7.105427357601002e-15
16228992 5.329070518200751e-15
16233984 3.552713678800501e-15
16238976 7.105427357601002e-15
16243968 7.105427357601002e-15
16248960 5.329070518200751e-15
16253952 5.329070518200751e-15
16258944 5.329070518200751e-15
16263936 7.105427357601002e-15
16268928 7.105427357601002e-15
16273920 5.329070518200751e-15
16278912 5.329070518200751e-15
16283904 5.329070518200751e-15
16288896 3.552713678800501e-15
16293888 3.552713678800501e-15
16298880 5.329070518200751e-15
16303872 5.329070518200751e-15
