0 12.765903980262319
4992 5.25123943849385
9984 2.9740602750881227
14976 1.9887415145463883
19968 1.3941681210450594
24960 1.169083060358913
29952 0.9858911976364435
34944 0.8353712436368477
39936 0.706418137120246
44928 0.6073621457923238
49920 0.5434225753718045
54912 0.48799216705968407
59904 0.43915331596285023
64896 0.3940980235481679
69888 0.35299749665615776
74880 0.3180119890169073
79872 0.2870840552429108
84864 0.2614598012317746
89856 0.2395313913722008
94848 0.2190946440933743
99840 0.20019328853056395
104832 0.18281236325610584
109824 0.16689799249646198
114816 0.1529214178251599
119808 0.14047193126741808
124800 0.12904129369487505
129792 0.11856243911805064
134784 0.10896733260042657
139776 0.10022531343031038
144768 0.09311469459267507
149760 0.08655518496681913
154752 0.08050457104358077
159744 0.07492294366575636
164736 0.06977296419347234
169728 0.06501995602852073
174720 0.06063188179383827
179712 0.05668857739665678
184704 0.05308807136190796
189696 0.049750806998231756
194688 0.04665608907216501
199680 0.043784916503697424
204672 0.04111985687830222
209664 0.0386449222057097
214656 0.036345449311913525
219648 0.03420798689610427
224640 0.032220190332545195
229632 0.0304268309728013
234624 0.028830912646074736
239616 0.027335630008839762
244608 0.02593440310534001
249600 0.024621069830312536
254592 0.023389862690069152
259584 0.022235386053727546
264576 0.021152594145808168
269568 0.020136769931330845
274560 0.019183504975581633
279552 0.018288680313824135
284544 0.017448448335043
289536 0.016659215663608506
294528 0.01591762701002719
299520 0.015259005556042426
304512 0.014658375334327733
309504 0.014090511104199566
314496 0.013553490632021603
319488 0.013045497250171456
324480 0.012564815647405525
329472 0.012109827571616771
334464 0.011679007497310656
339456 0.011270918300821109
344448 0.010884206978366173
349440 0.01051760043535327
354432 0.010195586648038145
359424 0.009898394846051381
364416 0.00961483734975033
369408 0.00934419432670581
374400 0.009085781546893427
379392 0.008838949287092179
384384 0.00860308115591061
389376 0.008377592863234282
394368 0.008161930954115264
399360 0.007971678610992072
404352 0.007796160933573548
409344 0.007627135485382686
414336 0.007464305193970511
419328 0.007307385460337823
424320 0.007156103971509675
429312 0.007028752324919119
434304 0.006912373042490261
439296 0.00679945864665521
444288 0.006689852798683393
449280 0.006583406780379553
454272 0.006479979229304655
459264 0.006391285019988702
464256 0.006312846405864714
469248 0.006235923999185933
474240 0.006160458401545776
479232 0.006086393625549469
484224 0.006024666759583963
489216 0.005967233305991304
494208 0.005910265199039255
499200 0.005853757170949381
504192 0.00579770465791446
509184 0.005748871605639472
514176 0.005702652546652864
519168 0.005656409662288697
524160 0.00561016306030615
529152 0.005563932115597636
534144 0.005517735468948737
539136 0.0054715910283457125
544128 0.005425515972606987
549120 0.005379916216028013
554112 0.005337062113879409
559104 0.005295665643626324
564096 0.00525420846609953
569088 0.005212712335499581
574080 0.0051711979460074
579072 0.005129684966986403
584064 0.0050881920778944045
589056 0.0050467370028085545
594048 0.005005336544496808
599040 0.0049640066179583164
604032 0.004922762283388615
609024 0.004881617778504932
614016 0.004840586550205361
619008 0.004799681285512725
624000 0.004758913941784237
628992 0.004718295776159398
633984 0.004677837374229554
638976 0.004637548677915659
643968 0.00459743901254589
648960 0.004557517113126408
653952 0.00451779114980666
658944 0.004478268752536652
663936 0.00443895703492278
668928 0.00439986261728853
673920 0.004361530590444834
678912 0.004323438653253714
683904 0.0042855623871974335
688896 0.004247907219387115
693888 0.004210478165865811
698880 0.004173279851369643
703872 0.004136727520835604
708864 0.004100941240704009
713856 0.00406537083141259
718848 0.004030019999461287
723840 0.003994892147639623
728832 0.00395999038984185
733824 0.003925317565254549
738816 0.0038908762519383744
743808 0.0038566687798237964
748800 0.0038226972431475437
753792 0.003788963512346255
758784 0.0037554692454288274
763776 0.003722215898849579
768768 0.0036892047378994652
773760 0.0036564368466345254
778752 0.0036239131373609346
783744 0.0035916343596938127
788736 0.0035596011092055846
793728 0.003527813835684207
798720 0.0034962728510122
803712 0.0034649783366866305
808704 0.0034339303509932084
813696 0.0034031288358472023
818688 0.0033725736233190806
823680 0.003342264441854176
828672 0.0033122009222031623
833664 0.0032823826030716208
838656 0.003252808936505175
843648 0.003223479293017889
848640 0.003194392966477916
853632 0.0031655491787583867
858624 0.003136947084167091
863616 0.0031085857736609657
868608 0.003080464278858497
873600 0.0030525815758554453
878592 0.0030249365888571356
883584 0.0029975281936299725
888576 0.0029703552207859807
893568 0.0029434164589035583
898560 0.0029167106574940482
903552 0.0028902365298211496
908544 0.0028639927555781097
913536 0.0028379779834318275
918528 0.002812190833437811
923520 0.0027866298993324823
928512 0.00276129375071002
933504 0.00273618093508593
938496 0.002711289979856285
943488 0.0026866193941543492
948480 0.0026621676706116426
953472 0.002637933287026273
958464 0.002613914707944004
963456 0.002590110386155947
968448 0.002566518764115955
973440 0.0025431382752832687
978432 0.002520100296934308
983424 0.002497436342903614
988416 0.002474969526514048
993408 0.002452698475479742
998400 0.0024306218099946764
1003392 0.002408738143731687
1008384 0.0023870460847919273
1013376 0.002365544236603956
1018368 0.0023442311987755537
1023360 0.0023231055679016066
1028352 0.002302165938328049
1033344 0.0022814109028757024
1038336 0.0022608390535247685
1043328 0.002240448982062382
1048320 0.00222023928069523
1053312 0.0022002085426275214
1058304 0.002180355362607661
1063296 0.0021606783374439054
1068288 0.002141176066490766
1073280 0.002121847152108308
1078272 0.0021026902000941816
1083264 0.002083703820090599
1088256 0.0020648866259679183
1093248 0.002046237236184467
1098240 0.002027754274125382
1103232 0.0020094363684203254
1108224 0.001991282153241125
1113216 0.0019732902685817982
1118208 0.001955459360519163
1123200 0.0019377880814578918
1128192 0.001920275090358109
1133184 0.0019029190529487872
1138176 0.0018857186419255906
1143168 0.0018686725371350327
1148160 0.0018517794257458253
1153152 0.0018350380024069607
1158144 0.001818446969394441
1163136 0.0018020050367461848
1168128 0.0017857109223862605
1173120 0.0017695633522390314
1178112 0.0017535610603334195
1183104 0.001737702788897788
1188096 0.0017219872884460669
1193088 0.001706413317855815
1198080 0.001690979644438123
1203072 0.0016756850439996474
1208064 0.0016605283008985644
1213056 0.0016455082080923805
1218048 0.0016306235671806613
1223040 0.0016158731884403366
1228032 0.0016012558908569535
1233024 0.001586770502148574
1238016 0.0015724158587858833
1243008 0.0015581908060069288
1248000 0.0015440941978273892
1252992 0.001530124897045862
1257984 0.0015162817752461671
1262976 0.0015025637127947106
1267968 0.0014889695988344331
1272960 0.001475498331275707
1277952 0.001462148816783429
1282944 0.0014489199707612421
1287936 0.0014358107173326473
1292928 0.0014228199893199234
1297920 0.0014099467282194106
1302912 0.0013971898841757258
1307904 0.0013845484159524385
1312896 0.0013720212909012208
1317888 0.0013596074849290124
1322880 0.001347305982463104
1327872 0.0013351157764144722
1332864 0.0013230358681394355
1337856 0.0013110652673999496
1342848 0.001299202992322293
1347840 0.0012874480693544077
1352832 0.0012757995332218774
1357824 0.0012642564268832562
1362816 0.0012528178014835634
1367808 0.001241482716307446
1372800 0.0012302502387306763
1377792 0.0012191194441721481
1382784 0.0012080894160430983
1387776 0.0011971592456976182
1392768 0.0011863280323809594
1397760 0.0011755948831782687
1402752 0.0011649589129624216
1407744 0.0011544192443410234
1412736 0.0011439750076036315
1417728 0.001133625340668104
1422720 0.0011233693890267196
1427712 0.0011132063056922964
1432704 0.0011031352511433404
1437696 0.0010931553932699636
1442688 0.0010832659073186021
1447680 0.0010734659758373163
1452672 0.001063754788620773
1457664 0.0010541315426548306
1462656 0.0010445954420615772
1467648 0.0010351456980439155
1472640 0.0010257815288304273
1477632 0.0010165021596200835
1482624 0.0010073068225270598
1487616 0.0009981947565256694
1492608 0.0009891652073952886
1497600 0.0009802174276653877
1502592 0.0009713506765608587
1507584 0.0009625642199472609
1512576 0.0009538573302763989
1517568 0.0009452292865318943
1522560 0.0009366793741750895
1527552 0.0009282068850912928
1532544 0.0009198111175356682
1537536 0.0009114913760802021
1542528 0.0009032469715600719
1547520 0.000895077221020911
1552512 0.0008869814476658161
1557504 0.0008789589808031531
1562496 0.0008710091557940641
1567488 0.000863131314000648
1572480 0.0008553248027344876
1577472 0.0008475889752050381
1582464 0.0008399231904687374
1587456 0.000832326813378359
1592448 0.0008247992145323582
1597440 0.000817339770225009
1602432 0.0008099478623965831
1607424 0.0008026228785836739
1612416 0.0007953642118705417
1617408 0.0007881712608398539
1622400 0.0007810434295244667
1627392 0.0007739801273594152
1632384 0.000766980769133993
1637376 0.0007600447749442907
1642368 0.0007531715701463021
1647360 0.0007463605853090388
1652352 0.0007396112561682822
1657344 0.000732923023580398
1662336 0.0007262953334768452
1667328 0.000719727636818622
1672320 0.0007132193895515587
1677312 0.0007067700525613951
1682304 0.0007003790916297256
1687296 0.0006940459773900273
1692288 0.0006877701852840076
1697280 0.000681551195518465
1702272 0.0006753884930224482
1707264 0.0006692815674045269
1712256 0.000663229912910894
1717248 0.000657233028383386
1722240 0.000651290417218009
1727232 0.0006454015873238322
1732224 0.0006395660510821952
1737216 0.0006337833253062669
1742208 0.0006280529312009606
1747200 0.0006223743943230275
1752192 0.0006167472445418806
1757184 0.0006111710160003614
1762176 0.0006056452470759172
1767168 0.000600169480342326
1772160 0.0005947432625315677
1777152 0.0005893661444959716
1782144 0.0005840376811709486
1787136 0.0005787574315377908
1792128 0.0005735249585868685
1797120 0.0005683398292812766
1802112 0.00056320161452059
1807104 0.0005581098891051829
1812096 0.0005530642317005154
1817088 0.0005480642248022263
1822080 0.0005431094547010337
1827072 0.0005381995114482549
1832064 0.0005333339888215459
1837056 0.0005285124842910258
1842048 0.000523734598985439
1847040 0.000518999937659026
1852032 0.0005143081086583234
1857024 0.0005096587238895035
1862016 0.0005050513987858614
1867008 0.000500485752275695
1872000 0.0004959614067503691
1876992 0.0004914779880328089
1881984 0.00048703512534614343
1886976 0.0004826324512827024
1891968 0.0004782696017732735
1896960 0.00047394621605664766
1901952 0.00046966193664947295
1906944 0.0004654164093162265
1911936 0.00046120928303975545
1916928 0.0004570402099917381
1921920 0.0004529088455036967
1926912 0.00044881484803812113
1931904 0.0004447578791598704
1936896 0.0004407376035079173
1941888 0.0004367536887672635
1946880 0.0004328058056411038
1951872 0.00042889362782335544
1956864 0.00042501683197130116
1961856 0.00042117509767859024
1966848 0.0004173681074484299
1971840 0.00041359554666699563
1976832 0.00040985710357718114
1981824 0.00040615246925249093
1986816 0.00040248133757124493
1991808 0.00039884340519092884
1996800 0.00039523837152290534
2001792 0.0003916659387072606
2006784 0.00038812581158786247
2011776 0.00038461769768777243
2016768 0.0003811413071847791
2021760 0.000377696352887133
2026752 0.00037428255020960366
2031744 0.00037089961714973155
2036736 0.0003675472742641628
2041728 0.0003642252446454351
2046720 0.00036093325389876044
2051712 0.00035767103011919224
2056704 0.0003544383038688176
2061696 0.0003512348081543895
2066688 0.00034806027840491444
2071680 0.00034491445244965585
2076672 0.0003417970704962525
2081664 0.0003387078751089512
2086656 0.00033564661118724165
2091648 0.00033261302594447123
2096640 0.0003296068688868718
2101632 0.0003266278917925247
2106624 0.00032367584869079716
2111616 0.0003207504958417165
2116608 0.0003178515917157364
2121600 0.0003149788969735272
2126592 0.0003121321744460996
2131584 0.0003093111891149594
2136576 0.00030651570809255707
2141568 0.0003037455006029144
2146560 0.00030100033796230316
2151552 0.00029827999356030546
2156544 0.0002955842428408288
2161536 0.0002929128632835065
2166528 0.0002902656343850493
2171520 0.00028764233764101005
2176512 0.0002850427565274649
2181504 0.0002824666764830886
2186496 0.000279913884891252
2191488 0.0002773841710622636
2196480 0.0002748773262159672
2201472 0.0002723931434642588
2206464 0.00026993141779388906
2211456 0.0002674919460494661
2216448 0.0002650745269164711
2221440 0.0002626789609045735
2226432 0.0002603050503310108
2231424 0.0002579525993041589
2236416 0.00025562141370724135
2241408 0.00025331130118217554
2246400 0.00025102207111362025
2251392 0.0002487535346130561
2256384 0.0002465055045031781
2261376 0.0002442777953022557
2266368 0.00024207022320877312
2271360 0.0002398826060861347
2276352 0.00023771476344752046
2281344 0.00023556651644093297
2286336 0.0002334376878342908
2291328 0.00023132810200073364
2296320 0.00022923758490403165
2301312 0.0002271659640841403
2306304 0.00022511306864285777
2311296 0.00022307872922965044
2316288 0.00022106277802761386
2321280 0.00021906504873948733
2326272 0.00021708537657389414
2331264 0.00021512359823166842
2336256 0.0002131795518922567
2341248 0.00021125307720033966
2346240 0.0002093440152524887
2351232 0.00020745220858402538
2356224 0.00020557750115589822
2361216 0.00020371973834179026
2366208 0.0002018787669152665
2371200 0.00020005443503707393
2376192 0.00019824659224255275
2381184 0.00019645508942913066
2386176 0.00019467977884401674
2391168 0.00019292051407189363
2396160 0.00019117715002278483
2401152 0.00018944954292008515
2406144 0.0001877375502885477
2411136 0.0001860410309425728
2416128 0.00018435984497443096
2421120 0.00018269385374270614
2426112 0.00018104291986079622
2431104 0.00017940690718551942
2436096 0.00017778568080586976
2441088 0.0001761791070317726
2446080 0.00017458705338309344
2451072 0.00017300938857859813
2456064 0.0001714459825250883
2461056 0.00016989670630667385
2466048 0.00016836143217402282
2471040 0.00016684003353383686
2476032 0.00016533238493835964
2481024 0.00016383836207495284
2486016 0.00016235784175584744
2491008 0.00016089070190792448
2496000 0.00015943682156261373
2500992 0.00015799608084587566
2505984 0.00015656836096825458
2510976 0.00015515354421511383
2515968 0.00015375151393681383
2520960 0.00015236215453911725
2525952 0.00015098535147358393
2530944 0.00014962099122810095
2535936 0.00014826896131751345
2540928 0.00014692915027428657
2545920 0.0001456014476392993
2550912 0.00014428574395267992
2555904 0.00014298193074481318
2560896 0.00014168990052727988
2565888 0.0001404095467840488
2570880 0.00013914076396259138
2575872 0.00013788344746521342
2580864 0.00013663749364037272
2585856 0.00013540279977409912
2590848 0.0001341792640815213
2595840 0.00013296678569844293
2600832 0.0001317652646729969
2605824 0.00013057460195738547
2610816 0.00012939469939967762
2615808 0.00012822545973571482
2620800 0.00012706678658106364
2625792 0.00012591858442302303
2630784 0.0001247807586127747
2635776 0.00012365321535751702
2640768 0.00012253586171272028
2645760 0.00012142860557446799
2650752 0.00012033135567181621
2655744 0.00011924402155926925
2660736 0.00011816651360929079
2665728 0.0001170987430048993
2670720 0.00011604062173234571
2675712 0.00011499206257380937
2680704 0.00011395297910020766
2685696 0.00011292328566407314
2690688 0.00011190289739243086
2695680 0.00011089173017983858
2700672 0.00010988970068139068
2705664 0.0001088967263058703
2710656 0.00010791272520889114
2715648 0.00010693761628617106
2720640 0.00010597131916681175
2725632 0.00010501375420664868
2730624 0.00010406484248171206
2735616 0.00010312450578166266
2740608 0.0001021926666033594
2745600 0.00010126924814444875
2750592 0.00010035417429702601
2755584 9.944736964134261e-05
2760576 9.854875943958626e-05
2765568 9.765826962969924e-05
2770560 9.677582681927484e-05
2775552 9.59013582794762e-05
2780544 9.503479193905678e-05
2785536 9.417605637839204e-05
2790528 9.332508082358741e-05
2795520 9.248179514062451e-05
2800512 9.164612982959317e-05
2805504 9.081801601893476e-05
2810496 8.999738545975057e-05
2815488 8.918417052019862e-05
2820480 8.837830417986886e-05
2825472 8.757972002428581e-05
2830464 8.678835223939734e-05
2835456 8.600413560616669e-05
2840448 8.522700549517398e-05
2845440 8.445689786128283e-05
2850432 8.369374923835552e-05
2855424 8.293749673402104e-05
2860416 8.218807802446663e-05
2865408 8.144543134931681e-05
2870400 8.070949550651341e-05
2875392 7.998020984728224e-05
2880384 7.925751427111886e-05
2885376 7.854134922083075e-05
2890368 7.78316556776142e-05
2895360 7.71283751562048e-05
2900352 7.643144970002382e-05
2905344 7.57408218764145e-05
2910336 7.50564347719038e-05
2915328 7.437823198748385e-05
2920320 7.370615763399504e-05
2925312 7.304015632747171e-05
2930304 7.238017318460764e-05
2935296 7.172615381821016e-05
2940288 7.107804433270984e-05
2945280 7.043579131973173e-05
2950272 6.979934185366273e-05
2955264 6.916864348731474e-05
2960256 6.854364424756969e-05
2965248 6.792429263110904e-05
2970240 6.731053760016458e-05
2975232 6.670232857829269e-05
2980224 6.609961544621918e-05
2985216 6.550234853769767e-05
2990208 6.491047863541174e-05
2995200 6.432395696691394e-05
3000192 6.37427352006086e-05
3005184 6.31667654417585e-05
3010176 6.25960002285323e-05
3015168 6.203039252810228e-05
3020160 6.146989573274555e-05
3025152 6.091446365602245e-05
3030144 6.036405052894413e-05
3035136 5.98186109962125e-05
3040128 5.927810011247328e-05
3045120 5.874247333861448e-05
3050112 5.8211686538083614e-05
3055104 5.7685695973259087e-05
3060096 5.716445830182375e-05
3065088 5.664793057322303e-05
3070080 5.6136070225084895e-05
3075072 5.562883507973437e-05
3080064 5.5126183340711496e-05
3085056 5.4628073589314905e-05
3090048 5.413446478119742e-05
3095040 5.3645316242972516e-05
3100032 5.3160587668864105e-05
3105024 5.268023911738371e-05
3110016 5.220423100803879e-05
3115008 5.173252411805806e-05
3120000 5.126507957916703e-05
3124992 5.0801858874382697e-05
3129984 5.034282383483161e-05
3134976 4.988793663660831e-05
3139968 4.943715979765454e-05
3144960 4.899045617466494e-05
3149952 4.85477889600283e-05
3154944 4.810912167879525e-05
3159936 4.767441818566117e-05
3164928 4.724364266199543e-05
3169920 4.681675961288852e-05
3174912 4.639373386420946e-05
3179904 4.597453055973141e-05
3184896 4.555911515823378e-05
3189888 4.514745343067077e-05
3194880 4.473951145733896e-05
3199872 4.4335255625084415e-05
3204864 4.393465262453886e-05
3209856 4.353766944735493e-05
3214848 4.314427338350697e-05
3219840 4.275443201857618e-05
3224832 4.236811323108866e-05
3229824 4.198528518986394e-05
3234816 4.1605916351389414e-05
3239808 4.1229975457222207e-05
3244800 4.085743153141221e-05
3249792 4.048825387794816e-05
3254784 4.012241207822101e-05
3259776 3.97598759885316e-05
3264768 3.9400615737586984e-05
3269760 3.9044601724049725e-05
3274752 3.869180461409539e-05
3279744 3.834219533899218e-05
3284736 3.799574509270789e-05
3289728 3.7652425329535045e-05
3294720 3.7312207761727376e-05
3299712 3.6975064357193475e-05
3304704 3.664096733715103e-05
3309696 3.630988917386604e-05
3314688 3.59818025883734e-05
3319680 3.565668054822391e-05
3324672 3.5334496265259936e-05
3329664 3.5015223193410805e-05
3334656 3.4698835026497924e-05
3339648 3.4385305696072246e-05
3344640 3.407460936925757e-05
3349632 3.376672044663395e-05
3354624 3.346161356011638e-05
3359616 3.315926357086614e-05
3364608 3.2859645567220874e-05
3369600 3.256273486264348e-05
3374592 3.226850699368034e-05
3379584 3.1976937717951865e-05
3384576 3.168800301215019e-05
3389568 3.140167907006051e-05
3394560 3.11179423005967e-05
3399552 3.083676932586453e-05
3404544 3.0558136979222644e-05
3409536 3.028202230338328e-05
3414528 3.0008402548516644e-05
3419520 2.9737255170374146e-05
3424512 2.9468557828432477e-05
3429504 2.920228838405414e-05
3434496 2.893842489865386e-05
3439488 2.8676945631905294e-05
3444480 2.8417829039935642e-05
3449472 2.8161053773557076e-05
3454464 2.7906598676502537e-05
3459456 2.7654442783689274e-05
3464448 2.7404565319484554e-05
3469440 2.7156945695996308e-05
3474432 2.6911563511374404e-05
3479424 2.6668398548131654e-05
3484416 2.6427430771474138e-05
3489408 2.6188640327655822e-05
3494400 2.5952007542335122e-05
3499392 2.5717512918960097e-05
3504384 2.5485137137157754e-05
3509376 2.5254861051139622e-05
3514368 2.5026665688133347e-05
3519360 2.480053224680626e-05
3524352 2.4576442095726025e-05
3529344 2.4354376771821076e-05
3534336 2.4134317978858396e-05
3539328 2.3916247585937557e-05
3544320 2.3700147625997344e-05
3549312 2.348600029432931e-05
3554304 2.3273787947120832e-05
3559296 2.3063493099988175e-05
3564288 2.2855098426548173e-05
3569280 2.264858675697992e-05
3574272 2.2443941076618788e-05
3579264 2.224114452454738e-05
3584256 2.204018039220993e-05
3589248 2.184103212203082e-05
3594240 2.1643683306059097e-05
3599232 2.1448117684603682e-05
3604224 2.1254319144908915e-05
3609216 2.1062271719809707e-05
3614208 2.0871959586429628e-05
3619200 2.0683367064871193e-05
3624192 2.0496478616919807e-05
3629184 2.0311278844774598e-05
3634176 2.012775248976667e-05
3639168 1.9945884431111192e-05
3644160 1.9765659684655356e-05
3649152 1.9587063401648244e-05
3654144 1.941008086751481e-05
3659136 1.9234697500641797e-05
3664128 1.9060898851177947e-05
3669120 1.8888670599847245e-05
3674112 1.8717998556760625e-05
3679104 1.8548868660254146e-05
3684096 1.8381266975723686e-05
3689088 1.8215179694482412e-05
3694080 1.8050593132621067e-05
3699072 1.7887493729879097e-05
3704064 1.7725868048527275e-05
3709056 1.7565702772263762e-05
3714048 1.7406984705110396e-05
3719040 1.7249700770333794e-05
3724032 1.709383800935964e-05
3729024 1.693938358071016e-05
3734016 1.6786324758943775e-05
3739008 1.663464893360625e-05
3744000 1.6484343608193317e-05
3748992 1.6335396399120043e-05
3753984 1.6187795034700698e-05
3758976 1.604152735413416e-05
3763968 1.5896581306510033e-05
3768960 1.5752944949805965e-05
3773952 1.5610606449909924e-05
3778944 1.5469554079643763e-05
3783936 1.532977621779535e-05
3788928 1.5191261348165234e-05
3793920 1.5053998058608855e-05
3798912 1.4917975040105763e-05
3803904 1.478318108582503e-05
3808896 1.4649605090197282e-05
3813888 1.4517236048005927e-05
3818880 1.4386063053475331e-05
3823872 1.425607529937636e-05
3828864 1.4127262076130934e-05
3833856 1.399961277093653e-05
3838848 1.3873116866883e-05
3843840 1.3747763942095173e-05
3848832 1.362354366886778e-05
3853824 1.3500445812813806e-05
3858816 1.3378460232029007e-05
3863808 1.3257576876246017e-05
3868800 1.3137785786014253e-05
3873792 1.3019077091874082e-05
3878784 1.2901441013547029e-05
3883776 1.2784867859129022e-05
3888768 1.2669348024290142e-05
3893760 1.2554871991485544e-05
3898752 1.2441430329168538e-05
3903744 1.2329013691018097e-05
3908736 1.2217612815162027e-05
3913728 1.2107218523422798e-05
3918720 1.1997821720551006e-05
3923712 1.1889413393481184e-05
3928704 1.1781984610595517e-05
3933696 1.1675526520974226e-05
3938688 1.1570030353675437e-05
3943680 1.1465487417013434e-05
3948672 1.1361889097836466e-05
3953664 1.1259226860821912e-05
3958656 1.11574922477684e-05
3963648 1.105667687690767e-05
3968640 1.0956772442203416e-05
3973632 1.0857770712671818e-05
3978624 1.0759663531705868e-05
3983616 1.0662442816397957e-05
3988608 1.0566100556877868e-05
3993600 1.0470628815652705e-05
3998592 1.0376019726947164e-05
4003584 1.028226549606515e-05
4008576 1.0189358398740556e-05
4013568 1.0097290780500191e-05
4018560 1.0006055056039818e-05
4023552 9.915643708590543e-06
4028544 9.826049289307767e-06
4033536 9.737264416649388e-06
4038528 9.649281775775701e-06
4043520 9.562094117941049e-06
4048512 9.475694259896859e-06
4053504 9.390075083302927e-06
4058496 9.305229534139017e-06
4063488 9.221150622123076e-06
4068480 9.137831420137372e-06
4073472 9.05526506365462e-06
4078464 8.973444750174091e-06
4083456 8.892363738662924e-06
4088448 8.812015348998354e-06
4093440 8.732392961417377e-06
4098432 8.653490015972636e-06
4103424 8.575300011990489e-06
4108416 8.497816507537577e-06
4113408 8.421033118885665e-06
4118400 8.344943519991005e-06
4123392 8.269541441971266e-06
4128384 8.194820672586362e-06
4133376 8.120775055730611e-06
4138368 8.047398490921697e-06
4143360 7.974684932801558e-06
4148352 7.902628390636082e-06
4153344 7.83122292782293e-06
4158336 7.760462661400124e-06
4163328 7.690341761565204e-06
4168320 7.620854451190098e-06
4173312 7.551995005348198e-06
4178304 7.483757750844245e-06
4183296 7.416137065740646e-06
4188288 7.349127378902484e-06
4193280 7.282723169531476e-06
4198272 7.216918966716031e-06
4203264 7.151709348977723e-06
4208256 7.087088943823791e-06
4213248 7.0230524273088494e-06
4218240 6.959594523590906e-06
4223232 6.89671000450164e-06
4228224 6.834393689111255e-06
4233216 6.772640443304776e-06
4238208 6.711445179356334e-06
4243200 6.650802855513542e-06
4248192 6.590708475578933e-06
4253184 6.531157088500298e-06
4258176 6.472143787959663e-06
4263168 6.4136637119746294e-06
4268160 6.355712042491039e-06
4273152 6.298284004993527e-06
4278144 6.241374868103068e-06
4283136 6.184979943197287e-06
4288128 6.129094584014674e-06
4293120 6.073714186278904e-06
4298112 6.018834187316061e-06
4303104 5.96445006567864e-06
4308096 5.910557340775612e-06
4313088 5.8571515724971835e-06
4318080 5.8042283608590725e-06
4323072 5.751783345629702e-06
4328064 5.699812205977673e-06
4333056 5.648310660111972e-06
4338048 5.597274464932153e-06
4343040 5.5466994156754316e-06
4348032 5.496581345573964e-06
4353024 5.446916125508884e-06
4358016 5.397699663670943e-06
4363008 5.348927905224571e-06
4368000 5.300596831968904e-06
4372992 5.252702462015934e-06
4377984 5.205240849452783e-06
4382976 5.15820808402105e-06
4387968 5.1116002907966975e-06
4392960 5.065413629865663e-06
4397952 5.0196442960131755e-06
4402944 4.97428851840468e-06
4407936 4.9293425602781374e-06
4412928 4.884802718639039e-06
4417920 4.840665323946748e-06
4422912 4.796926739822631e-06
4427904 4.7535833627422e-06
4432896 4.710631621742268e-06
4437888 4.668067978126427e-06
4442880 4.625888925172583e-06
4447872 4.5840909878436926e-06
4452864 4.542670722502778e-06
4457856 4.5016247166288674e-06
4462848 4.460949588534671e-06
4467840 4.420641987089373e-06
4472832 4.380698591442488e-06
4477824 4.341116110748665e-06
4482816 4.301891283897989e-06
4487808 4.263020879248183e-06
4492800 4.224501694354943e-06
4497792 4.186330555711997e-06
4502784 4.148504318487892e-06
4507776 4.111019866266403e-06
4512768 4.073874110790314e-06
4517760 4.037063991707226e-06
4522752 4.000586476315986e-06
4527744 3.964438559321066e-06
4532736 3.928617262577796e-06
4537728 3.893119634855745e-06
4542720 3.857942751585416e-06
4547712 3.823083714628702e-06
4552704 3.788539652027856e-06
4557696 3.7543077177829953e-06
4562688 3.7203850916013733e-06
4567680 3.68676897868084e-06
4572672 3.653456609466546e-06
4577664 3.620445239433832e-06
4582656 3.5877321488520344e-06
4587648 3.5553146425674283e-06
4592640 3.5231900497794484e-06
4597632 3.4913557238178583e-06
4602624 3.4598090419284036e-06
4607616 3.4285474050555376e-06
4612608 3.397568237627018e-06
4617600 3.366868987343761e-06
4622592 3.3364471249668222e-06
4627584 3.306300144113216e-06
4632576 3.2764255610429754e-06
4637568 3.246820914462671e-06
4642560 3.217483765315316e-06
4647552 3.1884116965837767e-06
4652544 3.1596023130922796e-06
4657536 3.1310532413014443e-06
4662528 3.1027621291242397e-06
4667520 3.0747266457230218e-06
4672512 3.0469444813222913e-06
4677504 3.0194133470171428e-06
4682496 2.9921309745833393e-06
4687488 2.965095116291399e-06
4692480 2.9383035447245846e-06
4697472 2.9117540525878667e-06
4702464 2.8854444525340994e-06
4707456 2.8593725769793265e-06
4712448 2.8335362779234e-06
4717440 2.807933426779625e-06
4722432 2.782561914189605e-06
4727424 2.757419649855055e-06
4732416 2.732504562368395e-06
4737408 2.7078145990338024e-06
4742400 2.6833477257081056e-06
4747392 2.659101926624248e-06
4752384 2.6350752042293907e-06
4757376 2.6112655790211424e-06
4762368 2.5876710893827076e-06
4767360 2.5642897914223426e-06
4772352 2.5411197588121623e-06
4777344 2.518159082629467e-06
4782336 2.4954058712009692e-06
4787328 2.472858249945016e-06
4792320 2.450514361219231e-06
4797312 2.428372364165311e-06
4802304 2.406430434558158e-06
4807296 2.3846867646567767e-06
4812288 2.3631395630534333e-06
4817280 2.341787054528318e-06
4822272 2.320627479899005e-06
4827264 2.2996590958828105e-06
4832256 2.2788801749440586e-06
4837248 2.258289005161319e-06
4842240 2.2378838900771096e-06
4847232 2.217663148564703e-06
4852224 2.1976251146874504e-06
4857216 2.177768137562173e-06
4862208 2.158090581220979e-06
4867200 2.1385908244791834e-06
4872192 2.1192672608005923e-06
4877184 2.100118298164054e-06
4882176 2.0811423589337327e-06
4887168 2.062337879730916e-06
4892160 2.0437033112988284e-06
4897152 2.0252371183845876e-06
4902144 2.0069377796023117e-06
4907136 1.988803787316784e-06
4912128 1.9708336475122783e-06
4917120 1.9530258796742036e-06
4922112 1.935379016665181e-06
4927104 1.9178916046032335e-06
4932096 1.9005622027455855e-06
4937088 1.8833893833647533e-06
4942080 1.8663717316363433e-06
4947072 1.8495078455180278e-06
4952064 1.8327963356369235e-06
4957056 1.8162358251726333e-06
4962048 1.7998249497467526e-06
4967040 1.78356235730812e-06
4972032 1.7674467080231094e-06
4977024 1.7514766741621687e-06
4982016 1.7356509399965217e-06
4987008 1.7199682016822814e-06
4992000 1.7044271671576262e-06
4996992 1.6890265560369006e-06
5001984 1.673765099501572e-06
5006976 1.658641540199738e-06
5011968 1.6436546321376664e-06
5016960 1.6288031405821348e-06
5021952 1.6140858419570796e-06
5026944 1.5995015237408813e-06
5031936 1.585048984367214e-06
5036928 1.5707270331290397e-06
5041920 1.5565344900766792e-06
5046912 1.5424701859223484e-06
5051904 1.528532961942282e-06
5056896 1.5147216698852543e-06
5061888 1.5010351718727907e-06
5066880 1.4874723403082317e-06
5071872 1.4740320577867432e-06
5076864 1.4607132169949468e-06
5081856 1.4475147206270434e-06
5086848 1.4344354812939836e-06
5091840 1.4214744214289529e-06
5096832 1.4086304732037117e-06
5101824 1.3959025784377122e-06
5106816 1.383289688511362e-06
5111808 1.3707907642808334e-06
5116800 1.3584047759920717e-06
5121792 1.34613070319364e-06
5126784 1.333967534656772e-06
5131776 1.3219142682891242e-06
5136768 1.3099699110513734e-06
5141760 1.298133478878707e-06
5146752 1.286403996597895e-06
5151744 1.274780497845609e-06
5156736 1.2632620249924606e-06
5161728 1.2518476290598017e-06
5166720 1.2405363696456063e-06
5171712 1.229327314841949e-06
5176704 1.2182195411655078e-06
5181696 1.2072121334735921e-06
5186688 1.1963041848939414e-06
5191680 1.1854947967487357e-06
5196672 1.174783078479596e-06
5201664 1.1641681475760268e-06
5206656 1.1536491294996716e-06
5211648 1.1432251576159124e-06
5216640 1.132895373120348e-06
5221632 1.122658924968483e-06
5226624 1.1125149698048079e-06
5231616 1.1024626718960184e-06
5236608 1.0925012030562806e-06
5241600 1.0826297425875047e-06
5246592 1.0728474772051652e-06
5251584 1.0631536009732896e-06
5256576 1.0535473152371768e-06
5261568 1.044027828559883e-06
5266560 1.034594356655239e-06
5271552 1.0252461223237523e-06
5276544 1.015982355387868e-06
5281536 1.0068022926292401e-06
5286528 9.9770517772679e-07
5291520 9.886902611908548e-07
5296512 9.79756800306971e-07
5301504 9.709040590700707e-07
5306496 9.621313081238203e-07
5311488 9.534378247052651e-07
5316480 9.448228925800281e-07
5321472 9.362858019851454e-07
5326464 9.278258495723146e-07
5331456 9.194423383475191e-07
5336448 9.111345776141675e-07
5341440 9.029018829178679e-07
5346432 8.947435759874129e-07
5351424 8.866589846800546e-07
5356416 8.786474429286906e-07
5361408 8.707082906812637e-07
5366400 8.628408738519321e-07
5371392 8.550445442647656e-07
5376384 8.4731865959879e-07
5381376 8.396625833396247e-07
5386368 8.320756847218511e-07
5391360 8.24557338680711e-07
5396352 8.171069257984181e-07
5401344 8.097238322557083e-07
5406336 8.024074497768499e-07
5411328 7.951571755848659e-07
5416320 7.879724123473244e-07
5421312 7.808525681303206e-07
5426304 7.737970563485223e-07
5431296 7.668052957158795e-07
5436288 7.598767101988814e-07
5441280 7.530107289700037e-07
5446272 7.462067863582691e-07
5451264 7.394643218034869e-07
5456256 7.327827798130681e-07
5461248 7.261616099106543e-07
5466240 7.196002665931295e-07
5471232 7.130982092928893e-07
5476224 7.066549023185492e-07
5481216 7.002698148223503e-07
5486208 6.939424207549075e-07
5491200 6.876721988168408e-07
5496192 6.814586324227322e-07
5501184 6.753012096516112e-07
5506176 6.691994232087034e-07
5511168 6.63152770384671e-07
5516160 6.571607530102454e-07
5521152 6.512228774190057e-07
5526144 6.453386544049997e-07
5531136 6.39507599180372e-07
5536128 6.337292313416586e-07
5541120 6.28003074823458e-07
5546112 6.22328657860721e-07
5551104 6.16705512954917e-07
5556096 6.111331768293918e-07
5561088 6.056111903918136e-07
5566080 6.001390987016403e-07
5571072 5.947164509258296e-07
5576064 5.893428003079802e-07
5581056 5.840177041264608e-07
5586048 5.78740723659757e-07
5591040 5.735114241504682e-07
5596032 5.683293747706883e-07
5601024 5.631941485847021e-07
5606016 5.581053225145482e-07
5611008 5.530624773038375e-07
5616000 5.480651974875307e-07
5620992 5.431130713508677e-07
5625984 5.382056909009579e-07
5630976 5.333426518323838e-07
5635968 5.285235534911176e-07
5640960 5.237479988445024e-07
5645952 5.190155944456969e-07
5650944 5.143259504044428e-07
5655936 5.096786803548028e-07
5660928 5.050734014185791e-07
5665920 5.005097341778156e-07
5670912 4.95987302645893e-07
5675904 4.915057342299416e-07
5680896 4.870646597058908e-07
5685888 4.826637131834898e-07
5690880 4.783025320807379e-07
5695872 4.7398075709166634e-07
5700864 4.6969803215655327e-07
5705856 4.65454004431302e-07
5710848 4.6124832426231455e-07
5715840 4.5708064515529695e-07
5720832 4.529506237442276e-07
5725824 4.4885791976796537e-07
5730816 4.4480219603923487e-07
5735808 4.4078311841725017e-07
5740800 4.368003557800677e-07
5745792 4.328535800000054e-07
5750784 4.289424659095851e-07
5755776 4.2506669128520186e-07
5760768 4.212259368089939e-07
5765760 4.1741988605251853e-07
5770752 4.136482254455373e-07
5775744 4.0991064424891096e-07
5780736 4.062068345335897e-07
5785728 4.0253649115357245e-07
5790720 3.9889931171685356e-07
5795712 3.952949965661275e-07
5800704 3.917232487521276e-07
5805696 3.8818377400749005e-07
5810688 3.8467628072213564e-07
5815680 3.812004799245911e-07
5820672 3.777560852526376e-07
5825664 3.743428129299971e-07
5830656 3.709603817473182e-07
5835648 3.676085130338783e-07
5840640 3.6428693063893206e-07
5845632 3.6099536090488754e-07
5850624 3.577335326488917e-07
5855616 3.545011771353187e-07
5860608 3.512980280603879e-07
5865600 3.481238215249165e-07
5870592 3.449782960127539e-07
5875584 3.4186119237390226e-07
5880576 3.3877225379757054e-07
5885568 3.357112257938041e-07
5890560 3.326778561722208e-07
5895552 3.2967189502082833e-07
5900544 3.266930946878741e-07
5905536 3.2374120975675263e-07
5910528 3.208159970287295e-07
5915520 3.179172155037511e-07
5920512 3.1504462635906176e-07
5925504 3.1219799292890596e-07
5930496 3.093770806848124e-07
5935488 3.0658165722278026e-07
5940480 3.038114922318678e-07
5945472 3.010663574871958e-07
5950464 2.9834602682311364e-07
5955456 2.956502761196197e-07
5960448 2.9297888327907464e-07
5965440 2.9033162821390585e-07
5970432 2.877082928230431e-07
5975424 2.851086609756317e-07
5980416 2.825325184959893e-07
5985408 2.7997965314279584e-07
5990400 2.7744985459082484e-07
5995392 2.749429144168183e-07
6000384 2.7245862608035207e-07
6005376 2.6999678490803726e-07
6010368 2.6755718807470736e-07
6015360 2.6513963458808206e-07
6020352 2.6274392527140633e-07
6025344 2.603698627503266e-07
6030336 2.5801725143042224e-07
6035328 2.5568589748654835e-07
6040320 2.5337560884301336e-07
6045312 2.510861951645277e-07
6050304 2.4881746783005756e-07
6055296 2.465692399242919e-07
6060288 2.443413262215183e-07
6065280 2.42133543172638e-07
6070272 2.399457088801852e-07
6075264 2.3777764309710722e-07
6080256 2.356291671998273e-07
6085248 2.3350010418258126e-07
6090240 2.3139027863675163e-07
6095232 2.29299516739082e-07
6100224 2.2722764623753497e-07
6105216 2.2517449643456835e-07
6110208 2.2313989817962363e-07
6115200 2.2112368384428256e-07
6120192 2.1912568731917372e-07
6125184 2.1714574399356925e-07
6130176 2.1518369074590313e-07
6135168 2.1323936592770637e-07
6140160 2.1131260935162825e-07
6145152 2.0940326227598984e-07
6150144 2.075111673958495e-07
6155136 2.056361688247256e-07
6160128 2.037781120870003e-07
6165120 2.019368441022614e-07
6170112 2.0011221317346741e-07
6175104 1.983040689744032e-07
6180096 1.9651226253433163e-07
6185088 1.947366462343598e-07
6190080 1.9297707378341891e-07
6195072 1.9123340021621786e-07
6200064 1.8950548187560964e-07
6205056 1.877931764031639e-07
6210048 1.8609634272589905e-07
6215040 1.8441484104544526e-07
6220032 1.8274853282977236e-07
6225024 1.8109728079295088e-07
6230016 1.7946094889417112e-07
6235008 1.77839402320462e-07
6240000 1.7623250747631836e-07
6244992 1.7464013197385832e-07
6249984 1.7306214462190852e-07
6254976 1.7149841541389486e-07
6259968 1.6994881551673118e-07
6264960 1.6841321726519663e-07
6269952 1.6689149414432753e-07
6274944 1.65383520781684e-07
6279936 1.638891729412547e-07
6284928 1.6240832750752917e-07
6289920 1.6094086247697676e-07
6294912 1.5948665694839717e-07
6299904 1.5804559111475847e-07
6304896 1.5661754624955478e-07
6309888 1.5520240469931342e-07
6314880 1.538000498754871e-07
6319872 1.524103662411843e-07
6324864 1.5103323930229578e-07
6329856 1.4966855560302223e-07
6334848 1.4831620271086142e-07
6339840 1.4697606920733497e-07
6344832 1.4564804468396654e-07
6349824 1.4433201972614254e-07
6354816 1.4302788591227183e-07
6359808 1.4173553579535938e-07
6364800 1.404548629046258e-07
6369792 1.3918576172716232e-07
6374784 1.379281277065636e-07
6379776 1.3668185722762194e-07
6384768 1.3544684761434856e-07
6389760 1.3422299711783564e-07
6394752 1.3301020490807226e-07
6399744 1.318083710651175e-07
6404736 1.30617396574551e-07
6409728 1.294371833136604e-07
6414720 1.2826763404848524e-07
6419712 1.2710865242274023e-07
6424704 1.2596014295150407e-07
6429696 1.2482201101065352e-07
6434688 1.2369416283410635e-07
6439680 1.2257650550101078e-07
6444672 1.2146894692956723e-07
6449664 1.2037139587088226e-07
6454656 1.1928376190147824e-07
6459648 1.1820595541318234e-07
6464640 1.1713788760817729e-07
6469632 1.160794704916085e-07
6474624 1.1503061686329159e-07
6479616 1.1399124031089378e-07
6484608 1.1296125520309073e-07
6489600 1.1194057668106654e-07
6494592 1.1092912065436666e-07
6499584 1.0992680379196599e-07
6504576 1.0893354351602449e-07
6509568 1.0794925799372181e-07
6514560 1.0697386613035398e-07
6519552 1.0600728756920719e-07
6524544 1.0504944267389035e-07
6529536 1.0410025253242633e-07
6534528 1.0315963894139542e-07
6539520 1.0222752440741856e-07
6544512 1.013038321354462e-07
6549504 1.0038848602514997e-07
6554496 9.94814106622567e-08
6559488 9.858253131678995e-08
6564480 9.769177393159187e-08
6569472 9.680906511955174e-08
6574464 9.593433215660012e-08
6579456 9.506750297634715e-08
6584448 9.420850616084227e-08
6589440 9.335727094229115e-08
6594432 9.251372718810219e-08
6599424 9.167780540126086e-08
6604416 9.084943671217875e-08
6609408 9.002855287444824e-08
6614400 8.921508625616374e-08
6619392 8.840896983908916e-08
6624384 8.761013720855438e-08
6629376 8.681852255262782e-08
6634368 8.603406065016639e-08
6639360 8.525668687126196e-08
6644352 8.448633717183385e-08
6649344 8.372294808238874e-08
6654336 8.296645671188393e-08
6659328 8.221680073377764e-08
6664320 8.147391838431963e-08
6669312 8.073774846231064e-08
6674304 8.000823031440727e-08
6679296 7.928530383815009e-08
6684288 7.856890947289358e-08
6689280 7.785898819785124e-08
6694272 7.715548152402758e-08
6699264 7.64583314913966e-08
6704256 7.576748066247544e-08
6709248 7.508287212158909e-08
6714240 7.440444946502958e-08
6719232 7.373215679858181e-08
6724224 7.306593873447083e-08
6729216 7.240574038517511e-08
6734208 7.175150735737194e-08
6739200 7.110318575195271e-08
6744192 7.046072215341549e-08
6749184 6.982406363240866e-08
6754176 6.919315773543018e-08
6759168 6.856795248457809e-08
6764160 6.794839637084757e-08
6769152 6.733443834948914e-08
6774144 6.67260278388521e-08
6779136 6.612311471405373e-08
6784128 6.552564930155836e-08
6789120 6.49335823787356e-08
6794112 6.434686516564875e-08
6799104 6.376544932508071e-08
6804096 6.318928695463321e-08
6809088 6.261833058685221e-08
6814080 6.205253318250625e-08
6819072 6.149184812560634e-08
6824064 6.093622922382056e-08
6829056 6.038563070075677e-08
6834048 5.98400071937264e-08
6839040 5.929931375058803e-08
6844032 5.876350582478376e-08
6849024 5.823253927260751e-08
6854016 5.7706370348960124e-08
6859008 5.71849557050497e-08
6864000 5.666825238128749e-08
6868992 5.615621780831029e-08
6873984 5.5648809801941856e-08
6878976 5.514598655709215e-08
6883968 5.464770664764639e-08
6888960 5.4153929022340815e-08
6893952 5.3664612998472664e-08
6898944 5.317971826488932e-08
6903936 5.269920487024378e-08
6908928 5.222303322736071e-08
6913920 5.175116410556906e-08
6918912 5.12835586288738e-08
6923904 5.082017827171434e-08
6928896 5.036098485736919e-08
6933888 4.990594055593577e-08
6938880 4.945500787510453e-08
6943872 4.90081496649396e-08
6948864 4.856532911029064e-08
6953856 4.8126509728308505e-08
6958848 4.769165536445614e-08
6963840 4.726073019310701e-08
6968832 4.683369871152099e-08
6973824 4.641052573733673e-08
6978816 4.599117640607038e-08
6983808 4.557561617046336e-08
6988800 4.5163810791722773e-08
6993792 4.475572634251312e-08
6998784 4.435132920282405e-08
7003776 4.3950586054619253e-08
7008768 4.3553463881513705e-08
7013760 4.31599299655232e-08
7018752 4.2769951885468536e-08
7023744 4.238349751126482e-08
7028736 4.2000535003888e-08
7033728 4.1621032812389944e-08
7038720 4.1244959670238384e-08
7043712 4.087228459355468e-08
7048704 4.050297687927025e-08
7053696 4.013700610076265e-08
7058688 3.977434210665957e-08
7063680 3.941495501751212e-08
7068672 3.9058815224884676e-08
7073664 3.8705893387607185e-08
7078656 3.8356160428855455e-08
7083648 3.800958753521348e-08
7088640 3.766614615344329e-08
7093632 3.732580798853548e-08
7098624 3.698854500009368e-08
7103616 3.665432940270173e-08
7108608 3.632313366173256e-08
7113600 3.599493048848452e-08
7118592 3.566969284609835e-08
7123584 3.534739393698422e-08
7128576 3.502800720830545e-08
7133568 3.471150634683149e-08
7138560 3.439786527745329e-08
7143552 3.408705815799481e-08
7148544 3.377905938384267e-08
7153536 3.347384357992604e-08
7158528 3.3171385599115106e-08
7163520 3.2871660523774723e-08
7168512 3.257464365884969e-08
7173504 3.2280310535159686e-08
7178496 3.19886369036655e-08
7183488 3.169959873274393e-08
7188480 3.1413172211159126e-08
7193472 3.112933373857123e-08
7198464 3.084805993089571e-08
7203456 3.0569327616128995e-08
7208448 3.0293113828754034e-08
7213440 3.00193958128453e-08
7218432 2.9748151017832136e-08
7223424 2.9479357097385992e-08
7228416 2.9212991902816504e-08
7233408 2.8949033493504838e-08
7238400 2.868746011915432e-08
7243392 2.8428250230419645e-08
7248384 2.8171382472993525e-08
7253376 2.7916835682137187e-08
7258368 2.7664588888171052e-08
7263360 2.7414621307376755e-08
7268352 2.716691234638562e-08
7273344 2.692144159791364e-08
7278336 2.667818883671372e-08
7283328 2.6437134023422893e-08
7288320 2.619825729697609e-08
7293312 2.5961538977387158e-08
7298304 2.572695956175806e-08
7303296 2.5494499724145685e-08
7308288 2.5264140313172577e-08
7313280 2.5035862349153164e-08
7318272 2.4809647025317297e-08
7323264 2.4585475704326194e-08
7328256 2.436332991643988e-08
7333248 2.4143191361407344e-08
7338240 2.3925041901030015e-08
7343232 2.370886356315488e-08
7348224 2.3494638538062748e-08
7353216 2.328234917493907e-08
7358208 2.3071977985085903e-08
7363200 2.2863507635414997e-08
7368192 2.2656920951589652e-08
7373184 2.2452200912780312e-08
7378176 2.2249330653332165e-08
7383168 2.204829345835019e-08
7388160 2.1849072764778712e-08
7393152 2.1651652160663617e-08
7398144 2.1456015380379764e-08
7403136 2.1262146305387163e-08
7408128 2.1070028964664448e-08
7413120 2.0879647528825806e-08
7418112 2.069098631352563e-08
7423104 2.05040297747541e-08
7428096 2.031876251028941e-08
7433088 2.013516925575717e-08
7438080 1.995323488656143e-08
7443072 1.9772944412738095e-08
7448064 1.95942829810505e-08
7453056 1.9417235870619347e-08
7458048 1.9241788496849972e-08
7463040 1.906792640424464e-08
7468032 1.889563526917022e-08
7473024 1.8724900896107533e-08
7478016 1.855570921969565e-08
7483008 1.83880463002024e-08
7488000 1.8221898324132526e-08
7492992 1.8057251603242596e-08
7497984 1.789409257315864e-08
7502976 1.7732407791179367e-08
7507968 1.7572183936629176e-08
7512960 1.741340780880854e-08
7517952 1.7256066326847787e-08
7522944 1.7100146527481312e-08
7527936 1.694563556463973e-08
7532928 1.6792520709948886e-08
7537920 1.6640789347120056e-08
7542912 1.649042897582661e-08
7547904 1.6341427208665178e-08
7552896 1.6193771768947848e-08
7557888 1.6047450492858193e-08
7562880 1.590245132559007e-08
7567872 1.5758762318536414e-08
7572864 1.561637163626065e-08
7577856 1.547526754692003e-08
7582848 1.533543842474647e-08
7587840 1.5196872749002713e-08
7592832 1.5059559105501043e-08
7597824 1.492348617944734e-08
7602816 1.4788642760933146e-08
7607808 1.4655017741029874e-08
7612800 1.4522600109700993e-08
7617792 1.439137895782452e-08
7622784 1.4261343474737163e-08
7627776 1.413248294690087e-08
7632768 1.4004786757411452e-08
7637760 1.3878244386931478e-08
7642752 1.3752845408739055e-08
7647744 1.3628579492160107e-08
7652736 1.3505436399036144e-08
7657728 1.3383405983872703e-08
7662720 1.3262478193456068e-08
7667712 1.314264306439825e-08
7672704 1.3023890723508408e-08
7677696 1.2906211387957284e-08
7682688 1.2789595361665133e-08
7687680 1.267403303599608e-08
7692672 1.255951489244491e-08
7697664 1.2446031493799335e-08
7702656 1.2333573492189666e-08
7707648 1.2222131622326635e-08
7712640 1.2111696701869743e-08
7717632 1.2002259632642758e-08
7722624 1.1893811398472399e-08
7727616 1.1786343065259598e-08
7732608 1.1679845778686365e-08
7737600 1.1574310764052737e-08
7742592 1.1469729327628644e-08
7747584 1.1366092851955519e-08
7752576 1.1263392799347089e-08
7757568 1.1161620708648095e-08
7762560 1.1060768194904162e-08
7767552 1.0960826950128893e-08
7772544 1.0861788738440948e-08
7777536 1.0763645402983243e-08
7782528 1.0666388854950166e-08
7787520 1.0570011083686757e-08
7792512 1.0474504148572325e-08
7797504 1.0379860180952535e-08
7802496 1.028607138397328e-08
7807488 1.0193130028672686e-08
7812480 1.0101028459295292e-08
7817472 1.0009759088299738e-08
7822464 9.919314394585188e-09
7827456 9.829686927883832e-09
7832448 9.740869304299666e-09
7837440 9.65285420498924e-09
7842432 9.565634379574142e-09
7847424 9.479202642100333e-09
7852416 9.393551872171373e-09
7857408 9.308675012920091e-09
7862400 9.22456507039343e-09
7867392 9.141215116443368e-09
7872384 9.058618283731016e-09
7877376 8.976767766499533e-09
7882368 8.895656822399587e-09
7887360 8.815278768783692e-09
7892352 8.735626982718387e-09
7897344 8.656694902884392e-09
7902336 8.578476025823247e-09
7907328 8.500963907277586e-09
7912320 8.424152160926829e-09
7917312 8.348034459346663e-09
7922304 8.2726045300985e-09
7927296 8.197856159749288e-09
7932288 8.123783190032326e-09
7937280 8.050379517078589e-09
7942272 7.977639094490715e-09
7947264 7.905555928832393e-09
7952256 7.83412408122857e-09
7957248 7.763337667382811e-09
7962240 7.693190854545298e-09
7967232 7.623677864282782e-09
7972224 7.554792968837189e-09
7977216 7.486530492836944e-09
7982208 7.418884813728695e-09
7987200 7.351850356502731e-09
7992192 7.2854216000974526e-09
7997184 7.2195930698800995e-09
8002176 7.154359343939678e-09
8007168 7.089715047031628e-09
8012160 7.025654853567795e-09
8017152 6.962173485725007e-09
8022144 6.899265713186041e-09
8027136 6.836926353610361e-09
8032128 6.775150270040133e-09
8037120 6.7139323749369715e-09
8042112 6.6532676221203574e-09
8047104 6.593151015470901e-09
8052096 6.533577602003837e-09
8057088 6.474542472901819e-09
8062080 6.4160407648266086e-09
8067072 6.358067657066156e-09
8072064 6.300618374343526e-09
8077056 6.243688183576358e-09
8082048 6.187272393757859e-09
8087040 6.131366357506661e-09
8092032 6.075965469047922e-09
8097024 6.021065162897084e-09
8102016 5.966660917309048e-09
8107008 5.912748249463373e-09
8112000 5.859322716957118e-09
8116992 5.8063799197075445e-09
8121984 5.753915495215929e-09
8126976 5.701925121404279e-09
8131968 5.650404513513391e-09
8136960 5.5993494282578644e-09
8141952 5.548755658936288e-09
8146944 5.498619037556709e-09
8151936 5.448935433147914e-09
8156928 5.399700752111159e-09
8161920 5.350910938672698e-09
8166912 5.302561972733537e-09
8171904 5.254649871472283e-09
8176896 5.207170686941586e-09
8181888 5.160120508203979e-09
8186880 5.113495458084308e-09
8191872 5.067291696599259e-09
8196864 5.021505414606886e-09
8201856 4.9761328421542295e-09
8206848 4.931170240803778e-09
8211840 4.886613905229069e-09
8216832 4.842460166144466e-09
8221824 4.79870538422876e-09
8226816 4.755345955551049e-09
8231808 4.712378307556754e-09
8236800 4.6697989001247175e-09
8241792 4.627604225267459e-09
8246784 4.5857908068883416e-09
8251776 4.544355199861376e-09
8256768 4.5032939908605196e-09
8261760 4.462603796455704e-09
8266752 4.4222812645339994e-09
8271744 4.382323072745254e-09
8276736 4.342725929495611e-09
8281728 4.303486571645832e-09
8286720 4.264601767385355e-09
8291712 4.226068312893054e-09
8296704 4.187883032702311e-09
8301696 4.15004278218756e-09
8306688 4.1125444421587874e-09
8311680 4.075384924208877e-09
8316672 4.038561167138602e-09
8321664 4.002070136185746e-09
8326656 3.965908825261773e-09
8331648 3.930074256254108e-09
8336640 3.894563474575248e-09
8341632 3.859373557487663e-09
8346624 3.824501603123576e-09
8351616 3.789944739672016e-09
8356608 3.755700120364514e-09
8361600 3.7217649235706618e-09
8366592 3.6881363528904066e-09
8371584 3.6548116384151294e-09
8376576 3.621788034114043e-09
8381568 3.5890628199675776e-09
8386560 3.556633300460244e-09
8391552 3.524496801427977e-09
8396544 3.4926506772932533e-09
8401536 3.4610923038098036e-09
8406528 3.429819080082813e-09
8411520 3.3988284308554327e-09
8416512 3.368117801694326e-09
8421504 3.337684663553056e-09
8426496 3.3075265082798217e-09
8431488 3.277640852087857e-09
8436480 3.248025231627289e-09
8441472 3.2186772082513783e-09
8446464 3.1895943634161777e-09
8451456 3.160774301362926e-09
8456448 3.132214646613292e-09
8461440 3.103913046932244e-09
8466432 3.0758671706659566e-09
8471424 3.0480747072395485e-09
8476416 3.020533366395203e-09
8481408 2.9932408803076335e-09
8486400 2.9661949991278415e-09
8491392 2.93939349540733e-09
8496384 2.912834160776357e-09
8501376 2.8865148068576735e-09
8506368 2.860433265640434e-09
8511360 2.8345873879457445e-09
8516352 2.8089750446569245e-09
8521344 2.7835941253656308e-09
8526336 2.758442539476812e-09
8531328 2.7335182144075723e-09
8536320 2.7088190965889734e-09
8541312 2.684343152244034e-09
8546304 2.660088363101796e-09
8551296 2.636052731891207e-09
8556288 2.6122342781763656e-09
8561280 2.5886310400083132e-09
8566272 2.5652410727289993e-09
8571264 2.5420624489476424e-09
8576256 2.5190932591981872e-09
8581248 2.4963316099576444e-09
8586240 2.4737756275936343e-09
8591232 2.4514234535440554e-09
8596224 2.4292732464764886e-09
8601216 2.4073231800992786e-09
8606208 2.3855714471388837e-09
8611200 2.3640162552128127e-09
8616192 2.3426558285475144e-09
8621184 2.3214884063588235e-09
8626176 2.3005122465205932e-09
8631168 2.2797256195246882e-09
8636160 2.259126814004725e-09
8641152 2.238714131493811e-09
8646144 2.2184858912078722e-09
8651136 2.198440425979684e-09
8656128 2.1785760848111654e-09
8661120 2.158891230484747e-09
8666112 2.139384242274617e-09
8671104 2.120053512623958e-09
8676096 2.1008974479240956e-09
8681088 2.081914470849215e-09
8686080 2.0631030176688556e-09
8691072 2.0444615376167545e-09
8696064 2.0259884960705934e-09
8701056 2.0076823703861054e-09
8706048 1.989541652214796e-09
8711040 1.971564847034793e-09
8716032 1.9537504740156236e-09
8721024 1.9360970660537396e-09
8726016 1.918603167804064e-09
8731008 1.9012673385535375e-09
8736000 1.884088149709494e-09
8740992 1.867064185709704e-09
8745984 1.8501940447515653e-09
8750976 1.8334763369712993e-09
8755968 1.8169096834607834e-09
8760960 1.8004927209678435e-09
8765952 1.7842240967391464e-09
8770944 1.7681024696647799e-09
8775936 1.7521265120055906e-09
8780928 1.7362949083506856e-09
8785920 1.7206063525057902e-09
8790912 1.7050595534216055e-09
8795904 1.6896532300800847e-09
8800896 1.674386111934851e-09
8805888 1.6592569430845552e-09
8810880 1.6442644755534558e-09
8815872 1.6294074752078652e-09
8820864 1.6146847168791584e-09
8825856 1.6000949891242441e-09
8830848 1.5856370889693813e-09
8835840 1.5713098250932228e-09
8840832 1.5571120175585443e-09
8845824 1.5430424964841627e-09
8850816 1.5291001028306522e-09
8855808 1.5152836871872603e-09
8860800 1.5015921123705256e-09
8865792 1.4880242498252483e-09
8870784 1.474578981752316e-09
8875776 1.4612552000727564e-09
8880768 1.4480518078022198e-09
8885760 1.4349677161309126e-09
8890752 1.4220018489542047e-09
8895744 1.409153135109665e-09
8900736 1.3964205190395915e-09
8905728 1.3838029508080399e-09
8910720 1.3712993897959519e-09
8915712 1.358908806661785e-09
8920704 1.3466301806291936e-09
8925696 1.3344624992701892e-09
8930688 1.3224047608982859e-09
8935680 1.310455972706722e-09
8940672 1.2986151492252324e-09
8945664 1.286881315810777e-09
8950656 1.275253505008886e-09
8955648 1.2637307590730397e-09
8960640 1.252312128667981e-09
8965632 1.240996672937332e-09
8970624 1.2297834594996364e-09
8975616 1.218671564706705e-09
8980608 1.2076600726526008e-09
8985600 1.1967480776267115e-09
8990592 1.18593467923582e-09
8995584 1.1752189872302199e-09
9000576 1.1646001183817506e-09
9005568 1.1540771971950137e-09
9010560 1.1436493583574029e-09
9015552 1.1333157415728376e-09
9020544 1.123075495665718e-09
9025536 1.1129277771308565e-09
9030528 1.102871750196556e-09
9035520 1.0929065850760953e-09
9040512 1.0830314630653324e-09
9045504 1.073245568697194e-09
9050496 1.063548095765145e-09
9055488 1.0539382459658187e-09
9060480 1.0444152271786992e-09
9065472 1.0349782560224005e-09
9070464 1.025626553529432e-09
9075456 1.016359349337192e-09
9080448 1.0071758802399772e-09
9085440 9.980753894909823e-10
9090432 9.89057128367034e-10
9095424 9.801203527788841e-10
9100416 9.712643268119668e-10
9105408 9.624883210313656e-10
9110400 9.537916122051918e-10
9115392 9.451734837188094e-10
9120384 9.366332257313911e-10
9125376 9.28170134067291e-10
9130368 9.197835127002993e-10
9135360 9.114726694757491e-10
9140352 9.032369193947079e-10
9145344 8.950755855636271e-10
9150336 8.869879942292533e-10
9155328 8.789734803719973e-10
9160320 8.710313820041449e-10
9165312 8.631610460023073e-10
9170304 8.553618239051652e-10
9175296 8.476330720232322e-10
9180288 8.39974155443686e-10
9185280 8.323844418638496e-10
9190272 8.248633061475403e-10
9195264 8.174101289500774e-10
9200256 8.100242956068684e-10
9205248 8.027051986428044e-10
9210240 7.954522338304265e-10
9215232 7.882648051004207e-10
9220224 7.811423185805771e-10
9225216 7.740841890006497e-10
9230208 7.670898342524921e-10
9235200 7.601586781082258e-10
9240192 7.532901494860951e-10
9245184 7.464836822399715e-10
9250176 7.39738715709139e-10
9255168 7.330546948408678e-10
9260160 7.264310682974753e-10
9265152 7.198672908026134e-10
9270144 7.133628213591047e-10
9275136 7.069171236882485e-10
9280128 7.005296671021252e-10
9285120 6.94199925570173e-10
9290112 6.879273766216782e-10
9295104 6.817115054305381e-10
9300096 6.7555179722803e-10
9305088 6.694477468031923e-10
9310080 6.633988495369605e-10
9315072 6.574046089162564e-10
9320064 6.514645309752681e-10
9325056 6.455781235520199e-10
9330048 6.397449049724515e-10
9335040 6.339643928094177e-10
9340032 6.282361115907541e-10
9345024 6.225595888418797e-10
9350016 6.169343574714853e-10
9355008 6.113599538154825e-10
9360000 6.058359183248874e-10
9364992 6.003617965931987e-10
9369984 5.949371364907529e-10
9374976 5.895614916401337e-10
9379968 5.842344194042633e-10
9384960 5.789554810947925e-10
9389952 5.737242413290309e-10
9394944 5.685402689387202e-10
9399936 5.634031369690682e-10
9404928 5.583124229862485e-10
9409920 5.532677070391873e-10
9414912 5.482685725777606e-10
9419904 5.433146085912811e-10
9424896 5.384054071751381e-10
9429888 5.335405643169959e-10
9434880 5.287196774145242e-10
9439872 5.239423508766883e-10
9444864 5.192081904900598e-10
9449856 5.145168064388597e-10
9454848 5.098678124562715e-10
9459840 5.052608244200631e-10
9464832 5.006954639284629e-10
9469824 4.961713539214622e-10
9474816 4.916881228873301e-10
9479808 4.872453998432114e-10
9484800 4.828428203976035e-10
9489792 4.784800215426255e-10
9494784 4.74156642460923e-10
9499776 4.698723281430444e-10
9504768 4.656267256148826e-10
9509760 4.6141948497608034e-10
9514752 4.5725025922950914e-10
9519744 4.5311870584824363e-10
9524736 4.4902448264437675e-10
9529728 4.449672540152161e-10
9534720 4.4094668498246153e-10
9539712 4.3696244452634536e-10
9544704 4.3301420454939e-10
9549696 4.291016390952848e-10
9554688 4.2522442640341414e-10
9559680 4.213822472377837e-10
9564672 4.175747836702645e-10
9569664 4.138017238976624e-10
9574656 4.100627564286932e-10
9579648 4.063575713983761e-10
9584640 4.026858662518494e-10
9589632 3.990473370577702e-10
9594624 3.954416844871389e-10
9599616 3.9186861144561436e-10
9604608 3.883278237816132e-10
9609600 3.8481902907283594e-10
9614592 3.8134193809227936e-10
9619584 3.778962663625318e-10
9624576 3.744817275285611e-10
9629568 3.7109804107687133e-10
9634560 3.6774492869276476e-10
9639552 3.64422113687847e-10
9644544 3.6112932279681867e-10
9649536 3.578662841324104e-10
9654528 3.546327292207566e-10
9659520 3.514283918256707e-10
9664512 3.4825300693966363e-10
9669504 3.4510631447467464e-10
9674496 3.4198805397810117e-10
9679488 3.3889796947472045e-10
9684480 3.358358048643558e-10
9689472 3.328013094362861e-10
9694464 3.2979423335107945e-10
9699456 3.268143274326366e-10
9704448 3.23861347156889e-10
9709440 3.2093504893568325e-10
9714432 3.180351920402738e-10
9719424 3.1516153681338534e-10
9724416 3.1231384673681686e-10
9729408 3.09491887521586e-10
9734400 3.066954266505578e-10
9739392 3.0392423354484027e-10
9744384 3.011780807388176e-10
9749376 2.984567403331931e-10
9754368 2.9575998963284056e-10
9759360 2.930876053221193e-10
9764352 2.904393683211885e-10
9769344 2.878150597179135e-10
9774336 2.852144628390461e-10
9779328 2.8263736440786763e-10
9784320 2.8008355216301363e-10
9789312 2.775528143321124e-10
9794304 2.75044943655271e-10
9799296 2.72559733401049e-10
9804288 2.700969782670615e-10
9809280 2.676564758849298e-10
9814272 2.6523802511982497e-10
9819264 2.6284142669768557e-10
9824256 2.604664832497582e-10
9829248 2.5811299894707123e-10
9834240 2.5578077997483125e-10
9839232 2.5346963388106956e-10
9844224 2.5117937031560894e-10
9849216 2.489098013671977e-10
9854208 2.466607390376126e-10
9859200 2.4443199871583764e-10
9864192 2.4222339631912554e-10
9869184 2.4003475018008333e-10
9874176 2.3786587987923574e-10
9879168 2.3571660649812104e-10
9884160 2.335867534864939e-10
9889152 2.3147614470285377e-10
9894144 2.2938460698461725e-10
9899136 2.2731196767237993e-10
9904128 2.252580561104782e-10
9909120 2.2322270301475199e-10
9914112 2.2120574058727296e-10
9919104 2.1920700333046405e-10
9924096 2.1722632502411992e-10
9929088 2.152635433597508e-10
9934080 2.1331849675969922e-10
9939072 2.1139102511460789e-10
9944064 2.0948096964093947e-10
9949056 2.0758817320472353e-10
9954048 2.0571247864741245e-10
9959040 2.0385373246779797e-10
9964032 2.0201178123310614e-10
9969024 2.0018647299539026e-10
9974016 1.9837765839741678e-10
9979008 1.9658518706368617e-10
9984000 1.9480891205736484e-10
9988992 1.9304868675059429e-10
9993984 1.9130436610090197e-10
9998976 1.89575806875536e-10
10003968 1.8786286599698637e-10
10008960 1.8616540265667807e-10
10013952 1.8448327685586736e-10
10018944 1.8281635051597466e-10
10023936 1.8116448559076313e-10
10028928 1.7952754659388835e-10
10033920 1.7790539840916422e-10
10038912 1.7629790740365862e-10
10043904 1.7470494097577814e-10
10048896 1.731263677468067e-10
10053888 1.7156205823226194e-10
10058880 1.7001188314642632e-10
10063872 1.6847571514960746e-10
10068864 1.6695342703537342e-10
10073856 1.6544489389829364e-10
10078848 1.6394999172832254e-10
10083840 1.6246859604714924e-10
10088832 1.6100058640297626e-10
10093824 1.5954584111933378e-10
10098816 1.581042407359194e-10
10103808 1.5667566527803685e-10
10108800 1.552599983960047e-10
10113792 1.538571227768748e-10
10118784 1.5246692416269702e-10
10123776 1.5108928542819393e-10
10128768 1.497240953768936e-10
10133760 1.4837124069766493e-10
10138752 1.4703060966388104e-10
10143744 1.457020927437511e-10
10148736 1.4438557933895563e-10
10153728 1.4308096135846882e-10
10158720 1.4178813147452257e-10
10163712 1.4050698305832635e-10
10168704 1.392374111708707e-10
10173696 1.3797931059430363e-10
10178688 1.3673257725025076e-10
10183680 1.354971090839971e-10
10188672 1.3427280479251227e-10
10193664 1.3305956239172828e-10
10198656 1.3185728279640346e-10
10203648 1.3066586669000652e-10
10208640 1.2948521541013974e-10
10213632 1.2831523224596936e-10
10218624 1.27155820703502e-10
10223616 1.2600688439716456e-10
10228608 1.2486833051925106e-10
10233600 1.2374006409365118e-10
10238592 1.2262199159526838e-10
10243584 1.215140220433078e-10
10248576 1.2041606373049824e-10
10253568 1.1932802597598713e-10
10258560 1.1824981944151547e-10
10263552 1.1718135587302642e-10
10268544 1.1612254514374442e-10
10273536 1.1507330223252399e-10
10278528 1.1403353966394497e-10
10283520 1.1300317235771185e-10
10288512 1.1198211531237429e-10
10293504 1.1097028439384371e-10
10298496 1.0996759557645175e-10
10303488 1.0897396613557264e-10
10308480 1.0798931512103276e-10
10313472 1.0701356229110559e-10
10318464 1.060466248235109e-10
10323456 1.0508842407386254e-10
10328448 1.0413888153017287e-10
10333440 1.0319791850069301e-10
10338432 1.0226545831764361e-10
10343424 1.0134142310047611e-10
10348416 1.004257377760061e-10
10353408 9.951832543805827e-11
10358400 9.861911283807217e-11
10363392 9.772802489449231e-11
10368384 9.6844988424663e-11
10373376 9.596993042564184e-11
10378368 9.510277956960158e-11
10383360 9.42434644077787e-11
10388352 9.339191304766286e-11
10393344 9.25480562011202e-11
10398336 9.171182395955036e-11
10403328 9.088314811915814e-11
10408320 9.006195981303158e-11
10413312 8.924819142011017e-11
10418304 8.844177603814507e-11
10423296 8.76426472424271e-11
10428288 8.685073871432388e-11
10433280 8.606598558679582e-11
10438272 8.528832403775083e-11
10443264 8.4517687711029e-11
10448256 8.375401568694625e-11
10453248 8.299724396307022e-11
10458240 8.224730931433222e-11
10463232 8.150415108918041e-11
10468224 8.076770798406102e-11
10473216 8.003791943154567e-11
10478208 7.931472476109211e-11
10483200 7.85980645549157e-11
10488192 7.78878798246618e-11
10493184 7.71841118609366e-11
10498176 7.648670293215736e-11
10503168 7.579559615296364e-11
10508160 7.511073336170906e-11
10513152 7.44320585847012e-11
10518144 7.375951655012444e-11
10523136 7.309305095352826e-11
10528128 7.243260776324673e-11
10533120 7.177813189092462e-11
10538112 7.112956920201627e-11
10543104 7.048686753540063e-11
10548096 6.984997203753754e-11
10553088 6.92188327055393e-11
10558080 6.85933950889368e-11
10563072 6.797360948846559e-11
10568064 6.735942316080101e-11
10573056 6.675078648434757e-11
10578048 6.614765007441348e-11
10583040 6.554996270172891e-11
10588032 6.495767682426767e-11
10593024 6.437074213504895e-11
10598016 6.378911049549629e-11
10603008 6.321273463439497e-11
10608000 6.264156641316854e-11
10612992 6.20755587774427e-11
10617984 6.151466662440708e-11
10622976 6.095884116496392e-11
10627968 6.04080382720848e-11
10632960 5.986221230085825e-11
10637952 5.932131847373456e-11
10642944 5.878531100360578e-11
10647936 5.825414750644208e-11
10652928 5.772778370778664e-11
10657920 5.7206175126806036e-11
10662912 5.6689279933186384e-11
10667904 5.617705593092304e-11
10672896 5.566945938962482e-11
10677888 5.5166449604226784e-11
10682880 5.466798513643744e-11
10687872 5.417402432501366e-11
10692864 5.368452662235343e-11
10697856 5.319945168155894e-11
10702848 5.271875984660355e-11
10707840 5.224241153531422e-11
10712832 5.1770367680123905e-11
10717824 5.1302588026958115e-11
10722816 5.083903648576873e-11
10727808 5.0379671660701114e-11
10732800 4.99244580882398e-11
10737792 4.947335858927646e-11
10742784 4.902633472951328e-11
10747776 4.858334993222835e-11
10752768 4.814436750784257e-11
10757760 4.7709351770104714e-11
10762752 4.727826620370319e-11
10767744 4.6851075835829644e-11
10772736 4.642774595423721e-11
10777728 4.600824141218047e-11
10782720 4.559252693995818e-11
10787712 4.5180567976394344e-11
10792704 4.477233300249138e-11
10797696 4.436778527037999e-11
10802688 4.3966893063512415e-11
10807680 4.35696241455133e-11
10812672 4.317594351711981e-11
10817664 4.278582082547704e-11
10822656 4.239922294607615e-11
10827648 4.2016118200208335e-11
10832640 4.163647531343154e-11
10837632 4.1260263034407274e-11
10842624 4.088744960794065e-11
10847616 4.0518004910956784e-11
10852608 4.0151898624517235e-11
10857600 3.9789100190707366e-11
10862592 3.9429579527207475e-11
10867584 3.907330740324515e-11
10872576 3.872025468953807e-11
10877568 3.8370392506609156e-11
10882560 3.802369096667091e-11
10887552 3.7680122531874057e-11
10892544 3.7339657949810034e-11
10897536 3.7002270063084264e-11
10902528 3.6667930085505784e-11
10907520 3.633661134570115e-11
10912512 3.600828630493519e-11
10917504 3.568292790832498e-11
10922496 3.536050951081921e-11
10927488 3.504100492841139e-11
10932480 3.472438645218262e-11
10937472 3.441062875180617e-11
10942464 3.409970699905229e-11
10947456 3.379159337301609e-11
10952448 3.348626508459934e-11
10957440 3.3183694724339685e-11
10962432 3.288385861353882e-11
10967424 3.258673152390647e-11
10972416 3.229228950213381e-11
10977408 3.20005075337065e-11
10982400 3.171136222416433e-11
10987392 3.142482931444066e-11
10992384 3.114088543029364e-11
10997376 3.085950746765472e-11
11002368 3.0580671754013947e-11
11007360 3.030435561215879e-11
11012352 3.003053651499034e-11
11017344 2.9759190541159154e-11
11022336 2.9490297076164235e-11
11027328 2.922383284529609e-11
11032320 2.895977691343461e-11
11037312 2.8698106720838267e-11
11042304 2.843880006595482e-11
11047296 2.8181837047813618e-11
11052288 2.792719619620857e-11
11057280 2.767485619457266e-11
11062272 2.7424795587842988e-11
11067264 2.7176995101228147e-11
11072256 2.6931433131022538e-11
11077248 2.6688090057852608e-11
11082240 2.6446946195524124e-11
11087232 2.620798008886934e-11
11092224 2.5971173813715082e-11
11097216 2.5736507502424838e-11
11102208 2.550396114201013e-11
11107200 2.5273516344143577e-11
11112192 2.5045153507546825e-11
11117184 2.48188542200517e-11
11122176 2.4594599858633213e-11
11127168 2.4372371633905876e-11
11132160 2.4152151524396703e-11
11137152 2.393392092587404e-11
11142144 2.371766249110313e-11
11147136 2.3503358222327908e-11
11152128 2.329099012179231e-11
11157120 2.308054097491922e-11
11162112 2.2871993253341383e-11
11167104 2.266532973233714e-11
11172096 2.2460533433629438e-11
11177088 2.2257588107103565e-11
11182080 2.205647600822164e-11
11187072 2.185718197145886e-11
11192064 2.1659687523618498e-11
11197056 2.146397924847332e-11
11202048 2.127003803122085e-11
11207040 2.1077850294141942e-11
11212032 2.0887397822640097e-11
11217024 2.0698666413666855e-11
11222016 2.0511640671551368e-11
11227008 2.0326304008000395e-11
11232000 2.0142642762066565e-11
11236992 1.996064099597794e-11
11241984 1.978028418142541e-11
11246976 1.9601557031158345e-11
11251968 1.9424442855965194e-11
11256960 1.924893111657916e-11
11261952 1.907500405459034e-11
11266944 1.890264876049097e-11
11271936 1.873185113965281e-11
11276928 1.8562596772186968e-11
11281920 1.8394870912943895e-11
11286912 1.822866185254013e-11
11291904 1.8063953918223718e-11
11296896 1.7900734580060852e-11
11301888 1.7738989369983916e-11
11306880 1.7578706366007693e-11
11311872 1.7419871228129498e-11
11316864 1.726247136442061e-11
11321856 1.710649371884132e-11
11326848 1.6951925579267885e-11
11331840 1.6798754218753988e-11
11336832 1.6646967333257268e-11
11341824 1.6496550870118143e-11
11346816 1.6347493922572187e-11
11351808 1.6199783367977387e-11
11356800 1.6053408233687378e-11
11361792 1.5908355307019575e-11
11366784 1.5764612770549455e-11
11371776 1.5622169355683733e-11
11376768 1.5481013223564086e-11
11381760 1.5341131793730756e-11
11386752 1.5202514802013746e-11
11391744 1.5065150544202162e-11
11396736 1.49290269386915e-11
11401728 1.479413343412872e-11
11406720 1.4660458610982197e-11
11411712 1.452799149172055e-11
11416704 1.439672113835866e-11
11421696 1.426663722166009e-11
11426688 1.4137728851326373e-11
11431680 1.400998555448757e-11
11436672 1.3883395843551638e-11
11441664 1.3757949946996882e-11
11446656 1.363363773005527e-11
11451648 1.3510448727845256e-11
11456640 1.3388372443254925e-11
11461632 1.3267399497056295e-11
11466624 1.314752010969461e-11
11471616 1.302872339094957e-11
11476608 1.2910999851699356e-11
11481600 1.2794340292624977e-11
11486592 1.2678734977644463e-11
11491584 1.2564174511150313e-11
11496576 1.2450648910304618e-11
11501568 1.2338149165541656e-11
11506560 1.2226665968735617e-11
11511552 1.2116189922047782e-11
11516544 1.2006712356120441e-11
11521536 1.1898223725714807e-11
11526528 1.1790715430913534e-11
11531520 1.1684178130806335e-11
11536512 1.1578603916678946e-11
11541504 1.1473983763977957e-11
11546496 1.1370308681199137e-11
11551488 1.126757086071517e-11
11556480 1.1165760265170743e-11
11561472 1.1064870590951625e-11
11566464 1.0964891754977613e-11
11571456 1.0865817143615453e-11
11576448 1.076763754114668e-11
11581440 1.0670344771100008e-11
11586432 1.057393153991637e-11
11591424 1.0478388618675909e-11
11596416 1.0383709625645665e-11
11601408 1.0289886335445232e-11
11606400 1.0196910095823718e-11
11611392 1.0104774703048848e-11
11616384 1.0013471147146998e-11
11621376 9.9229933081188e-12
11626368 9.833332869088158e-12
11631360 9.744482776043893e-12
11636352 9.656435126699551e-12
11641344 9.569183154897634e-12
11646336 9.482719607593242e-12
11651328 9.397037007825545e-12
11656320 9.312128674874462e-12
11661312 9.22798759090876e-12
11666304 9.144606667512333e-12
11671296 9.061979617794165e-12
11676288 8.980098540207511e-12
11681280 8.898957911528557e-12
11686272 8.818549805189277e-12
11691264 8.738868701762305e-12
11696256 8.65990747606553e-12
11701248 8.581659808273738e-12
11706240 8.504118965406508e-12
11711232 8.427279151971719e-12
11716224 8.35113363026337e-12
11721216 8.275675515007264e-12
11726208 8.200899802092034e-12
11731200 8.126799146829233e-12
11736192 8.053368421041775e-12
11741184 7.980600850660747e-12
11746176 7.908490973422703e-12
11751168 7.837032822881537e-12
11756160 7.76622042559004e-12
11761152 7.696047157301508e-12
11766144 7.626508582644909e-12
11771136 7.55759845901937e-12
11776128 7.48931024330036e-12
11781120 7.421639789811935e-12
11786112 7.354580269444688e-12
11791104 7.28812680778762e-12
11796096 7.222274861495848e-12
11801088 7.157016190632859e-12
11806080 7.0923478077151036e-12
11811072 7.028264146884122e-12
11816064 6.96475911832075e-12
11821056 6.901827964753878e-12
11826048 6.8394654050154876e-12
11831040 6.777666217775082e-12
11836032 6.716426060671005e-12
11841024 6.6557391102826745e-12
11846016 6.595600012778908e-12
11851008 6.536004342036448e-12
11856000 6.476947748698739e-12
11860992 6.418424453534067e-12
11865984 6.360430194682354e-12
11870976 6.302958698432466e-12
11875968 6.246007639449316e-12
11880960 6.189570637459712e-12
11885952 6.133643614715523e-12
11890944 6.0782222685753225e-12
11895936 6.0233006733342864e-12
11900928 5.968876420284088e-12
11905920 5.914944297225116e-12
11910912 5.8614981358201534e-12
11915904 5.808536052316626e-12
11920896 5.7560522103913825e-12
11925888 5.704042416096493e-12
11930880 5.652502554562289e-12
11935872 5.601428269147235e-12
11940864 5.550815613297874e-12
11945856 5.500660475966368e-12
11950848 5.450958794603153e-12
11955840 5.401705413837786e-12
11960832 5.3528979676627104e-12
11965824 5.304530975619196e-12
11970816 5.256601702567649e-12
11975808 5.2091046176298885e-12
11980800 5.162036856073589e-12
11985792 5.115394852014637e-12
11990784 5.069173409802978e-12
11995776 5.0233701746893455e-12
12000768 4.977980736900223e-12
12005760 4.933001273091375e-12
12010752 4.888428637578324e-12
12015744 4.844258291998707e-12
12020736 4.8004872646445484e-12
12025728 4.757111574487467e-12
12030720 4.714127959520864e-12
12035712 4.6715322582491225e-12
12040704 4.629322316110351e-12
12045696 4.587492928934123e-12
12050688 4.546041819895874e-12
12055680 4.504965150914838e-12
12060672 4.464260124764641e-12
12065664 4.423922491357535e-12
12070656 4.383949258300601e-12
12075648 4.3443376066681916e-12
12080640 4.305083476093205e-12
12085632 4.266184487966609e-12
12090624 4.227637120587935e-12
12095616 4.1894380759660566e-12
12100608 4.151582942436187e-12
12105600 4.1140708186649784e-12
12110592 4.076897343992272e-12
12115584 4.040059846789609e-12
12120576 4.003555733461672e-12
12125568 3.967380535676245e-12
12130560 3.931532665390998e-12
12135552 3.896008311403467e-12
12140544 3.860805180823226e-12
12145536 3.8259209287674115e-12
12150528 3.791350685218155e-12
12155520 3.757093329578215e-12
12160512 3.723145965710011e-12
12165504 3.6895052198540934e-12
12170496 3.656168033258633e-12
12175488 3.623132337574432e-12
12180480 3.5903940697250106e-12
12185472 3.5579531942192544e-12
12190464 3.525804431400714e-12
12195456 3.493946993705921e-12
12200448 3.4623765322703114e-12
12205440 3.4310923243199842e-12
12210432 3.400090764004276e-12
12215424 3.3693688737501385e-12
12220416 3.338924445714212e-12
12225408 3.30875528798541e-12
12230400 3.2788582635879657e-12
12235392 3.2492316605099654e-12
12240384 3.219873087442336e-12
12245376 3.1907793852361653e-12
12250368 3.161948866866107e-12
12255360 3.133377630265173e-12
12260352 3.105065792159689e-12
12265344 3.077008753492684e-12
12270336 3.04920581015419e-12
12275328 3.0216542037359464e-12
12280320 2.994352053635463e-12
12285312 2.9672960052615216e-12
12290304 2.940484119216824e-12
12295296 2.9139152028789805e-12
12300288 2.8875854615403873e-12
12305280 2.86149467836061e-12
12310272 2.83563884179161e-12
12315264 2.810017518152519e-12
12320256 2.784627454836819e-12
12325248 2.759466917121034e-12
12330240 2.734533086079516e-12
12335232 2.709824985930309e-12
12340224 2.6853401230084173e-12
12345216 2.661076220489278e-12
12350208 2.63703187452789e-12
12355200 2.6132051167068737e-12
12360192 2.5895933617944844e-12
12365184 2.5661942189281195e-12
12370176 2.5430073628471273e-12
12375168 2.5200300830460765e-12
12380160 2.497259669019536e-12
12385152 2.474695470246202e-12
12390144 2.4523351014812955e-12
12395136 2.430176719581123e-12
12400128 2.408218372981774e-12
12405120 2.3864587606406418e-12
12410112 2.364895605733164e-12
12415104 2.3435273903762988e-12
12420096 2.3223518377454844e-12
12425088 2.3013676467981137e-12
12430080 2.2805738417522314e-12
12435072 2.259967205474211e-12
12440064 2.2395470179175984e-12
12445056 2.219310997995938e-12
12450048 2.199258336069189e-12
12455040 2.179386879297418e-12
12460032 2.159694272558015e-12
12465024 2.1401796809166093e-12
12470016 2.120841962113263e-12
12475008 2.1016789815376044e-12
12480000 2.0826885842929924e-12
12484992 2.0638702844001026e-12
12489984 2.0452219562025475e-12
12494976 2.0267421162342935e-12
12499968 2.008429663899469e-12
12504960 1.990282071486182e-12
12509952 1.9722988271640197e-12
12514944 1.9544777408780124e-12
12519936 1.936817519396684e-12
12524928 1.9193169945400956e-12
12529920 1.9019749479389687e-12
12534912 1.884789175639088e-12
12539904 1.8677587573473633e-12
12544896 1.8508823021456104e-12
12549888 1.834158415820519e-12
12554880 1.8175852533122705e-12
12559872 1.8011620536849474e-12
12564864 1.784887558933801e-12
12569856 1.7687597922585706e-12
12574848 1.752777711495566e-12
12579840 1.7369407931164906e-12
12584832 1.7212457209049868e-12
12589824 1.7056934305953188e-12
12594816 1.6902814825065974e-12
12599808 1.675008872922823e-12
12604800 1.659874169536446e-12
12609792 1.6448764270585812e-12
12614784 1.630013832243371e-12
12619776 1.6152854462521164e-12
12624768 1.6006904259882805e-12
12629760 1.5862270977786591e-12
12634752 1.5718947870869958e-12
12639744 1.5576915230437082e-12
12644736 1.5436167111651538e-12
12649728 1.5296687987221057e-12
12654720 1.5158472478115744e-12
12659712 1.5021506368067863e-12
12664704 1.4885774034677857e-12
12669696 1.4751270155755547e-12
12674688 1.461798046212582e-12
12679680 1.4485894194145999e-12
12684672 1.4355004613152128e-12
12689664 1.4225296363868542e-12
12694656 1.4096756531176147e-12
12699648 1.3969381517375264e-12
12704640 1.3843161643031787e-12
12709632 1.3718076154189962e-12
12714624 1.359412148821404e-12
12719616 1.3471292224093157e-12
12724608 1.3349567761986036e-12
12729600 1.322894810189268e-12
12734592 1.3109411559769635e-12
12739584 1.2990958515691532e-12
12744576 1.2873582408423623e-12
12749568 1.2757255104731136e-12
12754560 1.2641985982358994e-12
12759552 1.2527754441465921e-12
12764544 1.2414555061041055e-12
12769536 1.2302378391666467e-12
12774528 1.219121808712642e-12
12779520 1.2081060977997549e-12
12784512 1.1971901661314709e-12
12789504 1.186372831571414e-12
12794496 1.1756532732622115e-12
12799488 1.165030145309417e-12
12804480 1.1545036844931578e-12
12809472 1.1440724669714575e-12
12814464 1.1337345126282377e-12
12819456 1.1234905995054207e-12
12824448 1.1133389132486626e-12
12829440 1.103279398136195e-12
12834432 1.0933104464759353e-12
12839424 1.0834312624562215e-12
12844416 1.0736423685861474e-12
12849408 1.0639414696478333e-12
12854400 1.054328388330934e-12
12859392 1.0448016917041215e-12
12864384 1.0353614174843248e-12
12869376 1.026006386581428e-12
12874368 1.01673576164979e-12
12879360 1.0075488555674912e-12
12884352 9.984448445459478e-13
12889344 9.894239641493896e-13
12894336 9.804838289860962e-13
12899328 9.716239850805809e-13
12904320 9.628442791329017e-13
12909312 9.541443799452859e-13
12914304 9.455232820657078e-13
12919296 9.369803112133158e-13
12924288 9.28513773509811e-13
12929280 9.201241267360339e-13
12934272 9.118103407729228e-13
12939264 9.035717865559742e-13
12944256 8.954073987378353e-13
12949248 8.87316834695792e-13
12954240 8.792997796894242e-13
12959232 8.713547461694504e-13
12964224 8.634809550188719e-13
12969216 8.55679351159655e-13
12974208 8.479471465261401e-13
12979200 8.402856218722295e-13
12984192 8.326926808649849e-13
12989184 8.251692515046094e-13
12994176 8.17712739625969e-13
12999168 8.103243167096152e-13
13004160 8.030025853889284e-13
13009152 7.957469480578595e-13
13014144 7.885573704430326e-13
13019136 7.814319937654579e-13
13024128 7.743716592972865e-13
13029120 7.673746620778799e-13
13034112 7.604412976050523e-13
13039104 7.535697326560564e-13
13044096 7.467607249426797e-13
13049088 7.400131970618965e-13
13054080 7.333271359946658e-13
13059072 7.267011428377379e-13
13064064 7.201344555396449e-13
13069056 7.136283751429939e-13
13074048 7.071796490412674e-13
13079040 7.007894561887359e-13
13084032 6.944577297483335e-13
13089024 6.881827156322215e-13
13094016 6.819642979877775e-13
13099008 6.758023184205316e-13
13104000 6.696960645541136e-13
13108992 6.636458960498914e-13
13113984 6.576489569934396e-13
13118976 6.517065533062638e-13
13123968 6.458182114446984e-13
13128960 6.399822417053478e-13
13133952 6.342000492473576e-13
13138944 6.284696070849027e-13
13143936 6.227906367698152e-13
13148928 6.171633974624919e-13
13153920 6.1158712849634e-13
13158912 6.060604924415619e-13
13163904 6.005845777298791e-13
13168896 5.951576037555029e-13
13173888 5.897799609799748e-13
13178880 5.844509988819913e-13
13183872 5.791697416795971e-13
13188864 5.739362977930096e-13
13193856 5.687507756424459e-13
13198848 5.636118741852991e-13
13203840 5.585195934215692e-13
13208832 5.534724853484522e-13
13213824 5.484715329476253e-13
13218816 5.435151027161078e-13
13223808 5.386042089758347e-13
13228800 5.337382012055025e-13
13233792 5.289149110007663e-13
13238784 5.241358562446674e-13
13243776 5.193997458760226e-13
13248768 5.147069570720661e-13
13253760 5.100565501569046e-13
13258752 5.054480754751314e-13
13263744 5.008812528407786e-13
13268736 4.963548308159779e-13
13273728 4.91870169106785e-13
13278720 4.874266138280015e-13
13283712 4.830221419319769e-13
13288704 4.786580203378077e-13
13293696 4.743331144416363e-13
13298688 4.700473830554032e-13
13303680 4.658004881278307e-13
13308672 4.615916114573905e-13
13313664 4.574204513427271e-13
13318656 4.5328744773546557e-13
13323648 4.4919178500201133e-13
13328640 4.4513338170469476e-13
13333632 4.41110928397455e-13
13338624 4.371250673197954e-13
13343616 4.3317476342008554e-13
13348608 4.2926104062540736e-13
13353600 4.2538249398621497e-13
13358592 4.2153852622084e-13
13363584 4.1772939735328834e-13
13368576 4.139548954449525e-13
13373568 4.102149723110755e-13
13378560 4.065082688867183e-13
13383552 4.028352087667719e-13
13388544 3.991950193469537e-13
13393536 3.955878327460794e-13
13398528 3.9201389530341135e-13
13403520 3.884718068059012e-13
13408512 3.849617022724794e-13
13413504 3.814835817031459e-13
13418496 3.780367945765972e-13
13423488 3.7462079879174714e-13
13428480 3.712359196092474e-13
13433472 3.6788226544931524e-13
13438464 3.645576720655486e-13
13443456 3.6126397012781197e-13
13448448 3.5799928205684126e-13
13453440 3.5476461296406714e-13
13458432 3.5155868412512675e-13
13463424 3.4838245569629445e-13
13468416 3.4523428289707733e-13
13473408 3.42114791357373e-13
13478400 3.3902366654038026e-13
13483392 3.3596048450747904e-13
13488384 3.329247684827341e-13
13493376 3.2991666343055917e-13
13498368 3.2693569471975613e-13
13503360 3.2398131250208163e-13
13508352 3.2105411391933296e-13
13513344 3.1815327282413985e-13
13518336 3.1527853017706436e-13
13523328 3.1242958382130393e-13
13528320 3.0960677182756857e-13
13533312 3.0680955553262835e-13
13538304 3.040366910482923e-13
13543296 3.012898471515823e-13
13548288 2.98566996727074e-13
13553280 2.958696655730453e-13
13558272 2.931967357224282e-13
13563264 2.905472540642524e-13
13568256 2.87921731216312e-13
13573248 2.8531951661750835e-13
13578240 2.8274225760660686e-13
13583232 2.801865268735203e-13
13588224 2.776551145231637e-13
13593216 2.751462326897488e-13
13598208 2.7266039042261893e-13
13603200 2.7019641496732886e-13
13608192 2.6775504794934255e-13
13613184 2.653358413984721e-13
13618176 2.629379332767786e-13
13623168 2.60562483505265e-13
13628160 2.5820781550181736e-13
13633152 2.558747566193377e-13
13638144 2.5356268733983667e-13
13643136 2.512719849898093e-13
13648128 2.4900144880706124e-13
13653120 2.467517754753063e-13
13658112 2.445226416469595e-13
13663104 2.423126877008966e-13
13668096 2.401234759286104e-13
13673088 2.379541321215725e-13
13678080 2.35804107486009e-13
13683072 2.33673481852599e-13
13688064 2.3156211397133326e-13
13693056 2.294702379102545e-13
13698048 2.2739670221184555e-13
13703040 2.2534206816912222e-13
13708032 2.2330624055790702e-13
13713024 2.2128860381849286e-13
13718016 2.1928869867708458e-13
13723008 2.1730826909807908e-13
13728000 2.1534419629835805e-13
13732992 2.133989249270256e-13
13737984 2.114702231517536e-13
13742976 2.095592221702411e-13
13747968 2.0766643335943842e-13
13752960 2.0578944502817535e-13
13757952 2.0392943177846804e-13
13762944 2.0208682817435264e-13
13767936 2.002604896148008e-13
13772928 1.9845127899069586e-13
13777920 1.9665782033523333e-13
13782912 1.9488111211579673e-13
13787904 1.9312044443669314e-13
13792896 1.9137541557038792e-13
13797888 1.896463079953945e-13
13802880 1.8793311091364062e-13
13807872 1.8623481663065933e-13
13812864 1.845515944654397e-13
13817856 1.828840053105274e-13
13822848 1.8123158906994532e-13
13827840 1.7959441095258354e-13
13832832 1.779717981741734e-13
13837824 1.763636374263643e-13
13842816 1.747700291779286e-13
13847808 1.7319116701322127e-13
13852800 1.716264385269416e-13
13857792 1.7007554219128362e-13
13862784 1.6853857719156817e-13
13867776 1.6701624892118128e-13
13872768 1.655067142364297e-13
13877760 1.6401123878614966e-13
13882752 1.6252960349100176e-13
13887744 1.610609432281529e-13
13892736 1.5960541816561582e-13
13897728 1.5816395502327163e-13
13902720 1.5673381236018594e-13
13907712 1.5531749063962819e-13
13912704 1.5391390256814047e-13
13917696 1.5252263737113607e-13
13922688 1.5114403555574025e-13
13927680 1.497784355425814e-13
13932672 1.4842521742913783e-13
13937664 1.4708411225972884e-13
13942656 1.4575486530042223e-13
13947648 1.4443817236003964e-13
13952640 1.4313319343224717e-13
13957632 1.4184017522369968e-13
13962624 1.4055865169051967e-13
13967616 1.39288543515809e-13
13972608 1.3803001926924746e-13
13977600 1.3678313332602274e-13
13982592 1.3554734063278606e-13
13987584 1.3432256609074988e-13
13992576 1.331091270193041e-13
13997568 1.3190600730190505e-13
14002560 1.3071434126071813e-13
14007552 1.2953331983422967e-13
14012544 1.283632488496833e-13
14017536 1.2720307973963249e-13
14022528 1.260536037184704e-13
14027520 1.2491516068052766e-13
14032512 1.237866146391875e-13
14037504 1.2266793483761695e-13
14042496 1.2156009705777127e-13
14047488 1.2046102975606785e-13
14052480 1.1937321117158183e-13
14057472 1.182938688608005e-13
14062464 1.1722519345797268e-13
14067456 1.1616629966987313e-13
14072448 1.151168060304841e-13
14077440 1.1407678128184182e-13
14082432 1.1304545248445919e-13
14087424 1.1202410526989226e-13
14092416 1.1101180092604907e-13
14097408 1.1000933237276245e-13
14102400 1.0901501056037599e-13
14107392 1.0803033814732466e-13
14112384 1.070543393516532e-13
14117376 1.0608690575314439e-13
14122368 1.0512760367092921e-13
14127360 1.0417773414761466e-13
14132352 1.03236104560811e-13
14137344 1.0230369069247347e-13
14142336 1.0137927721854253e-13
14147328 1.0046324915513196e-13
14152320 9.955545502565721e-14
14157312 9.865632616401498e-14
14162304 9.776522039844915e-14
14167296 9.688181246830796e-14
14172288 9.600621079380867e-14
14177280 9.513852379516852e-14
14182272 9.427880786581432e-14
14187264 9.342715058343527e-14
14192256 9.258297574649385e-14
14197248 9.174616991282843e-14
14202240 9.091716385275187e-14
14207232 9.009597825277415e-14
14212224 8.928174953983757e-14
14217216 8.84751032341688e-14
14222208 8.767520113320547e-14
14227200 8.688293631787309e-14
14232192 8.609768595766004e-14
14237184 8.531998892113979e-14
14242176 8.45486874956336e-14
14247168 8.378519232576931e-14
14252160 8.302790037087125e-14
14257152 8.227753197727666e-14
14262144 8.15341413612043e-14
14267136 8.079734797883376e-14
14272128 8.006698605033201e-14
14277120 7.934404066189088e-14
14282112 7.862683025215768e-14
14287104 7.791616811962592e-14
14292096 7.721242257792108e-14
14297088 7.651417126663706e-14
14302080 7.582271057408677e-14
14307072 7.513709054359648e-14
14312064 7.445837559568186e-14
14317056 7.378591805519585e-14
14322048 7.311890126067754e-14
14327040 7.245817601667205e-14
14332032 7.18037523736193e-14
14337024 7.115505445773351e-14
14342016 7.051228634772365e-14
14347008 6.987552897408378e-14
14352000 6.924410146998816e-14
14356992 6.861859471950693e-14
14361984 6.799844975285962e-14
14366976 6.738424922214659e-14
14371968 6.677503602142698e-14
14376960 6.617259479693963e-14
14381952 6.557395685474754e-14
14386944 6.498158871462799e-14
14391936 6.439423647086606e-14
14396928 6.381229339335007e-14
14401920 6.323587486978255e-14
14406912 6.266415216203084e-14
14411904 6.2098438370628e-14
14416896 6.153685115350776e-14
14421888 6.098105961166445e-14
14426880 6.042969441171905e-14
14431872 5.988404628503318e-14
14436864 5.934287459468036e-14
14441856 5.88066919178698e-14
14446848 5.827590444598562e-14
14451840 5.7748632151635e-14
14456832 5.722751760464539e-14
14461824 5.6710278834026795e-14
14466816 5.619855997456961e-14
14471808 5.569060446793296e-14
14476800 5.518719162211916e-14
14481792 5.4688675463210323e-14
14486784 5.419464257545548e-14
14491776 5.370466116657751e-14
14496768 5.32200315262273e-14
14501760 5.273882439288231e-14
14506752 5.22627240004863e-14
14511744 5.179063488064261e-14
14516736 5.1322457023316364e-14
14521728 5.0858649077764375e-14
14526720 5.039881272733693e-14
14531712 4.994327424364265e-14
14536704 4.949161104209432e-14
14541696 4.904431895325079e-14
14546688 4.860081888024488e-14
14551680 4.816149938572926e-14
14556672 4.772625437216016e-14
14561664 4.729550084903167e-14
14566656 4.686778601180728e-14
14571648 4.644483582449954e-14
14576640 4.60244268196919e-14
14581632 4.560880752929597e-14
14586624 4.5196377022882483e-14
14591616 4.478763280385545e-14
14596608 4.4383333813735604e-14
14601600 4.398282953121946e-14
14606592 4.358460207326553e-14
14611584 4.319114510487054e-14
14616576 4.280044611731481e-14
14621568 4.2413988987632933e-14
14626560 4.20313740409628e-14
14631552 4.1650927498637635e-14
14636544 4.1274709344785165e-14
14641536 4.0902177478319146e-14
14646528 4.0532825631261234e-14
14651520 4.0166110111512343e-14
14656512 3.9802920800064317e-14
14661504 3.944306564329141e-14
14666496 3.9087023956892014e-14
14671488 3.873352089324111e-14
14676480 3.838393208470211e-14
14681472 3.8037493710235225e-14
14686464 3.769347489010292e-14
14691456 3.735257804187381e-14
14696448 3.701559211475507e-14
14701440 3.668108082435723e-14
14706432 3.63494363450709e-14
14711424 3.602111784731464e-14
14716416 3.569574365607391e-14
14721408 3.53732642938029e-14
14726400 3.505356421644256e-14
14731392 3.473676825524488e-14
14736384 3.442287687532852e-14
14741376 3.411181927204243e-14
14746368 3.38040142752738e-14
14751360 3.349791073032121e-14
14756352 3.3195343175640435e-14
14761344 3.289521145067581e-14
14766336 3.2598469160231104e-14
14771328 3.23038890586187e-14
14776320 3.201197071130613e-14
14781312 3.172275685482692e-14
14786304 3.143637052796277e-14
14791296 3.115245711009348e-14
14796288 3.087103055826601e-14
14801280 3.059164615061154e-14
14806272 3.0314787398104754e-14
14811264 3.004045761215382e-14
14816256 2.976871284969994e-14
14821248 2.950005691115809e-14
14826240 2.9233451596943905e-14
14831232 2.8969448367943684e-14
14836224 2.8707613543288435e-14
14841216 2.84484892240644e-14
14846208 2.819120804853359e-14
14851200 2.793685421886849e-14
14856192 2.7684451953113864e-14
14861184 2.7434651772573204e-14
14866176 2.7186911576160266e-14
14871168 2.6940797683006057e-14
14876160 2.6697719555934807e-14
14881152 2.6457135093860273e-14
14886144 2.6217549675390844e-14
14891136 2.5980503046021663e-14
14896128 2.5746440569796025e-14
14901120 2.5513228682494393e-14
14906112 2.5282187591497485e-14
14911104 2.505415171925507e-14
14916096 2.482744083581518e-14
14921088 2.4603583059779055e-14
14926080 2.4380685802502534e-14
14931072 2.416048765233275e-14
14936064 2.3942544995214643e-14
14941056 2.372649741102479e-14
14946048 2.3511870995840232e-14
14951040 2.3299595682055288e-14
14956032 2.308847609995148e-14
14961024 2.2879714891094237e-14
14966016 2.267337793210311e-14
14971008 2.2468680561937848e-14
14976000 2.2265734283641906e-14
14980992 2.2064815252686998e-14
14985984 2.1865105212515168e-14
14990976 2.1667133162950696e-14
14995968 2.1471717396774413e-14
15000960 2.127779289567977e-14
15005952 2.1085700963053718e-14
15010944 2.0895394789444133e-14
15015936 2.07070688720834e-14
15020928 2.0519912283656068e-14
15025920 2.0334862266269127e-14
15030912 2.0150873157598337e-14
15035904 1.9969486134141512e-14
15040896 1.9788936014815438e-14
15045888 1.9610289954397064e-14
15050880 1.9433611800437558e-14
15055872 1.9258141088773773e-14
15060864 1.9083893750462847e-14
15065856 1.8911521654230157e-14
15070848 1.8740371820819156e-14
15075840 1.8571440934386465e-14
15080832 1.84033560959862e-14
15085824 1.823725632316142e-14
15090816 1.8072456357243024e-14
15095808 1.7909502006419054e-14
15100800 1.7747196941197974e-14
15105792 1.7586843439887367e-14
15110784 1.7428333082269987e-14
15115776 1.7270581666173346e-14
15120768 1.7114639157096784e-14
15125760 1.6959849323539e-14
15130752 1.6806151218327995e-14
15135744 1.6654017669907534e-14
15140736 1.65036170493571e-14
15145728 1.635486451129209e-14
15150720 1.6207087755182314e-14
15155712 1.6060286781027777e-14
15160704 1.5915437370783714e-14
15165696 1.577145532227764e-14
15170688 1.5628882736595795e-14
15175680 1.5487719613738182e-14
15180672 1.5347887338318828e-14
15185664 1.5209079655409408e-14
15190656 1.5071819660372743e-14
15195648 1.49362509938784e-14
15200640 1.4800244938138863e-14
15205632 1.4666506635365373e-14
15210624 1.4533673087170926e-14
15215616 1.4402147524139524e-14
15220608 1.427195890257841e-14
15225600 1.4143203485504546e-14
15230592 1.4015117573026683e-14
15235584 1.3888430930821736e-14
15240576 1.376323195049039e-14
15245568 1.3638719863106414e-14
15250560 1.351541949583086e-14
15255552 1.3393336866679559e-14
15260544 1.3273061619645118e-14
15265536 1.315274159638203e-14
15270528 1.3033979968411042e-14
15275520 1.2915727823608754e-14
15280512 1.279916681919963e-14
15285504 1.2683527628631774e-14
15290496 1.2568358652462156e-14
15295488 1.2454734342153921e-14
15300480 1.2342365028930216e-14
15305472 1.2231400724418204e-14
15310464 1.2120705527755262e-14
15315456 1.2010581224215632e-14
15320448 1.1901602905355776e-14
15325440 1.1794601753600809e-14
15330432 1.1687797066416545e-14
15335424 1.1582362374944759e-14
15340416 1.1477566301503965e-14
15345408 1.1373875618325784e-14
15350400 1.1270606843638564e-14
15355392 1.1168329094198785e-14
15360384 1.1067473417532734e-14
15365376 1.096748726304897e-14
15370368 1.0868367837646442e-14
15375360 1.0770422058341478e-14
15380352 1.0672808064035556e-14
15385344 1.0576500612813344e-14
15390336 1.0658141036401503e-14
15395328 1.0386331551759387e-14
15400320 1.0292873324491136e-14
15405312 1.0199957198309129e-14
15410304 1.0658141036401503e-14
15415296 1.001510072790035e-14
15420288 9.925111947584053e-15
15425280 9.835020331757889e-15
15430272 9.746652269992939e-15
15435264 9.658506633369868e-15
15440256 9.571553193147703e-15
15445248 9.484560439930902e-15
15450240 9.399308564099402e-15
15455232 9.314597704257466e-15
15460224 9.230246775238093e-15
15465216 9.146111186907721e-15
15470208 9.064108551396613e-15
15475200 8.981934290079726e-15
15480192 8.900702201715575e-15
15485184 8.821037222829619e-15
15490176 1.0658141036401503e-14
15495168 8.662070640285281e-15
15500160 8.583737019784987e-15
15505152 8.881784197001252e-15
15510144 8.881784197001252e-15
15515136 8.353777739000812e-15
15520128 8.278425688013069e-15
15525120 8.203736430059136e-15
15530112 8.130432091468798e-15
15535104 8.881784197001252e-15
15540096 7.98449217749785e-15
15545088 7.912718753868895e-15
15550080 7.840963413410198e-15
15555072 7.770151709551865e-15
15560064 7.69946172790581e-15
15565056 7.630289629301235e-15
15570048 7.561543813102514e-15
15575040 7.492921214047321e-15
15580032 7.425375418701474e-15
15585024 1.0658141036401503e-14
15590016 7.291150898167966e-15
15595008 8.881784197001252e-15
15600000 7.159962726877023e-15
15604992 7.105427357601002e-15
15609984 7.105427357601002e-15
15614976 8.881784197001252e-15
15619968 7.105427357601002e-15
15624960 7.105427357601002e-15
15629952 7.105427357601002e-15
15634944 7.105427357601002e-15
15639936 7.105427357601002e-15
15644928 6.5968990497738175e-15
15649920 6.537413839435846e-15
15654912 7.105427357601002e-15
15659904 7.105427357601002e-15
15664896 6.3613394066242e-15
15669888 7.105427357601002e-15
15674880 6.246413976340737e-15
15679872 7.105427357601002e-15
15684864 7.105427357601002e-15
15689856 6.077685547277432e-15
15694848 7.105427357601002e-15
15699840 7.105427357601002e-15
15704832 8.881784197001252e-15
15709824 7.105427357601002e-15
15714816 5.807931678170798e-15
15719808 8.881784197001252e-15
15724800 7.105427357601002e-15
15729792 7.105427357601002e-15
15734784 7.105427357601002e-15
15739776 7.105427357601002e-15
15744768 5.4995101113491195e-15
15749760 7.105427357601002e-15
15754752 7.105427357601002e-15
15759744 7.105427357601002e-15
15764736 5.773159728050814e-15
15769728 5.329070518200751e-15
15774720 6.217248937900877e-15
15779712 7.105427357601002e-15
15784704 7.105427357601002e-15
15789696 7.105427357601002e-15
15794688 7.105427357601002e-15
15799680 7.105427357601002e-15
15804672 6.217248937900877e-15
15809664 7.105427357601002e-15
15814656 7.105427357601002e-15
15819648 7.105427357601002e-15
15824640 5.329070518200751e-15
15829632 7.105427357601002e-15
15834624 5.329070518200751e-15
15839616 7.105427357601002e-15
15844608 5.329070518200751e-15
15849600 7.105427357601002e-15
15854592 5.329070518200751e-15
15859584 7.105427357601002e-15
15864576 5.329070518200751e-15
15869568 5.329070518200751e-15
15874560 5.329070518200751e-15
15879552 7.105427357601002e-15
15884544 5.329070518200751e-15
15889536 5.329070518200751e-15
15894528 7.105427357601002e-15
15899520 7.105427357601002e-15
15904512 5.329070518200751e-15
15909504 5.329070518200751e-15
15914496 7.105427357601002e-15
15919488 7.105427357601002e-15
15924480 8.881784197001252e-15
15929472 5.329070518200751e-15
15934464 5.329070518200751e-15
15939456 7.105427357601002e-15
15944448 5.329070518200751e-15
15949440 5.329070518200751e-15
15954432 5.329070518200751e-15
15959424 5.329070518200751e-15
15964416 7.105427357601002e-15
15969408 8.881784197001252e-15
15974400 8.881784197001252e-15
15979392 5.329070518200751e-15
15984384 7.105427357601002e-15
15989376 7.105427357601002e-15
15994368 7.105427357601002e-15
15999360 7.105427357601002e-15
16004352 5.329070518200751e-15
16009344 7.105427357601002e-15
16014336 5.329070518200751e-15
16019328 7.105427357601002e-15
16024320 7.105427357601002e-15
16029312 7.105427357601002e-15
16034304 5.329070518200751e-15
16039296 7.105427357601002e-15
16044288 5.329070518200751e-15
16049280 7.105427357601002e-15
16054272 7.105427357601002e-15
16059264 7.105427357601002e-15
16064256 5.329070518200751e-15
16069248 7.105427357601002e-15
16074240 5.329070518200751e-15
16079232 8.881784197001252e-15
16084224 7.105427357601002e-15
16089216 5.329070518200751e-15
16094208 5.329070518200751e-15
16099200 5.329070518200751e-15
16104192 5.329070518200751e-15
16109184 7.105427357601002e-15
16114176 7.105427357601002e-15
16119168 7.105427357601002e-15
16124160 5.329070518200751e-15
16129152 5.329070518200751e-15
16134144 5.329070518200751e-15
16139136 7.105427357601002e-15
16144128 7.105427357601002e-15
16149120 5.329070518200751e-15
16154112 5.329070518200751e-15
16159104 4.440892098500626e-15
16164096 5.329070518200751e-15
16169088 7.105427357601002e-15
16174080 5.329070518200751e-15
16179072 5.329070518200751e-15
16184064 5.329070518200751e-15
16189056 7.105427357601002e-15
16194048 1.0658141036401503e-14
16199040 5.329070518200751e-15
16204032 5.329070518200751e-15
16209024 5.329070518200751e-15
16214016 7.105427357601002e-15
16219008 7.105427357601002e-15
16224000 7.105427357601002e-15
16228992 5.329070518200751e-15
16233984 5.329070518200751e-15
16238976 5.329070518200751e-15
16243968 7.105427357601002e-15
16248960 5.329070518200751e-15
16253952 7.105427357601002e-15
16258944 5.329070518200751e-15
16263936 5.329070518200751e-15
16268928 5.329070518200751e-15
16273920 5.329070518200751e-15
16278912 4.440892098500626e-15
16283904 5.329070518200751e-15
16288896 4.440892098500626e-15
16293888 5.329070518200751e-15
16298880 5.329070518200751e-15
16303872 3.552713678800501e-15
