0 12.765903980262319
36665 1.4302773089722454
73330 0.6335550780647288
109995 0.3051651469016723
146660 0.19031371525417295
183325 0.12226688184710177
219990 0.07698989527117828
256655 0.04988899218651177
293320 0.03359349045861637
329985 0.024037216086873814
366650 0.017364574934364274
403315 0.012869963235067061
439980 0.009762329724083307
476645 0.00751398286596161
513310 0.00608227101949016
549975 0.004997739307028487
586640 0.004260120821059671
623305 0.0037024357336908342
659970 0.0032778439878996257
696635 0.0029668511814287257
733300 0.002713435091896088
769965 0.0024827527546837647
806630 0.0022743779914798784
843295 0.002085923093901834
879960 0.0019166267331940656
916625 0.0017613657524277043
953290 0.001617567331313824
989955 0.0014846961249631169
1026620 0.00136215224698516
1063285 0.0012493029191242566
1099950 0.0011455057018492018
1136615 0.00105012512041152
1173280 0.0009625441853685635
1209945 0.0008821720255329651
1246610 0.0008084486070690372
1283275 0.0007408473053674564
1319940 0.0006788759246772261
1356605 0.0006220766210101522
1393270 0.0005700250724882255
1429935 0.0005223291537716154
1466600 0.0004786273033230565
1503265 0.00043858672027265524
1539930 0.0004019014882792535
1576595 0.00036829069429944114
1613260 0.0003374965883301412
1649925 0.0003092828141839851
1686590 0.00028343272976904914
1723255 0.00025974782706759264
1759920 0.00023804625619202463
1796585 0.0002182429931664072
1833250 0.0002001113498224065
1869915 0.00018348140610706387
1906580 0.000168229602488041
1943245 0.00015424239901449047
1979910 0.00014141549062709168
2016575 0.0001296530783113977
2053240 0.0001188671933516558
2089905 0.00010897707176730359
2126570 9.990857594326108e-05
2163235 9.159366046903976e-05
2199900 8.39698792584314e-05
2236565 7.697993111454964e-05
2273230 7.05712410221139e-05
2309895 6.469557458115005e-05
2346560 5.93086831367582e-05
2383225 5.4369977303509245e-05
2419890 4.984222672689033e-05
2456555 4.569128406575751e-05
2493220 4.188583131642734e-05
2529885 3.839714673074292e-05
2566550 3.519889070571075e-05
2603215 3.226690914081426e-05
2639880 2.9579052871049616e-05
2676545 2.7115011888617993e-05
2713210 2.4856163164273942e-05
2749875 2.2785430971153722e-05
2786540 2.0887158699075398e-05
2823205 1.9146991226492646e-05
2859870 1.7551766991119253e-05
2896535 1.608941896796487e-05
2933200 1.4748883826937176e-05
2969865 1.3520018600209419e-05
3006530 1.2393524243542106e-05
3043195 1.1360875525282671e-05
3079860 1.0414256722659013e-05
3116525 9.546502647275398e-06
3153190 8.751044560445162e-06
3189855 8.021860574939851e-06
3226520 7.353430172699418e-06
3263185 6.740692498242648e-06
3299850 6.179008115544948e-06
3336515 5.66412394175167e-06
3373180 5.192141094574609e-06
3409845 4.7594854120265595e-06
3446510 4.362880422837875e-06
3483175 3.999322564472718e-06
3519840 3.666058462040156e-06
3556505 3.360564097233329e-06
3593170 3.0805257102209382e-06
3629835 2.8238222906651345e-06
3666500 2.5885095256920204e-06
3703165 2.372805083902807e-06
3739830 2.175075124248929e-06
3776495 1.993821927968875e-06
3813160 1.827672560194421e-06
3849825 1.67536847559685e-06
3886490 1.5357559894936534e-06
3923155 1.407777542500148e-06
3959820 1.2904636925523821e-06
3996485 1.1829257739390253e-06
4033150 1.0843491676610847e-06
4069815 9.939871323475652e-07
4106480 9.111551490109671e-07
4143145 8.352257368686791e-07
4179810 7.656237009977598e-07
4216475 7.01821775930811e-07
4253140 6.433366320692663e-07
4289805 5.897252149172569e-07
4326470 5.405813891818517e-07
4363135 4.955328625610295e-07
4399800 4.5423836574423615e-07
4436465 4.1638506741766695e-07
4473130 3.8168620463980424e-07
4509795 3.498789106076705e-07
4546460 3.20722223498722e-07
4583125 2.9399526109852997e-07
4619790 2.6949554767993766e-07
4656455 2.470374801232661e-07
4693120 2.2645092198278483e-07
4729785 2.0757991464181308e-07
4766450 1.9028149584460197e-07
4803115 1.7442461673709136e-07
4839780 1.5988914907425628e-07
4876445 1.4656497524748874e-07
4913110 1.343511540248532e-07
4949775 1.2315515589972348e-07
4986440 1.1289216212892472e-07
5023105 1.0348442216513709e-07
5059770 9.486066467664228e-08
5096435 8.695555755739576e-08
5133100 7.970921309628787e-08
5169765 7.306673416307419e-08
5206430 6.697779843332224e-08
5243095 6.139627710139567e-08
5279760 5.62798854308183e-08
5316425 5.1589862428910727e-08
5353090 4.729067718239194e-08
5389755 4.3349759702021595e-08
5426420 3.973725417900226e-08
5463085 3.642579279178326e-08
5499750 3.339028837971714e-08
5536415 3.06077443858882e-08
5573080 2.805708065531376e-08
5609745 2.5718973704208503e-08
5646410 2.357571035876277e-08
5683075 2.1611053543056646e-08
5719740 1.9810119285430805e-08
5756405 1.8159263950184856e-08
5793070 1.6645980873211674e-08
5829735 1.525880562180948e-08
5866400 1.3987229140546842e-08
5903065 1.2821618128322498e-08
5939730 1.1753142066354971e-08
5976395 1.077370632464325e-08
6013060 9.875890824746769e-09
6049725 9.052893827805886e-09
6086390 8.298480419326182e-09
6123055 7.60693525270889e-09
6159720 6.973019271369618e-09
6196385 6.391930011326319e-09
6233050 5.859265216241749e-09
6269715 5.370989481293109e-09
6306380 4.923403692548567e-09
6343045 4.513116997305333e-09
6379710 4.137021108498173e-09
6416375 3.792266776644904e-09
6453040 3.476242189069667e-09
6489705 3.186553181044882e-09
6526370 2.921005096655216e-09
6563035 2.677586190963366e-09
6599700 2.4544523401573426e-09
6636365 2.2499131134556816e-09
6673030 2.0624189526335934e-09
6709695 1.890549421006138e-09
6746360 1.7330024568162905e-09
6783025 1.5885845026583634e-09
6819690 1.456201475374952e-09
6856355 1.3348504445884202e-09
6893020 1.2236120727759925e-09
6929685 1.1216436347424863e-09
6966350 1.0281726364400057e-09
7003015 9.424909385921665e-10
7039680 8.639494449708129e-10
7076345 7.919531159333859e-10
7113010 7.259565257961009e-10
7149675 6.654596951607972e-10
7186340 6.100043092177598e-10
7223005 5.591702352883421e-10
7259670 5.125723630261536e-10
7296335 4.698576753364714e-10
7333000 4.3070257863681016e-10
7369665 3.9481042480443707e-10
7406330 3.6190931067964227e-10
7442995 3.317499747135244e-10
7479660 3.04103941681233e-10
7516325 2.7876175760083166e-10
7552990 2.5553143195161665e-10
7589655 2.3423699351682314e-10
7626320 2.1471709566595054e-10
7662985 1.968238688351831e-10
7699650 1.8042175305849062e-10
7736315 1.6538649443009756e-10
7772980 1.516041840676774e-10
7809645 1.3897041069993454e-10
7846310 1.2738945748963504e-10
7882975 1.1677358646017266e-10
7919640 1.070423819027333e-10
7956305 9.812211806958793e-11
7992970 8.994521273619771e-11
8029635 8.244972586612942e-11
8066300 7.557886174541784e-11
8102965 6.928057173088975e-11
8139630 6.350714572278537e-11
8176295 5.821484960755186e-11
8212960 5.336357310897766e-11
8249625 4.891657131439464e-11
8286290 4.48401619654315e-11
8322955 4.110345570851326e-11
8359620 3.767813838706502e-11
8396285 3.453826981358876e-11
8432950 3.1660063459781895e-11
8469615 2.9021706045295748e-11
8506280 2.6603209218878376e-11
8542945 2.4386258637432157e-11
8579610 2.2354057840900943e-11
8616275 2.049120248481806e-11
8652940 1.878359360413251e-11
8689605 1.7218284957543073e-11
8726270 1.5783410169112333e-11
8762935 1.4468117676136316e-11
8799600 1.3262431951266418e-11
8836265 1.2157220542763358e-11
8872930 1.1144114277217287e-11
8909595 1.0215428329629628e-11
8946260 9.364137069922673e-12
8982925 8.583784724680577e-12
9019590 7.868465427829374e-12
9056255 7.212759035868377e-12
9092920 6.611691229230221e-12
9129585 6.0607109608756815e-12
9166250 5.555649690291986e-12
9202915 5.092674545958964e-12
9239580 4.668278784369928e-12
9276245 4.279254901817797e-12
9312910 3.922644327414293e-12
9349575 3.5957565050481755e-12
9386240 3.2961064433401077e-12
9422905 3.021428593430464e-12
9459570 2.7696421545098104e-12
9496235 2.538842400201524e-12
9532900 2.327269453539227e-12
9569565 2.13332736892502e-12
9606230 1.9555503050217027e-12
9642895 1.7925851775180135e-12
9679560 1.6432038021929607e-12
9716225 1.5062655983610895e-12
9752890 1.3807462118098357e-12
9789555 1.265684605733508e-12
9826220 1.1602090815854282e-12
9862885 1.0635268707370749e-12
9899550 9.748955115407298e-13
9936215 8.9365233962857e-13
9972880 8.191780587196718e-13
10009545 7.509140878547704e-13
10046210 6.88339142629335e-13
10082875 6.30975306725734e-13
10119540 5.78392368721925e-13
10156205 5.301939443036474e-13
10192870 4.860105373705181e-13
10229535 4.4550908101514963e-13
10266200 4.0838599862924596e-13
10302865 3.74351591392319e-13
10339530 3.4315692648556606e-13
10376195 3.1455567317539845e-13
10412860 2.883448688151269e-13
10449525 2.643180813111101e-13
10486190 2.4228969525141864e-13
10522855 2.220966466293106e-13
10559520 2.0359148394932802e-13
10596185 1.8661894946037094e-13
10632850 1.7107409239214277e-13
10669515 1.568164001430894e-13
10706180 1.437487281985561e-13
10742845 1.3177046259693626e-13
10779510 1.207879282705271e-13
10816175 1.1072219530117167e-13
10852840 1.0150040530287896e-13
10889505 9.304015891054007e-14
10926170 8.528767969639972e-14
10962835 7.817791553010878e-14
10999500 7.166316151607788e-14
11036165 6.569658012045565e-14
11072830 6.022005810679687e-14
11109495 5.519456419689206e-14
11146160 5.0595812262077544e-14
11182825 4.6383903662405856e-14
11219490 4.2516337672715565e-14
11256155 3.896969552608098e-14
11292820 3.5724895264266365e-14
11329485 3.275071186470413e-14
11366150 3.001852239004066e-14
11402815 2.7514449052468137e-14
11439480 2.5224614064178752e-14
11476145 2.3125598658246815e-14
11512810 2.1197453514698594e-14
11549475 1.942803556920225e-14
11586140 1.7811273289591867e-14
11622805 1.6328084717631697e-14
11659470 1.4965459427251915e-14
11696135 1.3716458524548614e-14
11732800 1.257240839214191e-14
11769465 1.152376805091393e-14
11806130 1.0565333330436744e-14
11842795 9.684961166378514e-15
11879460 8.87744738831131e-15
11916125 8.13845518754519e-15
11952790 7.454974138010328e-15
11989455 7.105427357601002e-15
12026120 7.105427357601002e-15
12062785 7.105427357601002e-15
12099450 5.329070518200751e-15
12136115 5.329070518200751e-15
12172780 7.105427357601002e-15
12209445 7.105427357601002e-15
12246110 7.105427357601002e-15
12282775 7.105427357601002e-15
12319440 7.105427357601002e-15
12356105 7.105427357601002e-15
12392770 7.105427357601002e-15
12429435 5.329070518200751e-15
12466100 5.329070518200751e-15
12502765 7.105427357601002e-15
12539430 5.329070518200751e-15
12576095 8.881784197001252e-15
12612760 7.105427357601002e-15
12649425 5.329070518200751e-15
12686090 7.105427357601002e-15
12722755 7.105427357601002e-15
12759420 7.105427357601002e-15
12796085 5.329070518200751e-15
12832750 5.329070518200751e-15
12869415 7.105427357601002e-15
12906080 5.329070518200751e-15
12942745 5.329070518200751e-15
12979410 5.329070518200751e-15
13016075 7.105427357601002e-15
13052740 5.329070518200751e-15
13089405 7.105427357601002e-15
13126070 5.329070518200751e-15
13162735 5.329070518200751e-15
13199400 7.105427357601002e-15
13236065 5.329070518200751e-15
13272730 8.881784197001252e-15
13309395 1.0658141036401503e-14
13346060 1.0658141036401503e-14
13382725 8.881784197001252e-15
13419390 7.105427357601002e-15
13456055 3.552713678800501e-15
13492720 5.329070518200751e-15
13529385 3.552713678800501e-15
13566050 5.329070518200751e-15
13602715 5.329070518200751e-15
13639380 5.329070518200751e-15
13676045 5.329070518200751e-15
13712710 3.552713678800501e-15
13749375 5.329070518200751e-15
13786040 3.552713678800501e-15
13822705 5.329070518200751e-15
13859370 3.552713678800501e-15
13896035 5.329070518200751e-15
13932700 5.329070518200751e-15
13969365 5.329070518200751e-15
14006030 5.329070518200751e-15
14042695 5.329070518200751e-15
14079360 5.329070518200751e-15
14116025 5.329070518200751e-15
14152690 5.329070518200751e-15
14189355 5.329070518200751e-15
14226020 5.329070518200751e-15
14262685 5.329070518200751e-15
14299350 5.329070518200751e-15
14336015 5.329070518200751e-15
14372680 5.329070518200751e-15
14409345 5.329070518200751e-15
14446010 5.329070518200751e-15
14482675 5.329070518200751e-15
14519340 3.552713678800501e-15
14556005 5.329070518200751e-15
14592670 5.329070518200751e-15
14629335 3.552713678800501e-15
14666000 3.552713678800501e-15
14702665 5.329070518200751e-15
14739330 5.329070518200751e-15
14775995 5.329070518200751e-15
14812660 5.329070518200751e-15
14849325 3.552713678800501e-15
14885990 3.552713678800501e-15
14922655 3.552713678800501e-15
14959320 3.552713678800501e-15
14995985 5.329070518200751e-15
15032650 3.552713678800501e-15
15069315 3.552713678800501e-15
15105980 3.552713678800501e-15
15142645 3.552713678800501e-15
15179310 7.105427357601002e-15
15215975 3.552713678800501e-15
15252640 3.552713678800501e-15
15289305 3.552713678800501e-15
15325970 3.552713678800501e-15
15362635 3.552713678800501e-15
15399300 3.552713678800501e-15
15435965 3.552713678800501e-15
15472630 3.552713678800501e-15
15509295 3.552713678800501e-15
15545960 3.552713678800501e-15
15582625 3.552713678800501e-15
15619290 3.552713678800501e-15
15655955 3.552713678800501e-15
15692620 4.440892098500626e-15
15729285 5.329070518200751e-15
15765950 3.552713678800501e-15
15802615 3.552713678800501e-15
15839280 3.552713678800501e-15
15875945 3.552713678800501e-15
15912610 3.552713678800501e-15
15949275 3.552713678800501e-15
15985940 3.552713678800501e-15
16022605 3.552713678800501e-15
16059270 3.552713678800501e-15
16095935 3.552713678800501e-15
16132600 3.552713678800501e-15
16169265 3.552713678800501e-15
16205930 3.552713678800501e-15
16242595 5.329070518200751e-15
16279260 3.552713678800501e-15
16315925 3.552713678800501e-15
