0 12.952771166460309
154177 1.4702118312646064
308354 0.6398944297943747
462531 0.3225206534927656
616708 0.23271089802384726
770885 0.17062501922351636
925062 0.1269153550705786
1079239 0.10284562481041393
1233416 0.08426559726637883
1387593 0.06896490482669826
1541770 0.05652746742279202
1695947 0.04745832343311296
1850124 0.040164105301534914
2004301 0.03392207400690328
2158478 0.028724740118460712
2312655 0.02440483333470711
2466832 0.02075017928428835
2621009 0.017713505083132297
2775186 0.01528591680350111
2929363 0.013194648324157843
3083540 0.011424815102644814
3237717 0.009950613367825767
3391894 0.008685782616073556
3546071 0.0075999623912772485
3700248 0.006684206720609875
3854425 0.005910500548533815
4008602 0.0052624276179205065
4162779 0.0046970733851920965
4316956 0.004210153088999524
4471133 0.0037893432928113313
4625310 0.0034192003005224514
4779487 0.003093230359698884
4933664 0.002805775762409368
5087841 0.0025593124210642193
5242018 0.0023546731386281383
5396195 0.0021714007328106355
5550372 0.002007054216149773
5704549 0.0018616792357782352
5858726 0.0017425124978417417
6012903 0.0016345507876108223
6167080 0.0015365553468759674
6321257 0.0014549101198861741
6475434 0.001382471603347063
6629611 0.001315522577428771
6783788 0.0012563365768470114
6937965 0.0012075610147929267
7092142 0.0011656836081218869
7246319 0.0011272280224020326
7400496 0.001095996629509044
7554673 0.0010659433885955583
7708850 0.0010395802694596334
7863027 0.0010147704778541433
8017204 0.0009903957894922821
8171381 0.0009683767455947734
8325558 0.0009467382820514403
8479735 0.0009253237484664056
8633912 0.0009041576243007388
8788089 0.0008832614515597303
8942266 0.0008626540342697719
9096443 0.0008423516330424985
9250620 0.0008225755895814868
9404797 0.0008034839201708777
9558974 0.0007846852298674656
9713151 0.0007661908917579174
9867328 0.000748010315367087
10021505 0.0007301511275007444
10175682 0.0007126193405210535
10329859 0.0006954195085392134
10484036 0.0006785548720451562
10638213 0.0006620274915263014
10792390 0.000645838370640528
10946567 0.0006299875695195412
11100744 0.0006144743087811988
11254921 0.0005992970648219242
11409098 0.0005844536569509645
11563275 0.0005700091324210843
11717452 0.0005561276831673317
11871629 0.0005425481157547013
12025806 0.0005292675236736322
12179983 0.00051628262506416
12334160 0.0005035898136093592
12488337 0.0004911852044839488
12642514 0.00047906467578601175
12796691 0.0004672239058417238
12950868 0.0004556584067496594
13105045 0.00044436355449618825
13259222 0.0004333346159525603
13413399 0.00042256677303431633
13567576 0.00041205514428459267
13721753 0.0004017948041180469
13875930 0.0003917807999437306
14030107 0.0003820081673667347
14184284 0.0003724719436490054
14338461 0.00036316717959815337
14492638 0.00035408895003255503
14646815 0.0003452323629642151
14800992 0.00033659256762197387
14955169 0.0003281647614321731
15109346 0.0003199441960585747
15263523 0.0003119261825976771
15417700 0.00030410609601418115
15571877 0.0002964793788948067
15726054 0.0002890415445909941
15880231 0.00028178817981442533
16034408 0.0002747149467432902
16188585 0.00026781758469171524
16342762 0.0002610919113894411
16496939 0.00025453382391529833
16651116 0.00024813929932239465
16805293 0.0002419043949904165
16959470 0.000235825248736575
17113647 0.00022989807871321571
17267824 0.000224134145358601
17422001 0.00021853196597895752
17576178 0.00021306837009148205
17730355 0.00020774004505859367
17884532 0.0002025437475252842
18038709 0.00019747630288185353
18192886 0.0001925346046329282
18347063 0.00018771561368480932
18501240 0.0001830163575621685
18655417 0.00017843392956391757
18809594 0.00017396548786663413
18963771 0.00016960825458428586
19117948 0.0001653595147905404
19272125 0.00016121661551075223
19426302 0.00015717696468887932
19580479 0.000153238030134617
19734656 0.00014939733845566183
19888833 0.00014565247397856085
20043010 0.00014200107766254577
20197187 0.00013844084600899212
20351364 0.00013496952996991385
20505541 0.00013158493385765843
20659718 0.00012828491425828648
20813895 0.00012506737895078696
20968072 0.00012193028583345686
21122249 0.00011887164185948179
21276426 0.00011588950198286943
21430603 0.00011298196811572112
21584780 0.00011014718809826407
21738957 0.00010738335468219243
21893134 0.00010468870452820869
22047311 0.00010206151721835546
22201488 9.95001142837168e-05
22355665 9.700285824782579e-05
22509842 9.456815168620847e-05
22664019 9.21944363023279e-05
22818196 8.988019202014336e-05
22972373 8.762393609324307e-05
23126550 8.542422223116464e-05
23280727 8.327963974211552e-05
23434904 8.11888126929991e-05
23589081 7.915039908605939e-05
23743258 7.716309005234914e-05
23897435 7.522560906188594e-05
24051612 7.333671115043044e-05
24205789 7.149518216254327e-05
24359966 6.969983801099512e-05
24514143 6.794952395221786e-05
24668320 6.624311387761969e-05
24822497 6.457950962054752e-05
24976674 6.295764027869702e-05
25130851 6.137646155174661e-05
25285028 5.983495509392922e-05
25439205 5.833212788133521e-05
25593382 5.686701159374197e-05
25747559 5.543866201059358e-05
25901736 5.4046158421031804e-05
26055913 5.26886030475307e-05
26210090 5.136512048310206e-05
26364267 5.007485714163783e-05
26518444 4.8816980721162404e-05
26672621 4.7590679679809095e-05
26826798 4.6395162724180775e-05
26980975 4.5229658309919527e-05
27135152 4.4093414154105365e-05
27289329 4.2985696759392095e-05
27443506 4.190579094950388e-05
27597683 4.085299941592249e-05
27751860 3.982664227542877e-05
27906037 3.882605663843228e-05
28060214 3.7850596187620836e-05
28214391 3.689963076691609e-05
28368568 3.5972545980337764e-05
28522745 3.5068742800651795e-05
28676922 3.4187637187554215e-05
28831099 3.3328659715141026e-05
28985276 3.249125520849924e-05
29139453 3.167488238916497e-05
29293630 3.0879013529287215e-05
29447807 3.0103134114229345e-05
29601984 2.934674251350855e-05
29756161 2.8609349659733212e-05
29910338 2.789047873555644e-05
30064515 2.718966486817999e-05
30218692 2.6506454831542146e-05
30372869 2.584040675573246e-05
30527046 2.519108984362986e-05
30681223 2.455808409452826e-05
30835400 2.3940980034589145e-05
30989577 2.333937845396504e-05
31143754 2.275289015041173e-05
31297931 2.21811356792773e-05
31452108 2.1623745109657262e-05
31606285 2.108035778662122e-05
31760462 2.0550622099305485e-05
31914639 2.003419525477973e-05
32068816 1.9530743057541086e-05
32222993 1.903993969444226e-05
32377170 1.8561467525030247e-05
32531347 1.8095016877021572e-05
32685524 1.7640285846921844e-05
32839701 1.7196980105578e-05
32993878 1.67648127085843e-05
33148055 1.6343503911402015e-05
33302232 1.593278098907221e-05
33456409 1.553237806045096e-05
33610586 1.5142035916794819e-05
33764763 1.4761501854637128e-05
33918940 1.4390529512816382e-05
34073117 1.4028878713602012e-05
34227294 1.3676315307735009e-05
34381471 1.3332611023386415e-05
34535648 1.2997543318845044e-05
34689825 1.26708952389162e-05
34844002 1.2352455274880925e-05
34998179 1.2042017227968486e-05
35152356 1.1739380076238905e-05
35306533 1.1444347844787473e-05
35460710 1.1156729479191042e-05
35614887 1.0876338722127978e-05
35769064 1.0602993993076397e-05
35923241 1.0336518271024733e-05
36077418 1.0076738980104895e-05
36231595 9.823487878098548e-06
36385772 9.57660094774021e-06
36539949 9.33591829071264e-06
36694126 9.101284024326268e-06
36848303 8.872546180761255e-06
37002480 8.649556608847885e-06
37156657 8.432170878294211e-06
37310834 8.220248186324112e-06
37465011 8.013651266642902e-06
37619188 7.812246300685846e-06
37773365 7.615902831093618e-06
37927542 7.424493677354871e-06
38081719 7.237894853553018e-06
38235896 7.055985488186884e-06
38390073 6.878647745995822e-06
38544250 6.7057667517407375e-06
38698427 6.537230515896554e-06
38852604 6.372929862212117e-06
39006781 6.212758357081573e-06
39160958 6.056612240686694e-06
39315135 5.904390359864594e-06
39469312 5.755994102668322e-06
39623489 5.611327334549858e-06
39777666 5.470296336165283e-06
39931843 5.332809742716275e-06
40086020 5.198778484840705e-06
40240197 5.068115730958887e-06
40394374 4.9407368310821955e-06
40548551 4.816559262027249e-06
40702728 4.695502574004204e-06
40856905 4.5774883385462165e-06
41011082 4.4624400977418856e-06
41165259 4.350283314746633e-06
41319436 4.240945325531802e-06
41473613 4.1343552918461125e-06
41627790 4.030444155358895e-06
41781967 3.929144592951933e-06
41936144 3.830390973135617e-06
42090321 3.734119313555809e-06
42244498 3.6402672395690824e-06
42398675 3.5487739438603075e-06
42552852 3.459580147071586e-06
42707029 3.3726280594147725e-06
42861206 3.287861343258258e-06
43015383 3.2052250766429185e-06
43169560 3.1246657177209317e-06
43323737 3.0461310700834274e-06
43477914 2.9695702489593995e-06
43632091 2.8949336482661514e-06
43786268 2.822172908480483e-06
43940445 2.7512408853275824e-06
44094622 2.6820916192425194e-06
44248799 2.614680305609981e-06
44402976 2.54896326574495e-06
44557153 2.4848979186065188e-06
44711330 2.4224427532157887e-06
44865507 2.3615573017756776e-06
45019684 2.302202113454478e-06
45173861 2.2443387288378263e-06
45328038 2.1879296550200234e-06
45482215 2.132938341312704e-06
45636392 2.0793291555764844e-06
45790569 2.0270673611388424e-06
45944746 1.976119094292475e-06
46098923 1.9264513423641666e-06
46253100 1.8780319223238046e-06
46407277 1.8308294599434123e-06
46561454 1.7848133694722606e-06
46715631 1.7399538338222064e-06
46869808 1.6962217852551243e-06
47023985 1.6535888865520498e-06
47178162 1.6120275126540583e-06
47332339 1.571510732770653e-06
47486516 1.5320122929305064e-06
47640693 1.4935065989755318e-06
47794870 1.4559686999795303e-06
47949047 1.4193742720833855e-06
48103224 1.3836996027386797e-06
48257401 1.3489215753450905e-06
48411578 1.3150176542746318e-06
48565755 1.2819658702705947e-06
48719932 1.2497448062165264e-06
48874109 1.2183335832588764e-06
49028286 1.187711847283634e-06
49182463 1.157859755724299e-06
49336640 1.1287579647106154e-06
49490817 1.1003876165366052e-06
49644994 1.0727303274374886e-06
49799171 1.0457681756854704e-06
49953348 1.019483689973814e-06
50107525 9.93859838099181e-07
50261702 9.68880015928355e-07
50415879 9.445280366350431e-07
50570056 9.207881202178076e-07
50724233 8.976448832740888e-07
50878410 8.750833290307493e-07
51032587 8.530888376308146e-07
51186764 8.316471566601489e-07
51340941 8.107443919113527e-07
51495118 7.903669983825006e-07
51649295 7.705017715019333e-07
51803472 7.511358385713009e-07
51957649 7.322566504241448e-07
52111826 7.138519732965498e-07
52266003 6.959098809010845e-07
52420180 6.784187466961139e-07
52574357 6.61367236353739e-07
52728534 6.447443004189892e-07
52882711 6.285391671458475e-07
53036888 6.127413355196511e-07
53191065 5.973405684527467e-07
53345242 5.823268861523175e-07
53499419 5.676905596520331e-07
53653596 5.534221045084978e-07
53807773 5.395122746581615e-07
53961950 5.259520564231991e-07
54116127 5.127326626715644e-07
54270304 4.998455271243863e-07
54424481 4.872822988053957e-07
54578658 4.750348366276127e-07
54732835 4.630952041203293e-07
54887012 4.5145566428608785e-07
55041189 4.401086745859208e-07
55195366 4.290468820548031e-07
55349543 4.182631185341984e-07
55503720 4.0775039602798744e-07
55657897 3.9750190217570716e-07
55812074 3.875109958380047e-07
55966251 3.7777120279094533e-07
56120428 3.6827621153416156e-07
56274605 3.59019869199291e-07
56428782 3.49996177562064e-07
56582959 3.411992891587997e-07
56737136 3.3262350349397545e-07
56891313 3.242632633474341e-07
57045490 3.1611315117515814e-07
57199667 3.0816788559569555e-07
57353844 3.0042231797004423e-07
57508021 2.9287142906523657e-07
57662198 2.855103258004319e-07
57816375 2.783342380779019e-07
57970552 2.7133851569207876e-07
58124729 2.6451862531384675e-07
58278906 2.578701475565827e-07
58433083 2.513887741086582e-07
58587260 2.450703049457388e-07
58741437 2.389106456045578e-07
58895614 2.3290580453431877e-07
59049791 2.2705189050566902e-07
59203968 2.2134511009404972e-07
59358145 2.1578176521790636e-07
59512322 2.1035825074216825e-07
59666499 2.0507105214602125e-07
59820676 1.9991674324044539e-07
59974853 1.9489198395178028e-07
60129030 1.8999351815603138e-07
60283207 1.852181715680367e-07
60437384 1.805628496861448e-07
60591561 1.7602453578579019e-07
60745738 1.7160028896565267e-07
60899915 1.672872422411962e-07
61054092 1.6308260068645473e-07
61208269 1.5898363962330627e-07
61362446 1.5498770285693377e-07
61516623 1.5109220095259421e-07
61670800 1.4729460955976732e-07
61824977 1.435924677747934e-07
61979154 1.3998337654612045e-07
62133331 1.364649971215097e-07
62287508 1.3303504953069475e-07
62441685 1.296913111082645e-07
62595862 1.264316150538427e-07
62750039 1.2325384902793762e-07
62904216 1.2015595378205273e-07
63058393 1.1713592182685268e-07
63212570 1.1419179612808493e-07
63366747 1.1132166884055689e-07
63520924 1.0852368007084438e-07
63675101 1.0579601667263464e-07
63829278 1.0313691107199322e-07
63983455 1.0054464011973602e-07
64137632 9.801752397957993e-08
64291809 9.555392503450815e-08
64445986 9.315224682782987e-08
64600163 9.081093302939353e-08
64754340 8.852846642532722e-08
64908517 8.630336793564314e-08
65062694 8.413419565634489e-08
65216871 8.201954392452002e-08
65371048 7.995804240685123e-08
65525225 7.794835521317267e-08
65679402 7.598918002943347e-08
65833579 7.407924727408002e-08
65987756 7.221731927568864e-08
66141933 7.040218947043913e-08
66296110 6.863268162094708e-08
66450287 6.690764905352767e-08
66604464 6.522597391562558e-08
66758641 6.358656644972482e-08
66912818 6.198836429002676e-08
67066995 6.043033177148809e-08
67221172 5.891145926054282e-08
67375349 5.7430762499268394e-08
67529526 5.5987281967983214e-08
67683703 5.45800822655167e-08
67837880 5.3208251499345556e-08
67992057 5.187090069752251e-08
68146234 5.0567163232422864e-08
68300411 4.9296194256308844e-08
68454588 4.805717015890325e-08
68608765 4.684928802821571e-08
68762942 4.5671765134462465e-08
68917119 4.4523838420166065e-08
69071296 4.3404764007493914e-08
69225473 4.231381671557146e-08
69379650 4.125028958896267e-08
69533827 4.021349344273881e-08
69688004 3.9202756413185026e-08
69842181 3.821742352314375e-08
69996358 3.725685625820003e-08
70150535 3.6320432153275246e-08
70304712 3.540754438735236e-08
70458889 3.451760139164522e-08
70613066 3.36500264667668e-08
70767243 3.280425740683629e-08
70921420 3.197974613811452e-08
71075597 3.1175958360891987e-08
71229774 3.039237320601358e-08
71383951 2.962848289498124e-08
71538128 2.8883792412741707e-08
71692305 2.815781918524482e-08
71846482 2.7450092767735378e-08
72000659 2.6760154540526014e-08
72154836 2.60875574102995e-08
72309013 2.5431865521277283e-08
72463190 2.479265397202588e-08
72617367 2.4169508541912674e-08
72771544 2.356202542038062e-08
72925721 2.2969810946739735e-08
73079898 2.2392481354512224e-08
73234075 2.1829662523583857e-08
73388252 2.1280989736041644e-08
73542429 2.074610744155249e-08
73696606 2.0224669026319697e-08
73850783 1.9716336587785772e-08
74004960 1.9220780717033037e-08
74159137 1.873768028389476e-08
74313314 1.8266722230523072e-08
74467491 1.780760136723368e-08
74621668 1.7360020173880046e-08
74775845 1.692368861098536e-08
74930022 1.6498323925019827e-08
75084199 1.6083650472651506e-08
75238376 1.5679399537407712e-08
75392553 1.5285309157178455e-08
75546730 1.4901123953996696e-08
75700907 1.4526594967179639e-08
75855084 1.4161479496010987e-08
76009261 1.3805540937869565e-08
76163438 1.3458548637850475e-08
76317615 1.3120277738711515e-08
76471792 1.2790509033963789e-08
76625969 1.2469028827033837e-08
76780146 1.2155628792594186e-08
76934323 1.1850105841797014e-08
77088500 1.1552261989350963e-08
77242677 1.126190422612739e-08
77396854 1.0978844396537096e-08
77551031 1.0702899070052369e-08
77705208 1.0433889430184681e-08
77859385 1.0171641153162471e-08
78013562 9.915984297667775e-09
78167739 9.666753192621308e-09
78321916 9.423786330388546e-09
78476093 9.186926265081566e-09
78630270 8.956019505765127e-09
78784447 8.730916421480564e-09
78938624 8.511471140306565e-09
79092801 8.297541458286185e-09
79246978 8.088988743908641e-09
79401155 7.885677851481553e-09
79555332 7.687477031142163e-09
79709509 7.494257845156935e-09
79863686 7.305895084004296e-09
80017863 7.122266685384744e-09
80172040 6.9432536534477785e-09
80326217 6.768739984740896e-09
80480394 6.598612591231234e-09
80634571 6.432761226796667e-09
80788748 6.271078416535819e-09
80942925 6.11345938716229e-09
81097102 5.959801998049394e-09
81251279 5.810006676720131e-09
81405456 5.6639763526024345e-09
81559633 5.521616395012807e-09
81713810 5.382834552224158e-09
81867987 5.247540890967323e-09
82022164 5.115647738209404e-09
82176341 4.987069624450002e-09
82330518 4.8617232292942625e-09
82484695 4.739527324857523e-09
82638872 4.620402726434117e-09
82793049 4.504272238612522e-09
82947226 4.391060606703107e-09
83101403 4.280694467406927e-09
83255580 4.1731023015445165e-09
83409757 4.0682143868930876e-09
83563934 3.965962754059506e-09
83718111 3.86628114213642e-09
83872288 3.769104956309957e-09
84026465 3.674371222865333e-09
84180642 3.5820185542755414e-09
84334819 3.4919871031227623e-09
84488996 3.4042185272954717e-09
84643173 3.318655951499265e-09
84797350 3.235243928550839e-09
84951527 3.153928407177188e-09
85105704 3.074656692550644e-09
85259881 2.9973774158227953e-09
85414058 2.922040497478455e-09
85568235 2.848597118387461e-09
85722412 2.7769996853270473e-09
85876589 2.707201802358908e-09
86030766 2.6391582386283904e-09
86184943 2.572824900608922e-09
86339120 2.5081588031538107e-09
86493297 2.4451180416322493e-09
86647474 2.3836617638484797e-09
86801651 2.323750145755664e-09
86955828 2.2653443626161063e-09
87110005 2.208406566341428e-09
87264182 2.152899860989599e-09
87418359 2.0987882763104024e-09
87572536 2.0460367471455965e-09
87726713 1.994611089793305e-09
87880890 1.944477978914512e-09
88035067 1.8956049282342624e-09
88189244 1.8479602660386937e-09
88343421 1.8015131180446411e-09
88497598 1.7562333854987539e-09
88651775 1.7120917266376379e-09
88805952 1.6690595368469563e-09
88960129 1.6271089296878913e-09
89114306 1.5862127206341115e-09
89268483 1.5463444087487552e-09
89422660 1.507478157385632e-09
89576837 1.4695887820461578e-09
89731014 1.4326517283700518e-09
89885191 1.3966430605343721e-09
90039368 1.361539445098904e-09
90193545 1.3273181333336645e-09
90347722 1.2939569498347792e-09
90501899 1.2614342755025085e-09
90656076 1.2297290350729226e-09
90810253 1.1988206833485338e-09
90964430 1.1686891904531468e-09
91118607 1.139315030664577e-09
91272784 1.1106791696210636e-09
91426961 1.0827630502266428e-09
91581138 1.0555485823512262e-09
91735315 1.0290181304706963e-09
91889492 1.0031545021743637e-09
92043669 9.779409371061046e-10
92197846 9.533610973149614e-10
92352023 9.293990538110364e-10
92506200 9.060392793013364e-10
92660377 8.832666356130281e-10
92814554 8.610663663208631e-10
92968731 8.394240843872733e-10
93122908 8.183257655487372e-10
93277085 7.977577380158599e-10
93431262 7.777066730408136e-10
93585439 7.58159576894242e-10
93739616 7.391037829505842e-10
93893793 7.205269425807764e-10
94047970 7.024170177796774e-10
94202147 6.847622726008709e-10
94356324 6.675512673019746e-10
94510501 6.507728473941973e-10
94664678 6.344161415823557e-10
94818855 6.184705498386497e-10
94973032 6.029257387405937e-10
95127209 5.877716351826434e-10
95281386 5.729984196541429e-10
95435563 5.585965177825475e-10
95589740 5.445565970808169e-10
95743917 5.308695601169422e-10
95898094 5.175265364908491e-10
96052271 5.045188801238928e-10
96206448 4.91838162103124e-10
96360625 4.794761653686974e-10
96514802 4.674248781002394e-10
96668979 4.556764906810812e-10
96823156 4.442233906025092e-10
96977333 4.330581560669719e-10
97131510 4.221735517596914e-10
97285687 4.115625244034346e-10
97439864 4.012181974459225e-10
97594041 3.9113386791564397e-10
97748218 3.813030002419032e-10
97902395 3.717192246285167e-10
98056572 3.6237632989807866e-10
98210749 3.5326826251617927e-10
98364926 3.4438911921882975e-10
98519103 3.3573314733772314e-10
98673280 3.2729473710239876e-10
98827457 3.1906842023077947e-10
98981634 3.110488658092034e-10
99135811 3.032308768229769e-10
99289988 2.9560938777112994e-10
99444165 2.881794585948838e-10
99598342 2.8093627587027353e-10
99752519 2.738751453271529e-10
99906696 2.6699149163235403e-10
100060873 2.6028085329393713e-10
100215050 2.5373888201066924e-10
100369227 2.4736133790153464e-10
100523404 2.4114408961415507e-10
100677581 2.350831066269543e-10
100831758 2.291744623933445e-10
100985935 2.2341432761967261e-10
101140112 2.177989693978588e-10
101294289 2.1232474957909309e-10
101448466 2.0698812032860642e-10
101602643 2.0178562293304836e-10
101756820 1.9671388704154552e-10
101910997 1.9176962546153115e-10
102065174 1.8694963437558554e-10
102219351 1.8225079008882955e-10
102373528 1.7767004761946176e-10
102527705 1.7320443918087541e-10
102681882 1.6885107017011042e-10
102836059 1.6460712057731614e-10
102990236 1.6046983967316075e-10
103144413 1.5643654568357063e-10
103298590 1.5250462600657072e-10
103452767 1.4867153233337482e-10
103606944 1.4493478064838555e-10
103761121 1.4129194949447088e-10
103915298 1.377406785635013e-10
104069475 1.3427866555216356e-10
104223652 1.3090366833036493e-10
104377829 1.2761349886970114e-10
104532006 1.2440602552028085e-10
104686183 1.2127916997495963e-10
104840360 1.1823090607671755e-10
104994537 1.1525925721657393e-10
105148714 1.1236229871883219e-10
105302891 1.0953815372111153e-10
105457068 1.0678499089752241e-10
105611245 1.0410102651865066e-10
105765422 1.0148452260841379e-10
105919599 9.893378260725227e-11
106073776 9.644715386579461e-11
106227953 9.402302417541031e-11
106382130 9.165982317767274e-11
106536307 8.935601954543348e-11
106690484 8.711012044072125e-11
106844661 8.492067010527904e-11
106998838 8.278625072792589e-11
107153015 8.070547778248754e-11
107307192 7.867700403934447e-11
107461369 7.669951425284122e-11
107615546 7.477172732969078e-11
107769723 7.289239372688938e-11
107923900 7.106029642749839e-11
108078077 6.927424703751656e-11
108232254 6.753308871322583e-11
108386431 6.583569312542531e-11
108540608 6.418096067627166e-11
108694785 6.256781811403433e-11
108848962 6.099522135202123e-11
109003139 5.946215080650935e-11
109157316 5.796761291462782e-11
109311493 5.651063872489509e-11
109465670 5.509028465616045e-11
109619847 5.3705629787098585e-11
109774024 5.235577759093307e-11
109928201 5.1039852682829845e-11
110082378 4.9757002988301546e-11
110236555 4.850639649060101e-11
110390732 4.728722307386496e-11
110544909 4.6098692896810733e-11
110699086 4.4940035200113915e-11
110853263 4.381050025797223e-11
111007440 4.270935460761599e-11
111161617 4.163588581979766e-11
111315794 4.0589397836722496e-11
111469971 3.9569212923612485e-11
111624148 3.8574669391881755e-11
111778325 3.760512322543985e-11
111932502 3.66599453701863e-11
112086679 3.573852401083516e-11
112240856 3.484026218567027e-11
112395033 3.396457702760369e-11
112549210 3.3110901932580095e-11
112703387 3.2278683198549984e-11
112857564 3.146738143493255e-11
113011741 3.067647199629653e-11
113165918 2.9905440753971724e-11
113320095 2.915378919179923e-11
113474272 2.8421029744062076e-11
113628449 2.7706687638628935e-11
113782626 2.701030002959237e-11
113936803 2.6331415780428413e-11
114090980 2.5669594705055032e-11
114245157 2.5024407784672575e-11
114399334 2.4395437709864853e-11
114553511 2.3782275519572404e-11
114707688 2.318452548000227e-11
114861865 2.2601799121516053e-11
115016042 2.203371925017794e-11
115170219 2.147991767093016e-11
115324396 2.0940035296013182e-11
115478573 2.0413722253385946e-11
115632750 1.990063821198651e-11
115786927 1.9400450213327702e-11
115941104 1.8912833864119516e-11
116095281 1.843747322784889e-11
116249458 1.7974060824779703e-11
116403635 1.7522295897229312e-11
116557812 1.7081885602190927e-11
116711989 1.6652544902913402e-11
116866166 1.623399505101819e-11
117020343 1.5825965321222824e-11
117174520 1.5428191493457866e-11
117328697 1.504041498550518e-11
117482874 1.466238502140227e-11
117637051 1.4293856137777283e-11
117791228 1.3934590352253362e-11
117945405 1.3584354561363421e-11
118099582 1.3242921299491672e-11
118253759 1.2910070256756667e-11
118407936 1.2585585134824995e-11
118562113 1.2269255273214541e-11
118716290 1.196087597455514e-11
118870467 1.1660248287748143e-11
119024644 1.1367176080620545e-11
119178821 1.1081470268313465e-11
119332998 1.0802945669095843e-11
119487175 1.0531421221204873e-11
119641352 1.026672139230883e-11
119795529 1.0008674878464463e-11
119949706 9.757114170436121e-12
120103883 9.511876204217062e-12
120258060 9.272802035768801e-12
120412237 9.039736949441324e-12
120566414 8.812530241132654e-12
120720591 8.591033049884511e-12
120874768 8.375103453632515e-12
121028945 8.164601590296416e-12
121183122 7.959389874620526e-12
121337299 7.759336250780235e-12
121491476 7.564311048195715e-12
121645653 7.374187848893654e-12
121799830 7.188842620145519e-12
121954007 7.008156641813423e-12
122108184 6.832011410599914e-12
122262361 6.660293735798184e-12
122416538 6.492892161424901e-12
122570715 6.329697508321297e-12
122724892 6.170604825717074e-12
122879069 6.015511548086716e-12
123033246 5.8643160856866605e-12
123187423 5.716920426640515e-12
123341600 5.5732295948379695e-12
123495777 5.433150348892191e-12
123649954 5.296592591602645e-12
123804131 5.16346655102945e-12
123958308 5.033686683621197e-12
124112485 4.907168638448867e-12
124266662 4.783830449828219e-12
124420839 4.663592428899577e-12
124575016 4.54637651310652e-12
124729193 4.432106591456542e-12
124883370 4.3207085045210425e-12
125037547 4.212110586536422e-12
125191724 4.106242147521033e-12
125345901 4.00303488273801e-12
125500078 3.902421571652659e-12
125654255 3.80433716213463e-12
125808432 3.708718011516399e-12
125962609 3.6155018865932642e-12
126116786 3.524628830985088e-12
126270963 3.4360394304128183e-12
126425140 3.34967752320392e-12
126579317 3.265485863483686e-12
126733494 3.1834105664041434e-12
126887671 3.103397638697103e-12
127041848 3.0253961228604576e-12
127196025 2.9493551698123177e-12
127350202 2.8752254483538353e-12
127504379 2.8029584946479003e-12
127658556 2.7325080132617474e-12
127812733 2.6638280340232634e-12
127966910 2.5968750804253316e-12
128121087 2.5316041580777937e-12
128275264 2.467974392558747e-12
128429441 2.4059432831430305e-12
128583618 2.3454720153928688e-12
128737795 2.286520582248097e-12
128891972 2.2290503861113753e-12
129046149 2.1730245641088386e-12
129200326 2.118407229148578e-12
129354503 2.0651628193993354e-12
129508680 2.0132565319713747e-12
129662857 1.9626547565973484e-12
129817034 1.9133250756322995e-12
129971211 1.865235288271705e-12
130125388 1.8183537358121282e-12
130279565 1.7726502774331743e-12
130433742 1.7280963986177067e-12
130587919 1.6846615248644614e-12
130742096 1.6423189847999953e-12
130896273 1.6010404807476064e-12
131050450 1.5607995581742862e-12
131204627 1.5215696541268087e-12
131358804 1.4833260487956412e-12
131512981 1.4460441307914684e-12
131667158 1.4096985297834541e-12
131821335 1.3742670196270623e-12
131975512 1.3397258562947156e-12
132129689 1.306052379961009e-12
132283866 1.2732254486835792e-12
132438043 1.2412239205200626e-12
132592220 1.2100265451078784e-12
132746397 1.179613806807922e-12
132900574 1.1499648889384817e-12
133054751 1.1210610348019734e-12
133208928 1.0928841382221166e-12
133363105 1.0654150088204584e-12
133517282 1.0386367330431079e-12
133671459 1.0125312047137847e-12
133825636 9.87081943959467e-13
133979813 9.622722540666984e-13
134133990 9.380861972635435e-13
134288167 9.145081610387185e-13
134442344 8.91523183402243e-13
134596521 8.691151097417471e-13
134750698 8.472704959502919e-13
134904875 8.259749221389834e-13
135059052 8.052149442008827e-13
135213229 7.849761422470958e-13
135367406 7.652463732132908e-13
135521583 7.460129519340497e-13
135675760 7.272620006215647e-13
135829937 7.08982785674328e-13
135984114 6.911632724482253e-13
136138291 6.737909926182728e-13
136292468 6.568559715244837e-13
136446645 6.403463913631779e-13
136600822 6.242517353732824e-13
136754999 6.085614867937239e-13
136909176 5.932657793847329e-13
137063353 5.783540963852363e-13
137217530 5.638176557576369e-13
137371707 5.496465912621651e-13
137525884 5.35831361919703e-13
137680061 5.223634025330881e-13
137834238 5.092340394849404e-13
137988415 4.964348159983145e-13
138142592 4.839572752962651e-13
138296769 4.71793502702933e-13
138450946 4.5993514986159e-13
138605123 4.4837516945811506e-13
138759300 4.37105646816649e-13
138913477 4.2611942620285337e-13
139067654 4.154093518823898e-13
139221831 4.049689186422234e-13
139376008 3.9478945286497424e-13
139530185 3.8486694300260416e-13
139684362 3.75193908060123e-13
139838539 3.657634091436268e-13
139992716 3.565701336624705e-13
140146893 3.476081185047053e-13
140301070 3.388711837179481e-13
140455247 3.3035379987111924e-13
140609424 3.2205054595335625e-13
140763601 3.1395610937401397e-13
140917778 3.0606506912222997e-13
141071955 2.9837232944779357e-13
141226132 2.908730114409286e-13
141380309 2.835621277716416e-13
141534486 2.764351247908081e-13
141688663 2.69487123588652e-13
141842840 2.6271367893626607e-13
141997017 2.561107792856121e-13
142151194 2.496733288864794e-13
142305371 2.433979667121333e-13
142459548 2.372802475336666e-13
142613725 2.3131648506369284e-13
142767902 2.2550245091373933e-13
142922079 2.198344587964196e-13
143076256 2.1430903926478173e-13
143230433 2.089226144516565e-13
143384610 2.036716064898747e-13
143538787 1.9855243751226714e-13
143692964 1.9356185491231637e-13
143847141 1.8869693134415666e-13
144001318 1.8395430578105332e-13
144155495 1.7933040035583714e-13
144309672 1.7482282982372865e-13
144463849 1.7042931736016564e-13
144618026 1.6614563457667542e-13
144772203 1.6196972148913025e-13
144926380 1.5789865075166443e-13
145080557 1.53929820279064e-13
145234734 1.5006051956589772e-13
145388911 1.462891223089069e-13
145543088 1.426122674813568e-13
145697265 1.3902811193955422e-13
145851442 1.355336199174162e-13
146005619 1.321269482712495e-13
146159796 1.288060370169264e-13
146313973 1.2556839248945018e-13
146468150 1.2241227996534487e-13
146622327 1.1933563946048276e-13
146776504 1.1633651941095335e-13
146930681 1.134121008911082e-13
147084858 1.1056151653920931e-13
147239035 1.0778259795091172e-13
147393212 1.0507361040273944e-13
147547389 1.0243271075099925e-13
147701566 9.985827269243241e-14
147855743 9.734877834399747e-14
148009920 9.490151720026319e-14
148164097 9.251638084101232e-14
148318274 9.019120086189991e-14
148472451 8.792456780010172e-14
148626628 8.571496377257626e-14
148780805 8.356000353454407e-14
148934982 8.145990392643965e-14
149089159 7.941227970348352e-14
149243336 7.741658876458946e-14
149397513 7.547109638628147e-14
149551690 7.357406784508358e-14
149705867 7.17250694601268e-14
149860044 6.99224749281524e-14
150014221 6.816487478633615e-14
150168398 6.645183535380905e-14
150322575 6.478173032731238e-14
150476752 6.315304182380466e-14
150630929 6.156587826350313e-14
150785106 6.001872176336631e-14
150939283 5.850962075948374e-14
151093460 5.70387920922899e-14
151247637 5.560525997982957e-14
151401814 5.4207723379495754e-14
151555991 5.284542334976772e-14
151710168 5.151684200760398e-14
151864345 5.022197935300454e-14
152018522 4.895975118379692e-14
152172699 4.772907329780862e-14
152326876 4.652951201417066e-14
152481053 4.5360199971145043e-14
152635230 4.4220161386776535e-14
152789407 4.3108637319544396e-14
152943584 4.2024868827927886e-14
153097761 4.09690727523615e-14
153251938 3.993908068850027e-14
153406115 3.8935109476778695e-14
153560292 3.7956833856545025e-14
153714469 3.7002519104323284e-14
153868646 3.607292416163421e-14
154022823 3.516598904435009e-14
154177000 3.42823642737744e-14
154331177 3.342009828599668e-14
154485354 3.258027528318941e-14
154639531 3.176116054187661e-14
154793708 3.096307932271003e-14
154947885 3.0184839003299935e-14
155102062 2.942600590277733e-14
155256239 2.868636318070772e-14
155410416 2.7965477156222107e-14
155564593 2.7262588887799755e-14
155718770 2.657769837544066e-14
155872947 2.5909396156320597e-14
156027124 2.5258224331525803e-14
156181301 2.4623640799970037e-14
156335478 2.4004561359480814e-14
156489655 2.3401419690927128e-14
156643832 2.2813131592136493e-14
156798009 2.223969706310891e-14
156952186 2.168089926340988e-14
157106363 2.1135979251518666e-14
157260540 2.0604503346566272e-14
157414717 2.0086471548552698e-14
157568894 1.9581992277695193e-14
157723071 1.909008975203852e-14
157877248 1.860978818962744e-14
158031425 1.8142171792634443e-14
158185602 1.7686373199321537e-14
158339779 1.724174188838523e-14
158493956 1.6808169439608278e-14
158648133 1.6385655852990677e-14
158802310 1.5973767447663434e-14
158956487 1.5572287383192052e-14
159110664 1.5180890398924785e-14
159264841 1.479968491507888e-14
159419018 1.4427478309264608e-14
159573195 1.4064704262350958e-14
159727372 1.3711145933903435e-14
159881549 1.3366478063270293e-14
160035726 1.3030266969582538e-14
160189903 1.2702295812405673e-14
160344080 1.2383540373694935e-14
160498257 1.2072591190626092e-14
160652434 1.1769123002547399e-14
160806611 1.1473352649893354e-14
160960788 1.118495487201221e-14
161114965 1.0903821248686718e-14
161269142 1.0629301258613388e-14
161423319 1.0362587524181954e-14
161577496 1.0102162162350936e-14
161731673 9.848242013554831e-15
161885850 9.600610237359142e-15
162040027 9.359375253981117e-15
162194204 9.124103382551763e-15
162348381 8.894794623071078e-15
162502558 8.671340555321816e-15
162656735 8.881784197001252e-15
162810912 1.0658141036401503e-14
162965089 8.033938098117588e-15
163119266 7.993605777301127e-15
