0 12.750255683027092
154177 1.436016306597169
308354 0.6373415491115448
462531 0.3204319018225341
616708 0.23470027611005184
770885 0.1718460559738002
925062 0.1274895011445638
1079239 0.10283109896057896
1233416 0.08422200896774079
1387593 0.06891398336208532
1541770 0.05647766208253646
1695947 0.04735275338113887
1850124 0.04008350698969698
2004301 0.03386082223692588
2158478 0.028723420044278303
2312655 0.02440905921789982
2466832 0.020757997303806786
2621009 0.017726600744538246
2775186 0.015299310470622274
2929363 0.013207873358178635
3083540 0.011413574265124016
3237717 0.00993684372281134
3391894 0.008669771744994836
3546071 0.00758201169043371
3700248 0.0066609726223223475
3854425 0.005885047848953606
4008602 0.005235406468943937
4162779 0.0046688983607579004
4316956 0.004180365049105905
4471133 0.003759459926539588
4625310 0.003389382428652832
4779487 0.0030636157307362133
4933664 0.0027764815146067434
5087841 0.0025249076361837375
5242018 0.002320986227727473
5396195 0.0021385028906379944
5550372 0.0019750004138950894
5704549 0.001828300786633652
5858726 0.0017070805294989722
6012903 0.0016002965522974866
6167080 0.001503484343365058
6321257 0.0014197000532268148
6475434 0.001348654003095126
6629611 0.0012830641800954112
6783788 0.0012230576831418344
6937965 0.0011757312813815424
7092142 0.0011340897984363774
7246319 0.00109748115113123
7400496 0.0010679040914998716
7554673 0.0010403162558144108
7708850 0.0010162819762596087
7863027 0.000993504315598942
8017204 0.0009723846191774244
8171381 0.0009513803634293438
8325558 0.0009305259802912247
8479735 0.0009098522494096761
8633912 0.00088938653907214
8788089 0.0008691530393444558
8942266 0.0008495089614140305
9096443 0.0008303990450222454
9250620 0.0008115243788463233
9404797 0.0007929027540288791
9558974 0.0007745494398518349
9713151 0.0007564774068969937
9867328 0.0007386975349103764
10021505 0.0007212188060097269
10175682 0.0007040798674245174
10329859 0.000687316141757599
10484036 0.0006708638363934483
10638213 0.0006547264660060614
10792390 0.000638906376658116
10946567 0.0006234048705391348
11100744 0.0006083739741066518
11254921 0.000593740807424803
11409098 0.0005794085153912332
11563275 0.0005653760642419098
11717452 0.000551641829330915
11871629 0.0005382036663164752
12025806 0.0005250589756535251
12179983 0.000512204760954621
12334160 0.0004996376817393011
12488337 0.0004873541010544241
12642514 0.0004753501284116002
12796691 0.0004636216584525399
12950868 0.00045216440572176664
13105045 0.0004409739358950254
13259222 0.00043004569378382596
13413399 0.00041937502841032925
13567576 0.00040895721542119623
13721753 0.00039878747708770035
13875930 0.0003888610001169662
14030107 0.00037917295148139074
14184284 0.00036971849245286126
14338461 0.00036049279101443843
14492638 0.0003514910328061005
14646815 0.00034270843074529767
14800992 0.0003341402334537946
14955169 0.00032578173260737475
15109346 0.00031762826931615307
15263523 0.00030967523963214283
15417700 0.00030191809927311575
15571877 0.0002943523676416371
15726054 0.00028697363121320957
15880231 0.0002797775463586477
16034408 0.00027275984165953115
16188585 0.00026591631977192914
16342762 0.0002592428588862189
16496939 0.00025273541382737214
16651116 0.00024639001683520595
16805293 0.00024021483546059208
16959470 0.0002342164074867481
17113647 0.0002283658956466067
17267824 0.00022265980536746027
17422001 0.00021709471131510505
17576178 0.0002116672572741174
17730355 0.00020637415588600772
17884532 0.00020121218826141957
18038709 0.00019617820348236809
18192886 0.00019126911800760454
18347063 0.00018648191499372885
18501240 0.0001818136435432216
18655417 0.00017726141788925592
18809594 0.00017282241652647606
18963771 0.0001684938812958267
19117948 0.00016427311643056608
19272125 0.00016015748757025605
19426302 0.00015614442074857182
19580479 0.00015223140135986468
19734656 0.00014841597310966126
19888833 0.00014469573695286703
20043010 0.00014106835002393112
20197187 0.0001375315245617445
20351364 0.00013408302683258488
20505541 0.00013072067605382834
20659718 0.00012744234332046772
20813895 0.00012424595053678322
20968072 0.00012112946935468466
21122249 0.00011809092012077943
21276426 0.00011512837083300226
21430603 0.00011223993610840963
21584780 0.00010942377616314503
21738957 0.00010667809580535217
21893134 0.00010400114344184461
22047311 0.00010139121009928448
22201488 9.88466284603702e-05
22355665 9.6365771915366e-05
22509842 9.394705362952491e-05
22664019 9.158892562664139e-05
22818196 8.928987788887205e-05
22972373 8.704843747301197e-05
23126550 8.486316764358404e-05
23280727 8.273266702220339e-05
23434904 8.065556875401156e-05
23589081 7.863053969048642e-05
23743258 7.665627958890545e-05
23897435 7.473152032839298e-05
24051612 7.285502514223913e-05
24205789 7.102558786650608e-05
24359966 6.924203220474122e-05
24514143 6.75032110085752e-05
24668320 6.580800557404697e-05
24822497 6.415532495343892e-05
24976674 6.254410528246795e-05
25130851 6.097330912244875e-05
25285028 5.944192481737581e-05
25439205 5.7948965865630905e-05
25593382 5.649347030595858e-05
25747559 5.50745001176578e-05
25901736 5.3691140634531606e-05
26055913 5.2342499972529016e-05
26210090 5.1027708470713015e-05
26364267 4.974591814526676e-05
26518444 4.8496302156407836e-05
26672621 4.727805428788277e-05
26826798 4.6090388438706914e-05
26980975 4.493253812710117e-05
27135152 4.3803756006141614e-05
27289329 4.2703313391050796e-05
27443506 4.163049979778906e-05
27597683 4.058462249271512e-05
27751860 3.956500605315286e-05
27906037 3.857099193845491e-05
28060214 3.760193807152146e-05
28214391 3.665721843045845e-05
28368568 3.5736222650045724e-05
28522745 3.483835563302621e-05
28676922 3.3963037170753156e-05
28831099 3.310970157315192e-05
28985276 3.227779730768151e-05
29139453 3.1466786647121534e-05
29293630 3.067614532601629e-05
29447807 2.9905362205498442e-05
29601984 2.9153938946369085e-05
29756161 2.8421389690174922e-05
29910338 2.7707240748171477e-05
30064515 2.701103029788439e-05
30218692 2.633230808720289e-05
30372869 2.5670635145724416e-05
30527046 2.502558350324889e-05
30681223 2.4396735915212762e-05
30835400 2.3783685594901474e-05
30989577 2.318603595229899e-05
31143754 2.2603400339394827e-05
31297931 2.203540180179247e-05
31452108 2.1481672836463905e-05
31606285 2.0941855155539278e-05
31760462 2.0415599455908713e-05
31914639 1.9902565194593845e-05
32068816 1.9402420369659182e-05
32222993 1.8914841306571367e-05
32377170 1.8439512449868432e-05
32531347 1.7976126160037555e-05
32685524 1.7524382515394024e-05
32839701 1.708398911891805e-05
32993878 1.6654660909912362e-05
33148055 1.6236119980314948e-05
33302232 1.582809539561053e-05
33456409 1.5430323020208542e-05
33610586 1.504254534714835e-05
33764763 1.4664511332073207e-05
33918940 1.4295976231334159e-05
34073117 1.3936701444138e-05
34227294 1.3586454358623535e-05
34381471 1.3245008201791947e-05
34535648 1.29121418931755e-05
34689825 1.2587639902160441e-05
34844002 1.2271292108881251e-05
34998179 1.1962893668571346e-05
35152356 1.1662244879333782e-05
35306533 1.13691510531767e-05
35460710 1.1083422390314405e-05
35614887 1.080487385656968e-05
35769064 1.053332506387953e-05
35923241 1.0268600153762967e-05
36077418 1.0010527683711797e-05
36231595 9.758940516428963e-06
36385772 9.513675711826392e-06
36539949 9.2745744217455e-06
36694126 9.041481787282809e-06
36848303 8.814246838713315e-06
37002480 8.592722397909262e-06
37156657 8.376764983194888e-06
37310834 8.166234716595541e-06
37465011 7.960995233401331e-06
37619188 7.760913593999816e-06
37773365 7.565860197916979e-06
37927542 7.375708700011006e-06
38081719 7.190335928764641e-06
38235896 7.009621806626683e-06
38390073 6.8334492723482e-06
38544250 6.6617042052698715e-06
38698427 6.494275351498881e-06
38852604 6.331054251941092e-06
39006781 6.1719351721408085e-06
39160958 6.016815033872604e-06
39315135 5.8655933484500974e-06
39469312 5.718172151713717e-06
39623489 5.574455940634583e-06
39777666 5.434351611526044e-06
39931843 5.2977683997913055e-06
40086020 5.164617821185264e-06
40240197 5.034813614556051e-06
40394374 4.908271686014697e-06
40548551 4.784910054506011e-06
40702728 4.6646487987564e-06
40856905 4.547410005535744e-06
41011082 4.4331177192276795e-06
41165259 4.321697892667106e-06
41319436 4.213078339202186e-06
41473613 4.107188685969782e-06
41627790 4.003960328333384e-06
41781967 3.90332638547158e-06
41936144 3.805221657083701e-06
42090321 3.709582581168814e-06
42244498 3.616347192878736e-06
42398675 3.5254550843975656e-06
42552852 3.4368473658288705e-06
42707029 3.3504666270647333e-06
42861206 3.2662569006114937e-06
43015383 3.1841636253511583e-06
43169560 3.1041336112102875e-06
43323737 3.0261150047148928e-06
43477914 2.9500572554150804e-06
43632091 2.8759110831471334e-06
43786268 2.803628446121538e-06
43940445 2.7331625098085503e-06
44094622 2.6644676166111096e-06
44248799 2.5974992562912726e-06
44402976 2.5322140371471322e-06
44557153 2.468569657905744e-06
44711330 2.406524880332493e-06
44865507 2.34603950251505e-06
45019684 2.2870743328308116e-06
45173861 2.2295911645591132e-06
45328038 2.1735527511359404e-06
45482215 2.1189227820294547e-06
45636392 2.065665859219204e-06
45790569 2.0137474742682815e-06
45944746 1.963133985971848e-06
46098923 1.913792598564777e-06
46253100 1.8656913404775785e-06
46407277 1.8187990436285741e-06
46561454 1.7730853232319306e-06
46715631 1.7285205581147288e-06
46869808 1.6850758715310308e-06
47023985 1.6427231124532121e-06
47178162 1.601434837337416e-06
47332339 1.5611842923461076e-06
47486516 1.521945396012114e-06
47640693 1.4836927223482732e-06
47794870 1.4464014843709218e-06
47949047 1.4100475180477395e-06
48103224 1.3746072666361237e-06
48257401 1.340057765429007e-06
48411578 1.3063766268732067e-06
48565755 1.2735420260663773e-06
48719932 1.2415326866172796e-06
48874109 1.2103278668632944e-06
49028286 1.1799073464307608e-06
49182463 1.1502514131354283e-06
49336640 1.1213408502107726e-06
49490817 1.0931569238586437e-06
49644994 1.065681371112924e-06
49799171 1.0388963880031844e-06
49953348 1.0127846180254954e-06
50107525 9.873291408920952e-07
50261702 9.625134615704302e-07
50415879 9.383214995966086e-07
50570056 9.147375786566509e-07
50724233 8.917464164297922e-07
50878410 8.693331146838621e-07
51032587 8.474831496280534e-07
51186764 8.261823624977106e-07
51340941 8.054169503833889e-07
51495118 7.851734572849938e-07
51649295 7.654387653968555e-07
51803472 7.462000866048733e-07
51957649 7.274449542032111e-07
52111826 7.091612148134134e-07
52266003 6.913370205148322e-07
52420180 6.739608211622956e-07
52574357 6.570213569068476e-07
52728534 6.405076508964654e-07
52882711 6.244090021655362e-07
53036888 6.087149787010592e-07
53191065 5.93415410683187e-07
53345242 5.785003838947944e-07
53499419 5.639602332985563e-07
53653596 5.497855367728611e-07
53807773 5.359671090089451e-07
53961950 5.224959955573219e-07
54116127 5.093634670261075e-07
54270304 4.965610134254972e-07
54424481 4.840803386521033e-07
54578658 4.719133551147822e-07
54732835 4.6005217849262505e-07
54887012 4.484891226276067e-07
55041189 4.372166945430019e-07
55195366 4.2622758958930397e-07
55349543 4.155146867097304e-07
55503720 4.0507104382694285e-07
55657897 3.948898933441502e-07
55812074 3.8496463775983605e-07
55966251 3.7528884539361675e-07
56120428 3.6585624621694214e-07
56274605 3.566607277921078e-07
56428782 3.476963313096045e-07
56582959 3.3895724772890073e-07
56737136 3.304378140118157e-07
56891313 3.2213250945596454e-07
57045490 3.140359521149397e-07
57199667 3.06142895312167e-07
57353844 2.984482242397637e-07
57508021 2.909469526465175e-07
57662198 2.8363421960349473e-07
57816375 2.7650528635876984e-07
57970552 2.695555332612185e-07
58124729 2.627804567715891e-07
58278906 2.561756665430716e-07
58433083 2.4973688257418254e-07
58587260 2.434599324385202e-07
58741437 2.3734074857751156e-07
58895614 2.3137536566927071e-07
59049791 2.2555991805481117e-07
59203968 2.1989063723451465e-07
59358145 2.1436384942726677e-07
59512322 2.089759731887901e-07
59666499 2.0372351709047574e-07
59820676 1.9860307745849654e-07
59974853 1.9361133616593775e-07
60129030 1.8874505848531786e-07
60283207 1.8400109098978996e-07
60437384 1.7937635951202277e-07
60591561 1.7486786715056966e-07
60745738 1.7047269232806257e-07
60899915 1.6618798689927924e-07
61054092 1.6201097430312058e-07
61208269 1.579389477673887e-07
61362446 1.539692685494521e-07
61516623 1.5009936423057875e-07
61670800 1.4632672704821634e-07
61824977 1.42648912268388e-07
61979154 1.3906353660503388e-07
62133331 1.3556827667307158e-07
62287508 1.3216086748439083e-07
62441685 1.2883910097854275e-07
62595862 1.256008245930024e-07
62750039 1.2244393986931851e-07
62904216 1.1936640109027133e-07
63058393 1.1636621395725438e-07
63212570 1.1344143429617079e-07
63366747 1.1059016679867452e-07
63520924 1.0781056379181777e-07
63675101 1.0510082404510332e-07
63829278 1.024591915980283e-07
63983455 9.988395462557503e-08
64137632 9.737344432928906e-08
64291809 9.492603385188435e-08
64445986 9.25401372283861e-08
64600163 9.021420835429554e-08
64754340 8.794673998584711e-08
64908517 8.573626276260019e-08
65062694 8.358134425572646e-08
65216871 8.148058803765599e-08
65371048 7.943263278164733e-08
65525225 7.743615137371755e-08
65679402 7.548985005774878e-08
65833579 7.359246759555682e-08
65987756 7.174277444799322e-08
66141933 6.993957198000826e-08
66296110 6.818169168306114e-08
66450287 6.646799441845531e-08
66604464 6.479736967812937e-08
66758641 6.316873486702373e-08
66912818 6.158103459932493e-08
67066995 6.003324001541827e-08
67221172 5.852434811607927e-08
67375349 5.7053381110759756e-08
67529526 5.5619385786365334e-08
67683703 5.422143288589913e-08
67837880 5.285861651063272e-08
67992057 5.1530053529649615e-08
68146234 5.023488300955493e-08
68300411 4.897226565513547e-08
68454588 4.774138326715024e-08
68608765 4.6541438210312425e-08
68762942 4.537165289742601e-08
68917119 4.4231269285990686e-08
69071296 4.311954838608252e-08
69225473 4.2035769780811305e-08
69379650 4.097923116195678e-08
69533827 3.994924787243531e-08
69688004 3.894515246253595e-08
69842181 3.7966294260576364e-08
69996358 3.7012038947787165e-08
70150535 3.6081768148266656e-08
70304712 3.517487902912706e-08
70458889 3.4290783908447024e-08
70613066 3.342890987601769e-08
70767243 3.258869842135293e-08
70921420 3.1769605071240575e-08
71075597 3.097109903770195e-08
71229774 3.0192662873540846e-08
71383951 2.9433792137108228e-08
71538128 2.8693995065740517e-08
71692305 2.7972792256570483e-08
71846482 2.7269716357095942e-08
72000659 2.6584311760410526e-08
72154836 2.591613431095121e-08
72309013 2.5264751017184742e-08
72463190 2.4629739770040335e-08
72617367 2.4010689070449662e-08
72771544 2.34071977614405e-08
72925721 2.2818874768687145e-08
73079898 2.2245338848324997e-08
73234075 2.168621833758405e-08
73388252 2.11411509156139e-08
73542429 2.060978336875397e-08
73696606 2.009177136046581e-08
73850783 1.9586779208204293e-08
74004960 1.9094479668203476e-08
74159137 1.8614553721129842e-08
74313314 1.8146690364240735e-08
74467491 1.7690586415252188e-08
74621668 1.7245946308183657e-08
74775845 1.681248190871839e-08
74930022 1.638991232305858e-08
75084199 1.597796371827307e-08
75238376 1.5576369143403997e-08
75392553 1.5184868357620736e-08
75546730 1.4803207660867533e-08
75700907 1.443113972971529e-08
75855084 1.4068423456682806e-08
76009261 1.3714823794870601e-08
76163438 1.3370111604979994e-08
76317615 1.3034063506777403e-08
76471792 1.2706461734353358e-08
76625969 1.2387093996043576e-08
76780146 1.2075753333916361e-08
76934323 1.177223799496939e-08
77088500 1.147635129462865e-08
77242677 1.1187901491956781e-08
77396854 1.0906701667029797e-08
77551031 1.0632569596037006e-08
77705208 1.0365327636463993e-08
77859385 1.0104802610974573e-08
78013562 9.850825693569557e-09
78167739 9.603232301925481e-09
78321916 9.361861991684893e-09
78476093 9.126558349770858e-09
78630270 8.897168894748779e-09
78784447 8.673544977947159e-09
78938624 8.455541686746768e-09
79092801 8.243017750797152e-09
79246978 8.035835450401554e-09
79401155 7.833860527503914e-09
79555332 7.63696209841059e-09
79709509 7.445012569114173e-09
79863686 7.257887552785704e-09
80017863 7.075465788351082e-09
80172040 6.897629063079037e-09
80326217 6.724262135928034e-09
80480394 6.5552526606763376e-09
80634571 6.390491116966754e-09
80788748 6.229870735496683e-09
80942925 6.073287431339683e-09
81097102 5.9206397353154736e-09
81251279 5.771828729046226e-09
81405456 5.626757979796011e-09
81559633 5.485333479213379e-09
81713810 5.347463580881312e-09
81867987 5.213058943721871e-09
82022164 5.082032469546152e-09
82176341 4.9542992517715226e-09
82330518 4.829776515465241e-09
82484695 4.70838356898904e-09
82638872 4.590041745994311e-09
82793049 4.474674359560352e-09
82947226 4.362206648851619e-09
83101403 4.252565733039136e-09
83255580 4.1456805620777165e-09
83409757 4.041481873121033e-09
83563934 3.9399021431419864e-09
83718111 3.840875546215136e-09
83872288 3.744337911232819e-09
84026465 3.650226679946522e-09
84180642 3.5584808662008846e-09
84334819 3.4690410185287193e-09
84488996 3.3818491755903055e-09
84643173 3.2968488373336102e-09
84797350 3.213984921192521e-09
84951527 3.1332037293439405e-09
85105704 3.0544529145554167e-09
85259881 2.9776814447317335e-09
85414058 2.902839570172004e-09
85568235 2.8298787928867503e-09
85722412 2.7587518313613307e-09
85876589 2.6894125944266697e-09
86030766 2.6218161493837128e-09
86184943 2.555918692296287e-09
86339120 2.4916775204523664e-09
86493297 2.4290510040663946e-09
86647474 2.367998559824752e-09
86801651 2.3084806248649045e-09
86955828 2.2504586301040283e-09
87110005 2.1938949762781434e-09
87264182 2.1387530096559845e-09
87418359 2.084996996126569e-09
87572536 2.032592100707775e-09
87726713 1.9815043653201997e-09
87880890 1.9317006829831437e-09
88035067 1.8831487800336985e-09
88189244 1.835817194659542e-09
88343421 1.789675254022273e-09
88497598 1.7446930582112191e-09
88651775 1.70084145682467e-09
88805952 1.6580920340078867e-09
88960129 1.6164170869858996e-09
89114306 1.5757896096920548e-09
89268483 1.5361832746618384e-09
89422660 1.4975724163361626e-09
89576837 1.459932014147812e-09
89731014 1.423237676149991e-09
89885191 1.387465624379594e-09
90039368 1.3525926768594501e-09
90193545 1.3185962352384173e-09
90347722 1.285454270696755e-09
90501899 1.2531453054062669e-09
90656076 1.2216484024472202e-09
90810253 1.190943151280037e-09
90964430 1.1610096543011872e-09
91118607 1.131828514591704e-09
91272784 1.1033808213888746e-09
91426961 1.0756481406536816e-09
91581138 1.0486125005424937e-09
91735315 1.0222563819745067e-09
91889492 9.965627056213178e-10
92043669 9.71514820956483e-10
92197846 9.470964969313794e-10
92352023 9.232919096152994e-10
92506200 9.000856337386745e-10
92660377 8.774626307668509e-10
92814554 8.554082407685737e-10
92968731 8.339081720076455e-10
93122908 8.129484918356286e-10
93277085 7.92515617801387e-10
93431262 7.725963096279903e-10
93585439 7.531776590212133e-10
93739616 7.342470815380198e-10
93893793 7.1579231040661e-10
94047970 6.978013876359629e-10
94202147 6.802626532822348e-10
94356324 6.631647423045728e-10
94510501 6.46496575132556e-10
94664678 6.302473502936209e-10
94818855 6.144065379078481e-10
94973032 5.989638726406482e-10
95127209 5.839093482817512e-10
95281386 5.692332079873866e-10
95435563 5.549259423287198e-10
95589740 5.409782789919312e-10
95743917 5.273811803929718e-10
95898094 5.141258344618441e-10
96052271 5.012036525826186e-10
96206448 4.886062607029756e-10
96360625 4.76325494563716e-10
96514802 4.64353396771415e-10
96668979 4.526822095342678e-10
96823156 4.413043688073978e-10
96977333 4.3021250201603217e-10
97131510 4.193994208997673e-10
97285687 4.088581191273241e-10
97439864 3.985817655744947e-10
97594041 3.8856370042101435e-10
97748218 3.787974321147955e-10
97902395 3.6927663216775736e-10
98056572 3.599951301684959e-10
98210749 3.5094691237282094e-10
98364926 3.4212611498170287e-10
98519103 3.335270218644479e-10
98673280 3.2514406054715006e-10
98827457 3.1697179928534547e-10
98981634 3.090049416430013e-10
99135811 3.0123832529989347e-10
99289988 2.9366691749795754e-10
99444165 2.862858116802619e-10
99598342 2.7909022434682157e-10
99752519 2.720754931030342e-10
99906696 2.652370716723501e-10
100060873 2.58570529245751e-10
100215050 2.5207154560284023e-10
100369227 2.4573590872659784e-10
100523404 2.395595142612797e-10
100677581 2.33538358356683e-10
100831758 2.276685400533912e-10
100985935 2.2194625586176298e-10
101140112 2.163677970514269e-10
101294289 2.1092954856707924e-10
101448466 2.0562798599271792e-10
101602643 2.0045967479270094e-10
101756820 1.954212659749377e-10
101910997 1.9050949327196337e-10
102065174 1.8572117476724215e-10
102219351 1.8105320725731594e-10
102373528 1.765025651676022e-10
102527705 1.7206630109449506e-10
102681882 1.6774153897489152e-10
102836059 1.6352547668827683e-10
102990236 1.5941538193675608e-10
103144413 1.5540859137769258e-10
103298590 1.5150250845530344e-10
103452767 1.4769460199119677e-10
103606944 1.439824049917493e-10
103761121 1.4036351063655833e-10
103915298 1.3683557509736738e-10
104069475 1.3339631179179468e-10
104223652 1.300434917085938e-10
104377829 1.2677494275713241e-10
104532006 1.235885460811048e-10
104686183 1.2048223714273415e-10
104840360 1.174540031206872e-10
104994537 1.1450188128377115e-10
105148714 1.1162395899093347e-10
105302891 1.0881837130601729e-10
105457068 1.0608330002197935e-10
105611245 1.0341697290194851e-10
105765422 1.0081766140240117e-10
105919599 9.828368219104433e-11
106073776 9.581339302684733e-11
106227953 9.340519232636096e-11
106382130 9.10575203563399e-11
106536307 8.87688556558755e-11
106690484 8.653771460271492e-11
106844661 8.436265130484094e-11
106998838 8.224225684153041e-11
107153015 8.017515731179037e-11
107307192 7.816001264173561e-11
107461369 7.61955170182696e-11
107615546 7.428039813014292e-11
107769723 7.241341391534678e-11
107923900 7.059335505477798e-11
108078077 6.88190421533133e-11
108232254 6.708932498086795e-11
108386431 6.540308355659774e-11
108540608 6.375922370367021e-11
108694785 6.215668203659458e-11
108848962 6.059441869706722e-11
109003139 5.907142169078033e-11
109157316 5.758670396007609e-11
109311493 5.6139303492366843e-11
109465670 5.472828288645426e-11
109619847 5.335272675044411e-11
109774024 5.201174419541127e-11
109928201 5.070446677541557e-11
110082378 4.9430046752778345e-11
110236555 4.818765774860373e-11
110390732 4.697649561014039e-11
110544909 4.5795775049754794e-11
110699086 4.464473148807491e-11
110853263 4.3522618343484754e-11
111007440 4.242870887526812e-11
111161617 4.1362293581523324e-11
111315794 4.032268225914737e-11
111469971 3.930920085964962e-11
111624148 3.832119203125289e-11
111778325 3.735801685361695e-11
111932502 3.641904985050848e-11
112086679 3.55036833266098e-11
112240856 3.4611324548593225e-11
112395033 3.374139325145603e-11
112549210 3.289332781847287e-11
112703387 3.206657769178056e-11
112857564 3.126060727550589e-11
113011741 3.0474894634723027e-11
113165918 2.9708929977570464e-11
113320095 2.896221771523516e-11
113474272 2.8234272992505582e-11
113628449 2.7524625048798435e-11
113782626 2.683281353187128e-11
113936803 2.6158389798865145e-11
114090980 2.550091756682582e-11
114245157 2.4859970635879303e-11
114399334 2.4235132780811575e-11
114553511 2.3626000244733603e-11
114707688 2.303217805279395e-11
114861865 2.2453280445859647e-11
115016042 2.1888933807862054e-11
115170219 2.1338770811105134e-11
115324396 2.0802436054116746e-11
115478573 2.0279581833260174e-11
115632750 1.9769869010095864e-11
115786927 1.927296766190273e-11
115941104 1.8788555346954672e-11
116095281 1.831631883924406e-11
116249458 1.78559514179763e-11
116403635 1.7407155144394393e-11
116557812 1.6969639127055458e-11
116711989 1.654311952183074e-11
116866166 1.6127320290847125e-11
117020343 1.572197157618388e-11
117174520 1.5326811326175915e-11
117328697 1.4941582584908353e-11
117482874 1.456603674482304e-11
117637051 1.4199930185691823e-11
117791228 1.3843025358818706e-11
117945405 1.3495090787039865e-11
118099582 1.315590149840451e-11
118253759 1.2825237399871625e-11
118407936 1.2502884253091928e-11
118562113 1.2188633132306781e-11
118716290 1.188228042434819e-11
118870467 1.1583628045479244e-11
119024644 1.1292481923511066e-11
119178821 1.1008653407265645e-11
119332998 1.0731958941315178e-11
119487175 1.0462218873359685e-11
119641352 1.019925886368983e-11
119795529 9.942907933623013e-12
119949706 9.693000525487494e-12
120103883 9.449373466856315e-12
120258060 9.211870198935768e-12
120412237 8.98033676501736e-12
120566414 8.754622569419335e-12
120720591 8.53458146168884e-12
120874768 8.320071086080627e-12
121028945 8.11095223103575e-12
121183122 7.907089046021998e-12
121337299 7.708350125736063e-12
121491476 7.514606450119421e-12
121645653 7.325732468560497e-12
121799830 7.141605449373367e-12
121954007 6.962106347159491e-12
122108184 6.7871186101853276e-12
122262361 6.616529264584503e-12
122416538 6.450227179634338e-12
122570715 6.288105886681494e-12
122724892 6.130058158131113e-12
122879069 5.975983922122674e-12
123033246 5.825782456274353e-12
123187423 5.679355315028889e-12
123341600 5.536609365419665e-12
123495777 5.397450715538543e-12
123649954 5.2617899187062944e-12
123804131 5.129538612445861e-12
123958308 5.000611144785616e-12
124112485 4.874924574259365e-12
124266662 4.752397043603085e-12
124420839 4.6329485386964464e-12
124575016 4.5165027317065065e-12
124729193 4.402983511640757e-12
124883370 4.292317694852554e-12
125037547 4.184433181897429e-12
125191724 4.079260800676776e-12
125345901 3.976731162251557e-12
125500078 3.8767787808105525e-12
125654255 3.779338712643632e-12
125808432 3.6843477487641385e-12
125962609 3.5917443064886756e-12
126116786 3.501468537857322e-12
126270963 3.4134615706921112e-12
126425140 3.3276665927992055e-12
126579317 3.2440284182880252e-12
126733494 3.1624917528477736e-12
126887671 3.083004446353954e-12
127041848 3.00551554130446e-12
127196025 2.9299741886174013e-12
127350202 2.856331382354582e-12
127504379 2.7845396344608475e-12
127658556 2.7145517821416942e-12
127812733 2.6463238067889194e-12
127966910 2.5798101719112787e-12
128121087 2.514968593624045e-12
128275264 2.4517567880424918e-12
128429441 2.390133555484064e-12
128583618 2.330059430989684e-12
128737795 2.271495600121576e-12
128891972 2.2144030316015306e-12
129046149 2.1587452962365528e-12
129200326 2.104487049035819e-12
129354503 2.051592077646769e-12
129508680 2.0000266633818375e-12
129662857 1.9497578464949816e-12
129817034 1.900751908298637e-12
129971211 1.85297784061067e-12
130125388 1.8064046352489482e-12
130279565 1.7610021513930763e-12
130433742 1.7167405734833108e-12
130587919 1.6735913870025154e-12
130742096 1.631527053215509e-12
130896273 1.5905197081264588e-12
131050450 1.5505426803619216e-12
131204627 1.5115709248517128e-12
131358804 1.4735786375841275e-12
131512981 1.436541098749633e-12
131667158 1.400434672740869e-12
131821335 1.365235615530258e-12
131975512 1.3309214841328298e-12
132129689 1.2974697271433966e-12
132283866 1.2648587689387258e-12
132438043 1.2330677928371059e-12
132592220 1.2020753316355215e-12
132746397 1.1718615444342162e-12
132900574 1.1424078913760405e-12
133054751 1.1136949652421069e-12
133208928 1.0857030335528761e-12
133363105 1.058414965914023e-12
133517282 1.0318123308886151e-12
133671459 1.0058781065025446e-12
133825636 9.805962465636586e-13
133979813 9.559492954169801e-13
134133990 9.319225079129634e-13
134288167 9.084992957583693e-13
134442344 8.856646969632176e-13
134596521 8.63404183218397e-13
134750698 8.417032262147961e-13
134904875 8.205478397443899e-13
135059052 7.999237123385017e-13
135213229 7.798183756721477e-13
135367406 7.602179519575203e-13
135521583 7.411102981302875e-13
135675760 7.224833795463348e-13
135829937 7.043241857795923e-13
135984114 6.86621332707249e-13
136138291 6.693636530469282e-13
136292468 6.525397626758189e-13
136446645 6.361386027317617e-13
136600822 6.20149439613249e-13
136754999 6.045622986602939e-13
136909176 5.893676388937785e-13
137063353 5.745539677706746e-13
137217530 5.601125032533849e-13
137371707 5.460351138256159e-13
137525884 5.323109574656426e-13
137680061 5.189314689763025e-13
137834238 5.058888421019536e-13
137988415 4.931731021826091e-13
138142592 4.807779608456686e-13
138296769 4.686937686917969e-13
138450946 4.569139120877419e-13
138605123 4.454292837352547e-13
138759300 4.342338121021694e-13
138913477 4.2331925725197506e-13
139067654 4.126795476525058e-13
139221831 4.02306985468337e-13
139376008 3.9219549916730267e-13
139530185 3.823378245948472e-13
139684362 3.727281070592392e-13
139838539 3.633600581878782e-13
139992716 3.542273896081638e-13
140146893 3.4532435504858183e-13
140301070 3.3664477455674913e-13
140455247 3.28183552382455e-13
140609424 3.199347254137508e-13
140763601 3.1189330632064305e-13
140917778 3.0405409093270386e-13
141071955 2.9641241718059153e-13
141226132 2.8896221353214013e-13
141380309 2.8169936001909424e-13
141534486 2.746188693114604e-13
141688663 2.677166214409832e-13
141842840 2.6098741223723465e-13
141997017 2.5442777225326285e-13
142151194 2.4803293099950885e-13
142305371 2.417987685077172e-13
142459548 2.3572138165006695e-13
142613725 2.2979665045830266e-13
142767902 2.2402121390568963e-13
142922079 2.183907351835379e-13
143076256 2.1290152800446105e-13
143230433 2.0755001450128985e-13
143384610 2.023337010090276e-13
143538787 1.9724825071898433e-13
143692964 1.9229062786507711e-13
143847141 1.8745714615991949e-13
144001318 1.8274596245981822e-13
144155495 1.7815263153586613e-13
144309672 1.736750934039355e-13
144463849 1.6930987861707436e-13
144618026 1.6505438509006876e-13
144772203 1.6090590231748747e-13
144926380 1.5686204505455104e-13
145080557 1.529193438543075e-13
145234734 1.490756303124119e-13
145388911 1.4532873602451923e-13
145543088 1.4167616732563282e-13
145697265 1.3811478002945243e-13
145851442 1.346434899338056e-13
146005619 1.3125980337369558e-13
146159796 1.2796003406173595e-13
146313973 1.247441819979267e-13
146468150 1.2160866931509862e-13
146622327 1.1855208655042748e-13
146776504 1.1557226529956832e-13
146930681 1.1266747083904516e-13
147084858 1.0983531792407852e-13
147239035 1.0707493919293043e-13
147393212 1.0438351571995241e-13
147547389 1.01759529622103e-13
147701566 9.920189669720969e-14
147855743 9.670855696114478e-14
148009920 9.427766727021503e-14
148164097 9.190814342224796e-14
148318274 8.959825069376759e-14
148472451 8.73463627815152e-14
148626628 8.515085338223205e-14
148780805 8.301096355439741e-14
148934982 8.09245248936663e-14
149089159 7.88905616180835e-14
149243336 7.690777268504201e-14
149397513 7.49745317912831e-14
149551690 7.30904052559378e-14
149705867 7.125376677574735e-14
149860044 6.94626647868013e-14
150014221 6.771677402844789e-14
150168398 6.60146850378629e-14
150322575 6.435574729374283e-14
150476752 6.27382260726117e-14
150630929 6.116136243294878e-14
150785106 5.962396375236434e-14
150939283 5.812548792977212e-14
151093460 5.666420024169616e-14
151247637 5.524010068813645e-14
151401814 5.385177980626876e-14
151555991 5.249815339392061e-14
151710168 5.117867935000575e-14
151864345 4.98924903127862e-14
152018522 4.8638393659872214e-14
152172699 4.741563044974306e-14
152326876 4.622376700152975e-14
152481053 4.506204437371153e-14
152635230 4.3929161523681426e-14
152789407 4.282566055252568e-14
152943584 4.174915621546482e-14
153097761 4.0699431672064357e-14
153251938 3.9676270081889786e-14
153406115 3.867912934385487e-14
153560292 3.770725051643886e-14
153714469 3.675965781768653e-14
153868646 3.583515862520814e-14
154022823 3.4934295040089935e-14
154177000 3.405663338146292e-14
154331177 3.3200438925851117e-14
154485354 3.2366470614775267e-14
154639531 3.1552776884324896e-14
154793708 3.0759791415369e-14
154947885 2.998675526638683e-14
155102062 2.9232801075640413e-14
155256239 2.849782042291249e-14
155410416 2.7781596467768566e-14
155564593 2.7084020789991392e-14
155718770 2.6403250245887744e-14
155872947 2.5739718516326615e-14
156027124 2.509234139913552e-14
156181301 2.446176941561795e-14
156335478 2.3846593102949676e-14
156489655 2.3247679822868683e-14
156643832 2.2663403272116245e-14
156798009 2.2093655030475112e-14
156952186 2.1538435097945285e-14
157106363 2.0996876112788776e-14
157260540 2.0469086495222832e-14
157414717 1.9955066245247455e-14
157568894 1.9453297479821163e-14
157723071 1.89643223000302e-14
157877248 1.8487381764353827e-14
158031425 1.8022909553661037e-14
158185602 1.7569604625344848e-14
158339779 1.7128225920926e-14
158493956 1.6697580818014757e-14
158648133 1.6277994577262866e-14
158802310 1.5868925097584086e-14
158956487 1.547004711832667e-14
159110664 1.5081143799056118e-14
159264841 1.4702106719555186e-14
159419018 1.4332610619172126e-14
159573195 1.3972655497906938e-14
159727372 1.3621590834456132e-14
159881549 1.3279091368167961e-14
160035726 1.2945482359694171e-14
160189903 1.2619896447296775e-14
160344080 1.2302442051193019e-14
160498257 1.1993119171382904e-14
160652434 1.1691602547214686e-14
160806611 1.1397566918036617e-14
160960788 1.1111120704065947e-14
161114965 1.083183022443368e-14
161269142 1.055958705892257e-14
161423319 1.0293849106446373e-14
161577496 1.0035700569177575e-14
161731673 9.783406723640198e-15
161885850 9.537726511354983e-15
162040027 9.298117831235686e-15
162194204 9.064363842847811e-15
162348381 8.83635612597411e-15
162502558 8.614419941266327e-15
162656735 8.881784197001252e-15
162810912 8.881784197001252e-15
162965089 7.981245872534792e-15
163119266 8.881784197001252e-15
