0 12.750255683027092
53593 1.886693810766793
107186 0.965301598740933
160779 0.537434448899134
214372 0.33511162110721404
267965 0.2690256260679451
321558 0.21159633060249572
375151 0.16688419433243773
428744 0.13295677806521677
482337 0.11171687270351205
535930 0.09579077714952966
589523 0.08218963172415794
643116 0.07058683361998863
696709 0.060697597665622105
750302 0.05342090500460506
803895 0.047242076342709716
857488 0.0416869425107409
911081 0.036734609387424566
964674 0.0323457939245726
1018267 0.02853957728977896
1071860 0.025258118431528587
1125453 0.022361104638810136
1179046 0.019805995192059278
1232639 0.017774365245194934
1286232 0.015985257625618976
1339825 0.014384507342364738
1393418 0.012953654485790222
1447011 0.011675349285795278
1500604 0.010533564794823924
1554197 0.009513674436597785
1607790 0.008616103528984453
1661383 0.007814321878564012
1714976 0.0070959157861691935
1768569 0.006471509227576666
1822162 0.005927058042311417
1875755 0.005434266988383785
1929348 0.0049926680497083264
1982941 0.004596492016081921
2036534 0.004236629222454269
2090127 0.003909609421052007
2143720 0.003612285514534186
2197313 0.0033418080939466854
2250906 0.0030956004612252563
2304499 0.00287766181444149
2358092 0.0026896654216723714
2411685 0.002517820207468602
2465278 0.002359698314815084
2518871 0.002214127437837221
2572464 0.002080032409134014
2626057 0.0019564284531851106
2679650 0.0018432516924806186
2733243 0.0017489442443821834
2786836 0.0016611290260149236
2840429 0.0015793728011908037
2894022 0.0015069819942065167
2947615 0.0014391243351965857
3001208 0.001377670419996417
3054801 0.0013218044566160672
3108394 0.0012691654569136138
3161987 0.001219531445613535
3215580 0.001177597959738097
3269173 0.0011390035116501662
3322766 0.001102205197249212
3376359 0.0010671578713620233
3429952 0.00103533065860828
3483545 0.0010074980478041173
3537138 0.0009848003248938975
3590731 0.0009627738281125509
3644324 0.0009426023538169626
3697917 0.000922829576295775
3751510 0.0009034490974605403
3805103 0.0008844766064383947
3858696 0.0008668848796012929
3912289 0.0008511774488466628
3965882 0.0008357298501065202
4019475 0.0008207281504241104
4073068 0.0008059445114306785
4126661 0.0007912946130288201
4180254 0.00077678838966036
4233847 0.0007624347317896629
4287440 0.000748241554139939
4341033 0.0007342158607500648
4394626 0.0007203638069009644
4448219 0.0007066907579715009
4501812 0.0006932545602849893
4555405 0.0006803446606922225
4608998 0.0006676009723298459
4662591 0.0006550275028894825
4716184 0.0006426276517630392
4769777 0.0006306495290497038
4823370 0.0006188800814990736
4876963 0.000607276110162841
4930556 0.0005958395737257205
4984149 0.0005845720171431673
5037742 0.0005734746049710776
5091335 0.000562548152503714
5144928 0.000551793154839067
5198521 0.0005412098139880722
5252114 0.0005307980641381799
5305707 0.0005205575951803543
5359300 0.0005104878746002572
5412893 0.0005005881678333268
5466486 0.000490857557175442
5520079 0.0004812949593404614
5573672 0.00047189914174707026
5627265 0.00046266873761695304
5680858 0.0004536022599592876
5734451 0.0004446981145138085
5788044 0.0004359546117210372
5841637 0.0004273699777829071
5895230 0.0004189423648745666
5948823 0.00041066986056556565
6002416 0.00040255049650197994
6056009 0.0003945822564012935
6109602 0.0003867630834074737
6163195 0.0003790908868496895
6216788 0.00037156354844725126
6270381 0.0003641789279990315
6323974 0.0003569854902835401
6377567 0.00034996834346028016
6431160 0.00034308222612507155
6484753 0.0003363251779116838
6538346 0.0003296952313521506
6591939 0.0003231904152561915
6645532 0.00031680875779898504
6699125 0.00031054828933836653
6752718 0.000304407044980623
6806311 0.00029838306691386957
6859904 0.00029247440652537676
6913497 0.0002866791263189533
6967090 0.0002809953016475811
7020683 0.00027542102227420817
7074276 0.00026995439377480723
7127869 0.0002645935387942805
7181462 0.0002593365981674936
7235055 0.0002541817319150555
7288648 0.0002491271201237877
7342241 0.0002441709637209244
7395834 0.00023931148514982903
7449427 0.00023454692895590046
7503020 0.00022987556228877548
7556613 0.00022529567532830752
7610206 0.0002208055816400878
7663799 0.00021640361846648332
7717392 0.00021208814695833356
7770985 0.00020785755235225994
7824578 0.0002037102440985289
7878171 0.00019964465594300013
7931764 0.00019565924596787188
7985357 0.00019175249659445642
8038950 0.0001879229145511363
8092543 0.0001841690308104424
8146136 0.0001804894004970095
8199729 0.00017688260277016338
8253322 0.00017334724068290147
8306915 0.00016988194101979354
8360508 0.00016648535411610543
8414101 0.00016315615365959657
8467694 0.00015989303647730158
8521287 0.00015669472230869438
8574880 0.00015355995356689314
8628473 0.00015048749508906126
8682066 0.0001474761338776838
8735659 0.00014452467883361436
8789252 0.00014163196048218307
8842845 0.000138796830693233
8896438 0.00013601816239610168
8950031 0.00013329484929038363
9003624 0.000130625805553352
9057217 0.00012800996554446914
9110810 0.000125446283508069
9164403 0.00012293373327440169
9217996 0.00012047130795987682
9271589 0.00011805801966692162
9325182 0.00011569289918384254
9378775 0.00011337499568515874
9432368 0.00011110337643285145
9485961 0.00010887712647874095
9539554 0.00010669534836847336
9593147 0.00010455716184719355
9646740 0.0001024617035672859
9700333 0.00010040812679848812
9753926 9.839560114034349e-05
9807519 9.642331223740086e-05
9861112 9.44904614972146e-05
9914705 9.25962658113004e-05
9968298 9.073995727923098e-05
10021891 8.892078293589248e-05
10075484 8.713800448201248e-05
10129077 8.53908980181714e-05
10182670 8.367875378222957e-05
10236263 8.200087589017684e-05
10289856 8.035658208073622e-05
10343449 7.874520346338662e-05
10397042 7.716608427017595e-05
10450635 7.56185816110852e-05
10504228 7.410206523312743e-05
10557821 7.261591728314337e-05
10611414 7.115953207425738e-05
10665007 6.973231585605776e-05
10718600 6.833368658840967e-05
10772193 6.696307371901848e-05
10825786 6.561991796458742e-05
10879379 6.430367109560783e-05
10932972 6.301379572487727e-05
10986565 6.174976509942288e-05
11040158 6.05110628961545e-05
11093751 5.929718302097667e-05
11147344 5.810762941136499e-05
11200937 5.694191584251079e-05
11254530 5.579956573678081e-05
11308123 5.4680111976635956e-05
11361716 5.35830967208651e-05
11415309 5.250807122417385e-05
11468902 5.145459565997906e-05
11522495 5.042223894644732e-05
11576088 4.941057857577209e-05
11629681 4.841920044650061e-05
11683274 4.7447698699007446e-05
11736867 4.649567555402301e-05
11790460 4.556274115412751e-05
11844053 4.4648513408223484e-05
11897646 4.375261783895034e-05
11951239 4.2874687432916184e-05
12004832 4.201436249378059e-05
12058425 4.1171290498131195e-05
12112018 4.034512595404733e-05
12165611 3.953553026240803e-05
12219204 3.8742171580784766e-05
12272797 3.796472468999522e-05
12326390 3.720287086315336e-05
12379983 3.645629773727996e-05
12433576 3.5724699187347775e-05
12487169 3.500777520276926e-05
12540762 3.430523176626253e-05
12594355 3.361678073506534e-05
12647948 3.294213972443276e-05
12701541 3.2281031993409114e-05
12755134 3.1633186332812556e-05
12808727 3.099833695539497e-05
12862320 3.037622338814515e-05
12915913 2.9766590366684872e-05
12969506 2.9169187731735435e-05
13023099 2.8583770327600747e-05
13076692 2.8010097902636272e-05
13130285 2.7447935011661734e-05
13183878 2.689705092031062e-05
13237471 2.6357219511218086e-05
13291064 2.582821919208493e-05
13344657 2.5309832805530535e-05
13398250 2.4801847540722576e-05
13451843 2.430405484674797e-05
13505436 2.381625034768818e-05
13559029 2.333823375937332e-05
13612622 2.286980880777164e-05
13666215 2.241078314899189e-05
13719808 2.1960968290871217e-05
13773401 2.1520179516106974e-05
13826994 2.1088235806905522e-05
13880587 2.0664959771136363e-05
13934180 2.0250177569928248e-05
13987773 1.9843718846710746e-05
14041366 1.9445416657666147e-05
14094959 1.9055107403548755e-05
14148552 1.8672630762865076e-05
14202145 1.829782962636784e-05
14255738 1.793055003286733e-05
14309331 1.757064110631361e-05
14362924 1.721795499409805e-05
14416517 1.6872346806641155e-05
14470110 1.6533674558117046e-05
14523703 1.6201799108396834e-05
14577296 1.587658410614188e-05
14630889 1.5557895933009016e-05
14684482 1.5245603648989187e-05
14738075 1.4939578938823368e-05
14791668 1.4639696059480338e-05
14845261 1.4345831788695673e-05
14898854 1.4057865374522954e-05
14952447 1.3775678485901085e-05
15006040 1.349915516418135e-05
15059633 1.3228181775663751e-05
15113226 1.2962646965038551e-05
15166819 1.2702441609784725e-05
15220412 1.2447458775458986e-05
15274005 1.2197593671885339e-05
15327598 1.1952743610226966e-05
15381191 1.171280796088579e-05
15434784 1.1477688112292704e-05
15488377 1.1247287430457185e-05
15541970 1.1021511219392992e-05
15595563 1.0800266682260305e-05
15649156 1.0583462883365904e-05
15702749 1.0371010710836473e-05
15756342 1.0162822840111398e-05
15809935 9.958813698124493e-06
15863528 9.758899428208165e-06
15917121 9.562997855705225e-06
15970714 9.371028454266154e-06
16024307 9.182912312814874e-06
16077900 8.998572103181287e-06
16131493 8.817932048385608e-06
16185086 8.64091789154022e-06
16238679 8.46745686538424e-06
16292272 8.297477662437671e-06
16345865 8.130910405731561e-06
16399458 7.967686620132414e-06
16453051 7.807739204251902e-06
16506644 7.651002402901132e-06
16560237 7.49741178010467e-06
16613830 7.346904192653673e-06
16667423 7.199417764192865e-06
16721016 7.0548918598086516e-06
16774609 6.913267061158771e-06
16828202 6.774485142059799e-06
16881795 6.638489044600605e-06
16935388 6.505222855700439e-06
16988981 6.3746317841710575e-06
17042574 6.2466621382011554e-06
17096167 6.121261303324238e-06
17149760 5.998377720804727e-06
17203353 5.877960866487882e-06
17256946 5.7599612300117484e-06
17310539 5.6443302945147905e-06
17364132 5.5310205166898265e-06
17417725 5.419985307261559e-06
17471318 5.311179011859078e-06
17524911 5.204556892251903e-06
17578504 5.100075107989451e-06
17632097 4.997690698379641e-06
17685690 4.897361564859233e-06
17739283 4.799046453679654e-06
17792876 4.702704938975557e-06
17846469 4.608297406160267e-06
17900062 4.515785035639434e-06
17953655 4.425129786868169e-06
18007248 4.336294382731483e-06
18060841 4.249242294217573e-06
18114434 4.163937725422005e-06
18168027 4.080345598818391e-06
18221620 3.998431540875691e-06
18275213 3.91816186792065e-06
18328806 3.839503572282453e-06
18382399 3.7624243087674113e-06
18435992 3.6868923813215392e-06
18489585 3.6128767300460437e-06
18543178 3.5403469184173975e-06
18596771 3.4692731207741287e-06
18650364 3.3996261100733595e-06
18703957 3.331377245870907e-06
18757550 3.2644984625479316e-06
18811143 3.198962257800397e-06
18864736 3.1347416812998324e-06
18918329 3.0718103236505173e-06
18971922 3.0101423055144995e-06
19025515 2.9497122669857635e-06
19079108 2.8904953571636752e-06
19132701 2.8324672239380625e-06
19186294 2.775604003983547e-06
19239887 2.7198823129470813e-06
19293480 2.665279235847121e-06
19347073 2.611772317638464e-06
19400666 2.559339553993281e-06
19454259 2.507959382250626e-06
19507852 2.4576106725617605e-06
19561445 2.4082727191976697e-06
19615038 2.3599252320317867e-06
19668631 2.3125483282217772e-06
19722224 2.266122524006032e-06
19775817 2.220628726718951e-06
19829410 2.176048226933949e-06
19883003 2.1323626907606297e-06
19936596 2.0895541523299668e-06
19990189 2.0476050063963566e-06
20043782 2.0064980010968837e-06
20097375 1.9662162308647577e-06
20150968 1.9267431294800116e-06
20204561 1.8880624632561585e-06
20258154 1.8501583243586868e-06
20311747 1.8130151242920414e-06
20365340 1.7766175874510057e-06
20418933 1.7409507448780826e-06
20472526 1.7059999280805063e-06
20526119 1.671750763020943e-06
20579712 1.6381891641970969e-06
20633305 1.6053013288453485e-06
20686898 1.5730737312816528e-06
20740491 1.5414931173198497e-06
20794084 1.5105464988474007e-06
20847677 1.480221148462274e-06
20901270 1.4505045942492592e-06
20954863 1.4213846146607974e-06
21008456 1.3928492334663346e-06
21062049 1.3648867148666893e-06
21115642 1.337485558628804e-06
21169235 1.310634495378573e-06
21222828 1.2843224819743346e-06
21276421 1.2585386969384774e-06
21330014 1.2332725360384485e-06
21383607 1.2085136079091792e-06
21437200 1.184251729778726e-06
21490793 1.1604769233012485e-06
21544386 1.1371794104142723e-06
21597979 1.1143496093627032e-06
21651572 1.0919781307354177e-06
21705165 1.070055773610707e-06
21758758 1.0485735217548482e-06
21812351 1.0275225399462243e-06
21865944 1.006894170318311e-06
21919537 9.8667992880783e-07
21973130 9.66871501673159e-07
22026723 9.474607420522068e-07
22080316 9.284396666417189e-07
22133909 9.098004523928459e-07
22187502 8.915354333042906e-07
22241095 8.736370972709656e-07
22294688 8.560980829788387e-07
22348281 8.389111769064629e-07
22401874 8.2206931033388e-07
22455467 8.055655564441142e-07
22509060 7.893931274764905e-07
22562653 7.735453719306951e-07
22616246 7.580157718423911e-07
22669839 7.427979400844234e-07
22723432 7.278856177571433e-07
22777025 7.132726716062732e-07
22830618 6.98953091506473e-07
22884211 6.849209879796012e-07
22937804 6.711705897795468e-07
22991397 6.576962415215121e-07
23044990 6.444924013509785e-07
23098583 6.315536386688331e-07
23152176 6.188746318911906e-07
23205769 6.064501662686288e-07
23259362 5.942751317386009e-07
23312955 5.823445208246857e-07
23366548 5.706534265748683e-07
23420141 5.591970405477431e-07
23473734 5.479706508225695e-07
23527327 5.369696400858714e-07
23580920 5.261894837102314e-07
23634513 5.156257478996541e-07
23688106 5.052740878704921e-07
23741699 4.951302460620786e-07
23795292 4.851900503872585e-07
23848885 4.7544941250937493e-07
23902478 4.6590432617324776e-07
23956071 4.565508655454773e-07
24009664 4.4738518360592193e-07
24063257 4.384035105708343e-07
24116850 4.296021523220693e-07
24170443 4.209774889221609e-07
24224036 4.1252597308819895e-07
24277629 4.0424412875742985e-07
24331222 3.9612854965892855e-07
24384815 3.881758978796328e-07
24438408 3.803829025474711e-07
24492001 3.7274635843621146e-07
24545594 3.652631246646356e-07
24599187 3.579301234147951e-07
24652780 3.507443386546044e-07
24706373 3.4370281490141673e-07
24759966 3.3680265600186284e-07
24813559 3.3004102394616763e-07
24867152 3.23415137699597e-07
24920745 3.1692227205927515e-07
24974338 3.1055975653051723e-07
25027931 3.0432501096043507e-07
25081524 2.982154322390268e-07
25135117 2.922285073578279e-07
25188710 2.8636177400610113e-07
25242303 2.8061281930231996e-07
25295896 2.7497927879756995e-07
25349489 2.694588355153793e-07
25403082 2.6404921897940636e-07
25456675 2.587482043096487e-07
25510268 2.5355361127094717e-07
25563861 2.484633034195022e-07
25617454 2.434751871730617e-07
25671047 2.3858721100254027e-07
25724640 2.3379736454123834e-07
25778233 2.291036777964106e-07
25831826 2.245042203183334e-07
25885419 2.1999710040233184e-07
25939012 2.1558046433417521e-07
25992605 2.1125249559991038e-07
26046198 2.0701141416334945e-07
26099791 2.028554757105977e-07
26153384 1.987829709474906e-07
26206977 1.9479222491004117e-07
26260570 1.908815962358562e-07
26314163 1.870494765300948e-07
26367756 1.8329428967504835e-07
26421349 1.7961449120043604e-07
26474942 1.7600856764242445e-07
26528535 1.7247503591739238e-07
26582128 1.6901244271044086e-07
26635721 1.6561936389426074e-07
26689314 1.6229440391677535e-07
26742907 1.590361952564373e-07
26796500 1.558433978306878e-07
26850093 1.5271469847293745e-07
26903686 1.4964881036704653e-07
26957279 1.4664447253818352e-07
27010872 1.4370044932373455e-07
27064465 1.4081552986589668e-07
27118058 1.3798852761467972e-07
27171651 1.3521827984478568e-07
27225244 1.3250364716901886e-07
27278837 1.298435130742473e-07
27332430 1.272367834634358e-07
27386023 1.2468238620461786e-07
27439616 1.2217927068854106e-07
27493209 1.1972640739325163e-07
27546802 1.1732278746862806e-07
27600395 1.1496742232004753e-07
27653988 1.1265934319638904e-07
27707581 1.1039760079451649e-07
27761174 1.0818126487156798e-07
27814767 1.060094238503062e-07
27868360 1.0388118447390848e-07
27921953 1.0179567139396994e-07
27975546 9.975202685565121e-08
28029139 9.774941030649825e-08
28082732 9.578699808419217e-08
28136325 9.386398305138988e-08
28189918 9.197957428260656e-08
28243511 9.013299672160774e-08
28297104 8.83234908778327e-08
28350697 8.655031250547063e-08
28404290 8.481273230422082e-08
28457883 8.31100356079098e-08
28511476 8.144152210259881e-08
28565069 7.980650553515017e-08
28618662 7.82043134252633e-08
28672255 7.663428679312301e-08
28725848 7.509577989138483e-08
28779441 7.358815993369072e-08
28833034 7.211080683706267e-08
28886627 7.066311297470457e-08
28940220 6.924448290625274e-08
28993813 6.785433315486394e-08
29047406 6.649209195307842e-08
29100999 6.515719901123429e-08
29154592 6.384910528848403e-08
29208185 6.256727277074992e-08
29261778 6.131117424174048e-08
29315371 6.008029306697749e-08
29368964 5.887412298476169e-08
29422557 5.76921678997408e-08
29476150 5.653394167734471e-08
29529743 5.5398967935618715e-08
29583336 5.4286779862210144e-08
29636929 5.319692001400783e-08
29690522 5.2128940134128776e-08
29744115 5.108240095936384e-08
29797708 5.0056872052776924e-08
29851301 4.9051931609415955e-08
29904894 4.806716630192248e-08
29958487 4.710217109144682e-08
30012080 4.615654907846184e-08
30065673 4.5229911328423245e-08
30119266 4.432187671911392e-08
30172859 4.3432071762834756e-08
30226452 4.256013049885182e-08
30280045 4.17056942834948e-08
30333638 4.0868411698216645e-08
30387231 4.0047938363110824e-08
30440824 3.92439368146133e-08
30494417 3.8456076371061465e-08
30548010 3.768403297743639e-08
30601603 3.692748910127941e-08
30655196 3.6186133570495493e-08
30708789 3.545966146493301e-08
30762382 3.474777398801421e-08
30815975 3.405017833663093e-08
30869568 3.336658759445915e-08
30923161 3.269672059578316e-08
30976754 3.2040301821412154e-08
31030347 3.1397061291994766e-08
31083940 3.0766734436180054e-08
31137533 3.0149062004748706e-08
31191126 2.9543789942243492e-08
31244719 2.895066930543727e-08
31298312 2.8369456139300253e-08
31351905 2.779991139373328e-08
31405498 2.7241800808208705e-08
31459091 2.6694894839779382e-08
31512684 2.6158968539045924e-08
31566277 2.5633801477298324e-08
31619870 2.5119177658045055e-08
31673463 2.4614885412929666e-08
31727056 2.412071732540294e-08
31780649 2.3636470144854094e-08
31834242 2.3161944696405146e-08
31887835 2.26969458089199e-08
31941428 2.224128222913513e-08
31995021 2.1794766540995936e-08
32048614 2.1357215091930004e-08
32102207 2.0928447914785042e-08
32155800 2.0508288659307206e-08
32209393 2.0096564510609094e-08
32262986 1.9693106124984983e-08
32316579 1.9297747566593415e-08
32370172 1.891032621551686e-08
32423765 1.853068272873043e-08
32477358 1.8158660955100436e-08
32530951 1.779410788334268e-08
32584544 1.74368735752356e-08
32638137 1.708681109276189e-08
32691730 1.6743776456475123e-08
32745323 1.6407628580447642e-08
32798916 1.607822920374896e-08
32852509 1.5755442843608247e-08
32906102 1.5439136733831627e-08
32959695 1.5129180782301466e-08
33013288 1.4825447502454792e-08
33066881 1.4527811963843673e-08
33120474 1.4236151753971305e-08
33174067 1.3950346908903066e-08
33227660 1.3670279877704694e-08
33281253 1.3395835466063766e-08
33334846 1.3126900798125785e-08
33388439 1.2863365258380943e-08
33442032 1.2605120454367569e-08
33495625 1.2352060166365142e-08
33549218 1.2104080317036636e-08
33602811 1.186107890724375e-08
33656404 1.162295598915869e-08
33709997 1.138961362376345e-08
33763590 1.1160955835747e-08
33817183 1.0936888580545534e-08
33870776 1.0717319691433413e-08
33924369 1.0502158872584266e-08
33977962 1.029131761406954e-08
34031555 1.0084709204001563e-08
34085148 9.882248660879334e-09
34138741 9.683852712771834e-09
34192334 9.48943976088884e-09
34245927 9.298929837947556e-09
34299520 9.112244593427465e-09
34353113 8.929307239793904e-09
34406706 8.750042534283464e-09
34460299 8.574376745076884e-09
34513892 8.402237619206665e-09
34567485 8.233554356536221e-09
34621078 8.068257578534854e-09
34674671 7.906279295318008e-09
34728264 7.747552886565312e-09
34781857 7.592013069428194e-09
34835450 7.43959586730486e-09
34889043 7.290238589890974e-09
34942636 7.143879809760889e-09
34996229 7.000459325938457e-09
35049822 6.859918150886601e-09
35103415 6.722198479282293e-09
35157008 6.587243665465148e-09
35210601 6.454998205222828e-09
35264194 6.325407701096575e-09
35317787 6.19841885457495e-09
35371380 6.073979438338262e-09
35424973 5.9520382650335435e-09
35478566 5.832545180335658e-09
35532159 5.71545103952853e-09
35585752 5.600707678882211e-09
35639345 5.488267904377175e-09
35692938 5.378085471755001e-09
35746531 5.2701150604975155e-09
35800124 5.1643122616837345e-09
35853717 5.060633558907901e-09
35907310 4.959036307462805e-09
35960903 4.859478723064081e-09
36014496 4.761919855829355e-09
36068089 4.666319578135181e-09
36121682 4.572638574208698e-09
36175275 4.480838308035251e-09
36228868 4.390881024225746e-09
36282461 4.302729720261078e-09
36336054 4.2163481404206005e-09
36389647 4.131700761036972e-09
36443240 4.048752757536411e-09
36496833 3.967470020918573e-09
36550426 3.887819114388458e-09
36604019 3.8097672768258595e-09
36657612 3.733282408907579e-09
36711205 3.658333052290741e-09
36764798 3.5848883766023687e-09
36818391 3.512918175102575e-09
36871984 3.4423928482046895e-09
36925577 3.3732833843932997e-09
36979170 3.305561368897869e-09
37032763 3.2391989351204797e-09
37086356 3.1741687932587692e-09
37139949 3.110444197346185e-09
37193542 3.0479989339762814e-09
37247135 2.986807323170082e-09
37300728 2.926844194957312e-09
37354321 2.8680848841722284e-09
37407914 2.8105052269841724e-09
37461507 2.7540815392135265e-09
37515100 2.698790607658097e-09
37568693 2.6446097039709016e-09
37622286 2.5915165317511035e-09
37675879 2.5394892595037577e-09
37729472 2.4885064833432557e-09
37783065 2.438547240871114e-09
37836658 2.389590979083589e-09
37890251 2.3416175613105716e-09
37943844 2.294607257674608e-09
37997437 2.248540734682558e-09
38051030 2.2033990396130854e-09
38104623 2.159163610057635e-09
38158216 2.1158162513690293e-09
38211809 2.0733391366614673e-09
38265402 2.0317147885959286e-09
38318995 1.990926092390599e-09
38372588 1.9509562698000193e-09
38426181 1.911788878247722e-09
38479774 1.8734078151630418e-09
38533367 1.8357972884908147e-09
38586960 1.7989418297018056e-09
38640553 1.762826282517005e-09
38694146 1.7274357907645643e-09
38747739 1.6927557992471587e-09
38801332 1.6587720381294746e-09
38854925 1.6254705394180835e-09
38908518 1.5928376022669721e-09
38962111 1.5608598007837982e-09
39015704 1.5295239866319754e-09
39069297 1.498817269081354e-09
39122890 1.468727021079752e-09
39176483 1.439240864507807e-09
39230076 1.4103466710463364e-09
39283669 1.3820325578395298e-09
39337262 1.3542868770866079e-09
39390855 1.3270982203786308e-09
39444448 1.300455403953349e-09
39498041 1.2743474660931176e-09
39551634 1.2487636723290674e-09
39605227 1.2236934972265079e-09
39658820 1.1991266330585448e-09
39712413 1.1750529689893985e-09
39766006 1.151462612758447e-09
39819599 1.1283458533836721e-09
39873192 1.1056931880498722e-09
39926785 1.0834952943530873e-09
39980378 1.061743047647834e-09
40033971 1.0404274984956996e-09
40087564 1.0195398830736835e-09
40141157 9.99071603224877e-10
40194750 9.790142464077833e-10
40248343 9.59359561410189e-10
40301936 9.400994635533344e-10
40355529 9.212260303551045e-10
40409122 9.027314997953062e-10
40462715 8.846082668462207e-10
40516308 8.668488747989866e-10
40569901 8.494460196004083e-10
40623494 8.323925455161474e-10
40677087 8.156814347223817e-10
40730680 7.993058177141465e-10
40784273 7.832589585601846e-10
40837866 7.67534255770308e-10
40891459 7.521252431627601e-10
40945052 7.37025577721151e-10
40998645 7.222290560743305e-10
41052238 7.077295876081746e-10
41105831 6.93521210945458e-10
41159424 6.795980818027902e-10
41213017 6.659544755927005e-10
41266610 6.525847752805736e-10
41320203 6.394834852624376e-10
41373796 6.266452200892614e-10
41427389 6.140646897218049e-10
41480982 6.017367316230038e-10
41534575 5.896562656551585e-10
41588168 5.778183279070426e-10
41641761 5.662180524793059e-10
41695354 5.548506593414104e-10
41748947 5.43711481219844e-10
41802540 5.327959297710128e-10
41856133 5.220995207347312e-10
41909726 5.116178539849026e-10
41963319 5.013466152642421e-10
42016912 4.912815848578944e-10
42070505 4.814186176441138e-10
42124098 4.71753658706775e-10
42177691 4.622827346617564e-10
42231284 4.530019467180457e-10
42284877 4.43907481086081e-10
42338470 4.3499559683468636e-10
42392063 4.2626262936051873e-10
42445656 4.177049799797272e-10
42499249 4.0931913761199645e-10
42552842 4.0110164842288576e-10
42606435 3.9304913143634046e-10
42660028 3.851582820041388e-10
42713621 3.7742584491767817e-10
42767214 3.6984864563299746e-10
42820807 3.624235668520104e-10
42874400 3.5514755025722877e-10
42927993 3.480176112569122e-10
42981586 3.4103080949476894e-10
43035179 3.341842766055314e-10
43088772 3.274751971329981e-10
43142365 3.2090080419322486e-10
43195958 3.1445840115856827e-10
43249551 3.081453347694718e-10
43303144 3.019590107469772e-10
43356737 2.958968842517451e-10
43410330 2.899564581493319e-10
43463923 2.841352934185304e-10
43517516 2.784309944062202e-10
43571109 2.728412140315384e-10
43624702 2.6736365465324097e-10
43678295 2.619960637328944e-10
43731888 2.567362329675138e-10
43785481 2.515819974222011e-10
43839074 2.4653123813223043e-10
43892667 2.4158187689887756e-10
43946260 2.3673188062622863e-10
43999853 2.3197925178020107e-10
44053446 2.2732203706216092e-10
44107039 2.2275832047002897e-10
44160632 2.182862250330042e-10
44214225 2.1390391454628732e-10
44267818 2.0960957709120764e-10
44321411 2.054014571276075e-10
44375004 2.0127781906464914e-10
44428597 1.972369663427731e-10
44482190 1.9327723796425111e-10
44535783 1.8939700328901576e-10
44589376 1.8559467157563958e-10
44642969 1.818686728993768e-10
44696562 1.7821747810148336e-10
44750155 1.7463958404406732e-10
44803748 1.711335205489828e-10
44857341 1.676978451936595e-10
44910934 1.6433114504582624e-10
44964527 1.6103203232670227e-10
45018120 1.577991539519763e-10
45071713 1.5463117852138053e-10
45125306 1.5152680499230797e-10
45178899 1.4848475313883336e-10
45232492 1.4550377396005398e-10
45286085 1.425826401391106e-10
45339678 1.3972015211471955e-10
45393271 1.3691512940755546e-10
45446864 1.3416642449803895e-10
45500457 1.314728976728463e-10
45554050 1.288334499846555e-10
45607643 1.2624698942503843e-10
45661236 1.2371245434322775e-10
45714829 1.2122880303777617e-10
45768422 1.1879501288919458e-10
45822015 1.1641008729884605e-10
45875608 1.1407303834171101e-10
45929201 1.1178291018515418e-10
45982794 1.095387556701577e-10
46036387 1.0733965539327928e-10
46089980 1.0518470556358794e-10
46143573 1.03073018002664e-10
46197166 1.0100372534876945e-10
46250759 9.897597411795411e-11
46304352 9.6988933377673e-11
46357945 9.504178260372198e-11
46411538 9.313372469066383e-11
46465131 9.12639729414022e-11
46518724 8.943175713871376e-11
46572317 8.763632614733341e-11
46625910 8.587694097506038e-11
46679503 8.41528739053965e-11
46733096 8.246342150797226e-11
46786689 8.080788468922684e-11
46840282 7.918558777436635e-11
46893875 7.759585855804385e-11
46947468 7.603804218214716e-11
47001061 7.451150373788407e-11
47054654 7.301561005118584e-11
47108247 7.15497496320272e-11
47161840 7.011331966400025e-11
47215433 6.870572166750577e-11
47269026 6.732638838796712e-11
47322619 6.597474476455201e-11
47376212 6.465023481838639e-11
47429805 6.335231558102228e-11
47483398 6.208045622707603e-11
47536991 6.083412853324921e-11
47590584 5.961282249083988e-11
47644177 5.841603676476348e-11
47697770 5.7243274356744145e-11
47751363 5.6094061687272934e-11
47804956 5.4967916503223524e-11
47858549 5.3864378235513044e-11
47912142 5.278299932548469e-11
47965735 5.1723324408226024e-11
48019328 5.0684931945932377e-11
48072921 4.966737958411738e-11
48126514 4.867025532595548e-11
48180107 4.7693154113515046e-11
48233700 4.6735666552055743e-11
48287293 4.5797400594072e-11
48340886 4.487797199831389e-11
48394479 4.3977001727701914e-11
48448072 4.3094119418773946e-11
48501665 4.222896338168525e-11
48555258 4.138117452867629e-11
48608851 4.055040591505188e-11
48662444 3.9736316667648985e-11
48716037 3.893857111747501e-11
48769630 3.815683879970777e-11
48823223 3.739080399467465e-11
48876816 3.664014664589432e-11
48930409 3.590455797258807e-11
48984002 3.5183737867594544e-11
49037595 3.447739142792283e-11
49091188 3.3785224617943754e-11
49144781 3.3106950340922037e-11
49198374 3.244229537791021e-11
49251967 3.179098477523734e-11
49305560 3.115274704867943e-11
49359153 3.052732806124725e-11
49412746 2.991445979816376e-11
49466339 2.931389853078059e-11
49519932 2.8725391856831983e-11
49573525 2.8148700384478254e-11
49627118 2.758358732396493e-11
49680711 2.7029819354984497e-11
49734304 2.6487167494038122e-11
49787897 2.5955413165967833e-11
49841490 2.5434331724083492e-11
49895083 2.4923713266844505e-11
49948676 2.442334355590159e-11
50002269 2.393302136333153e-11
50055862 2.345254372648764e-11
50109455 2.298170768272323e-11
50163048 2.2520325881902892e-11
50216641 2.206820837180601e-11
50270234 2.1625167802297174e-11
50323827 2.1191020292687934e-11
50377420 2.0765589768545478e-11
50431013 2.034870189016047e-11
50484606 1.994017971573836e-11
50538199 1.9539861915995882e-11
50591792 1.9147580222755867e-11
50645385 1.876317243937331e-11
50698978 1.8386482440735374e-11
50752571 1.801735410172922e-11
50806164 1.7655638236135918e-11
50859757 1.730118565773653e-11
50913350 1.695384718031212e-11
50966943 1.66134814238994e-11
51020536 1.6279949610620292e-11
51074129 1.5953113829958454e-11
51127722 1.563283877348276e-11
51181315 1.531899086748556e-11
51234908 1.5011450416047012e-11
51288501 1.471008124337425e-11
51342094 1.4414761051462222e-11
51395687 1.4125368409667605e-11
51449280 1.3841788826240986e-11
51502873 1.3563901737900785e-11
51556466 1.3291590918174112e-11
51610059 1.3024753151014146e-11
51663652 1.2763263536330616e-11
51717245 1.2507029266417558e-11
51770838 1.2255940186334247e-11
51824431 1.200988961058691e-11
51878024 1.1768779527299156e-11
51931617 1.15325075877859e-11
51985210 1.130098098434118e-11
52038803 1.1074101705088601e-11
52092396 1.0851778677045676e-11
52145989 1.0633919092506439e-11
52199582 1.0420432745850139e-11
52253175 1.021123203354124e-11
52306768 1.0006231954129419e-11
52360361 9.805345771440876e-12
52413954 9.608493688195718e-12
52467547 9.415594172390573e-12
52521140 9.226563957298595e-12
52574733 9.041334521342481e-12
52628326 8.859819128348434e-12
52681919 8.681951858824366e-12
52735512 8.507651180766906e-12
52789105 8.336852042045706e-12
52842698 8.169481584274774e-12
52896291 8.005471285876808e-12
52949884 7.844751757912771e-12
53003477 7.687261417699265e-12
53057070 7.532933478382464e-12
53110663 7.381700285746806e-12
53164256 7.2335071960027975e-12
53217849 7.088286554934875e-12
53271442 6.945981116668332e-12
53325035 6.806536237413674e-12
53378628 6.669885997678815e-12
53432221 6.535980957844689e-12
53485814 6.4047664741218036e-12
53539407 6.276180963826761e-12
53593000 6.150181926234399e-12
53646593 6.02671298283175e-12
53700186 5.905720357191058e-12
53753779 5.787156344416733e-12
53807372 5.670973239613186e-12
53860965 5.557123337884828e-12
53914558 5.44555893433607e-12
53968151 5.336234926156536e-12
54021744 5.229104475812374e-12
54075337 5.1241242152166855e-12
54128930 5.021250776282571e-12
54182523 4.920445127731821e-12
54236116 4.821661299392321e-12
54289709 4.7248619947093395e-12
54343302 4.63000644768119e-12
54396895 4.5370538923061865e-12
54450488 4.445968766753072e-12
54504081 4.3567111723819e-12
54557674 4.269246414723149e-12
54611267 4.183538931945563e-12
54664860 4.09954622332398e-12
54718453 4.017244870091474e-12
54772046 3.9365941062463605e-12
54825639 3.857564441489547e-12
54879232 3.7801194466280386e-12
54932825 3.704229631362743e-12
54986418 3.6298637706710934e-12
55040011 3.5569932416157357e-12
55093604 3.4855816150036745e-12
55147197 3.415603737344508e-12
55200790 3.347033587786097e-12
55254383 3.2798390739441352e-12
55307976 3.2139915728812696e-12
55361569 3.1494676658305742e-12
55415162 3.0862387298546956e-12
55468755 3.024277876739756e-12
55522348 2.9635651571657817e-12
55575941 2.904068478748467e-12
55629534 2.8457652900826247e-12
55683127 2.7886347744865425e-12
55736720 2.732650043746343e-12
55790313 2.6777894138185765e-12
55843906 2.6240285985745793e-12
55897499 2.5713511181413296e-12
55951092 2.5197274822197357e-12
56004685 2.469141210936776e-12
56058278 2.419571487610739e-12
56111871 2.3709983629216502e-12
56165464 2.3233966833791087e-12
56219057 2.2767525711953063e-12
56272650 2.2310426076033174e-12
56326243 2.1862537821770722e-12
56379836 2.142361808787907e-12
56433429 2.099352809648014e-12
56487022 2.0572051007139436e-12
56540615 2.0159039368361498e-12
56594208 1.975432838141611e-12
56647801 1.935773590033829e-12
56701394 1.8969105800015207e-12
56754987 1.858829930256878e-12
56808580 1.8215099567564508e-12
56862173 1.7849428532445977e-12
56915766 1.7491086704013448e-12
56969359 1.7139926630771463e-12
57022952 1.6795835555694083e-12
57076545 1.6458640006433711e-12
57130138 1.612820987872965e-12
57183731 1.5804415068321198e-12
57237324 1.548713414456504e-12
57290917 1.5176219655965717e-12
57344510 1.487155884549729e-12
57398103 1.4572978240812162e-12
57451696 1.4280425800206054e-12
57505289 1.3993745398566126e-12
57558882 1.3712780910779543e-12
57612475 1.3437497642376783e-12
57666068 1.316770477377549e-12
57719661 1.2903358936888765e-12
57773254 1.2644295332986388e-12
57826847 1.2390444573129322e-12
57880440 1.2141711247526388e-12
57934033 1.1897956578299507e-12
57987626 1.165909382927488e-12
58041219 1.142501024342657e-12
58094812 1.1195662452667676e-12
58148405 1.0970903005502741e-12
58201998 1.0750627818523206e-12
58255591 1.0534793523642172e-12
58309184 1.032331338468584e-12
58362777 1.011606597101089e-12
58416370 9.912973220060906e-13
58469963 9.713931048427327e-13
58523556 9.518939456110154e-13
58577149 9.327833644379169e-13
58630742 9.140570245147472e-13
58684335 8.957045175006506e-13
58737928 8.77724976033889e-13
58791521 8.601019202414406e-13
58845114 8.428353501233055e-13
58898707 8.259157247003657e-13
58952300 8.093343703552414e-13
59005893 7.930869502792426e-13
59059486 7.771630561315135e-13
59113079 7.615600858268401e-13
59166672 7.462711004713185e-13
59220265 7.312882938093068e-13
59273858 7.166081963938531e-13
59327451 7.022238693310534e-13
59381044 6.881249042800519e-13
59434637 6.743104338791106e-13
59488230 6.607726518725876e-13
59541823 6.47507221451793e-13
59595416 6.345072037228228e-13
59649009 6.217699966004631e-13
59702602 6.092877938290719e-13
59756195 5.970527891530075e-13
59809788 5.850684520192218e-13
59863381 5.733213383207758e-13
59916974 5.618127491002767e-13
59970567 5.505335770594755e-13
60024160 5.394816537940272e-13
60077753 5.286483056865521e-13
60131346 5.18035267460526e-13
60184939 5.07636467583783e-13
60238532 4.974440998006813e-13
60292125 4.874581641112208e-13
60345718 4.776725889832356e-13
60399311 4.680821702462978e-13
60452904 4.586851731769315e-13
60506497 4.494763936047086e-13
60560090 4.404540968061532e-13
60613683 4.3161047652562345e-13
60667276 4.229455327631193e-13
60720869 4.1445232662473686e-13
60774462 4.061325928339521e-13
60828055 3.9798112722033707e-13
60881648 3.899901235282499e-13
60935241 3.8216218384290457e-13
60988834 3.7448776718518317e-13
61042427 3.669688251189962e-13
61096020 3.596029723995642e-13
61149613 3.523839206542867e-13
61203206 3.453097183192533e-13
61256799 3.3837689594751197e-13
61310392 3.315828514538488e-13
61363985 3.249258501147878e-13
61417578 3.18402422483377e-13
61471171 3.120099664744025e-13
61524764 3.057473978856917e-13
61578357 2.996092957063823e-13
61631950 2.935950094151707e-13
61685543 2.8769868432032553e-13
61739136 2.819263919540127e-13
61792729 2.762651218901624e-13
61846322 2.707157414905126e-13
61899915 2.652843222872292e-13
61953508 2.5995698649250443e-13
62007101 2.5473611935111773e-13
62060694 2.4962584083132455e-13
62114287 2.446124899857516e-13
62167880 2.3970235518699923e-13
62221473 2.3489109962637755e-13
62275066 2.301743864951966e-13
62328659 2.255530831551944e-13
62382252 2.2102458752115695e-13
62435845 2.1658803223134626e-13
62489438 2.122399478388104e-13
62543031 2.0798033434354934e-13
62596624 2.0380398757513518e-13
62650217 1.997117748953059e-13
62703810 1.9570543102753746e-13
62757403 1.9177628235445e-13
62810996 1.879243288760435e-13
62864589 1.8415130531579393e-13
62918182 1.8045374222674937e-13
62971775 1.7683337433238577e-13
63025368 1.7328152801532326e-13
63078961 1.6980210640338278e-13
63132554 1.6639467581569534e-13
63186147 1.63053598400964e-13
63239740 1.5977930784005778e-13
63293333 1.5657440621819063e-13
63346926 1.5342935255624468e-13
63400519 1.5034804998204088e-13
63454112 1.4732854693166875e-13
63507705 1.4437236128816977e-13
63561298 1.4147450572155051e-13
63614891 1.38634112870073e-13
63668484 1.358513995741717e-13
63722077 1.3312289638689467e-13
63775670 1.304503380317179e-13
63829263 1.2783003822125494e-13
63882856 1.2526416535985074e-13
63936449 1.2275076788359485e-13
63990042 1.202857258242318e-13
64043635 1.178707739052376e-13
64097228 1.1550461108400523e-13
64150821 1.1318550263705873e-13
64204414 1.1091258120266012e-13
64258007 1.0868649730211288e-13
64311600 1.0650443200976856e-13
64365193 1.0436877057040661e-13
64418786 1.0227148988795065e-13
64472379 1.0021931201587009e-13
64525972 9.820703278373699e-14
64579565 9.623551955328935e-14
64633158 9.430303760105119e-14
64686751 9.24095869270225e-14
64740344 9.055430016946531e-14
64793937 8.873891205185558e-14
64847530 8.695561631855142e-14
64901123 8.520874977824278e-14
64954716 8.350004715440562e-14
65008309 8.182256955313605e-14
65061902 8.0180653783124e-14
65115495 7.856996303567954e-14
65169088 7.69939667577546e-14
65222681 7.544681025761779e-14
65276274 7.393413138656602e-14
65329867 7.244812388895738e-14
65383460 7.099355825435083e-14
65437053 6.95676155570979e-14
65490646 6.817289788241254e-14
65544239 6.680333369812885e-14
65597832 6.546325981293677e-14
65651425 6.414920677988434e-14
65705018 6.285943987549558e-14
65758611 6.160068115323991e-14
65812204 6.036057070835099e-14
65865797 5.915081792429167e-14
65919390 5.796339970498554e-14
65972983 5.6799400252605103e-14
66026576 5.566033745019183e-14
66080169 5.454144080818679e-14
66133762 5.344726397571442e-14
66187355 5.237390382495377e-14
66240948 5.132005931329786e-14
66294541 5.0290500930305626e-14
66348134 4.9280891867287124e-14
66401727 4.829253316684934e-14
66455320 4.7324123786385286e-14
66508913 4.6374362683287984e-14
66562506 4.5440214091474473e-14
66616099 4.4531218990062627e-14
66669692 4.363696903819658e-14
66723285 4.275919895935232e-14
66776878 4.190137820048179e-14
66830471 4.105916995289505e-14
66884064 4.023626050397855e-14
66937657 3.942852988547685e-14
66991250 3.8636628618693436e-14
67044843 3.7860339863193815e-14
67098436 3.7099663618977985e-14
67152029 3.6355467247783935e-14
67205622 3.562601602613569e-14
67259215 3.491152679446774e-14
67312808 3.420896378669713e-14
67366401 3.3524398534989786e-14
67419994 3.2851325826310784e-14
67473587 3.219039618196362e-14
67527180 3.154421168716226e-14
67580773 3.09127723419067e-14
67634366 3.029282553967949e-14
67687959 2.9683720759177135e-14
67741552 2.9085241159965136e-14
67795145 2.850324143377492e-14
67848738 2.7931866888875057e-14
67902331 2.7368732280486086e-14
67955924 2.6819692300339426e-14
68009517 2.628387958669709e-14
68063110 2.5755222607393158e-14
68116703 2.5235022405034613e-14
68170296 2.473195259700134e-14
68223889 2.4235821682871972e-14
68277482 2.3746629662646512e-14
68331075 2.3270664908925376e-14
68384668 2.280359061301862e-14
68438261 2.2344539413188258e-14
68491854 2.1898281798993224e-14
68545447 2.1458529397833104e-14
68599040 2.102658325231488e-14
68652633 2.0605912809390503e-14
68706226 2.019326546254252e-14
68759819 1.9786255966991462e-14
68813412 1.9389004290992773e-14
68867005 1.899955887063598e-14
68920598 1.861965442939706e-14
68974191 1.824712256293104e-14
69027784 1.7878927505154962e-14
69081377 1.7518972383889775e-14
69134970 1.7166823518266483e-14
69188563 1.682291458915408e-14
69242156 1.6486811915683575e-14
69295749 1.6154612370034016e-14
69349342 1.5830002239591856e-14
69402935 1.551189732218461e-14
69456528 1.5200514458246772e-14
69510121 1.4896070488212843e-14
69563714 1.4596830688606843e-14
69617307 1.4303662421166763e-14
69670900 1.4016782526327098e-14
69724493 1.3733805759308382e-14
69778086 1.3457767886193572e-14
69831679 1.3189102587851664e-14
69885272 1.292542461950319e-14
69938865 1.2665216098106669e-14
69992458 1.2410211747138078e-14
70046051 1.2162146290073395e-14
70099644 1.1917983960829659e-14
70153237 1.1678158440275865e-14
70206830 1.1444838132756985e-14
70260423 1.1214987272190058e-14
70314016 1.0988822699009582e-14
70367609 1.0767428615388042e-14
70421202 1.0552973425670409e-14
70474795 1.0340686640297747e-14
70528388 1.0131435621008045e-14
70581981 9.928689814753255e-15
70635574 9.730063976753911e-15
70689167 9.534257064403029e-15
70742760 9.34495536508706e-15
70796353 9.155870506205588e-15
70849946 8.971122456014058e-15
70903539 8.881784197001252e-15
70957132 8.881784197001252e-15
71010725 1.0658141036401503e-14
71064318 8.272896256933393e-15
71117911 8.106796484108614e-15
71171504 8.881784197001252e-15
71225097 8.881784197001252e-15
71278690 1.0658141036401503e-14
71332283 8.881784197001252e-15
71385876 7.325737239050056e-15
71439469 8.881784197001252e-15
71493062 7.105427357601002e-15
71546655 7.105427357601002e-15
71600248 7.105427357601002e-15
71653841 7.993605777301127e-15
71707434 7.105427357601002e-15
71761027 8.881784197001252e-15
71814620 7.105427357601002e-15
71868213 7.105427357601002e-15
71921806 8.881784197001252e-15
71975399 7.105427357601002e-15
72028992 7.105427357601002e-15
72082585 8.881784197001252e-15
72136178 7.105427357601002e-15
72189771 8.881784197001252e-15
72243364 7.105427357601002e-15
72296957 1.0658141036401503e-14
72350550 1.0658141036401503e-14
72404143 1.0658141036401503e-14
72457736 8.881784197001252e-15
72511329 7.105427357601002e-15
72564922 8.881784197001252e-15
72618515 8.881784197001252e-15
72672108 1.0658141036401503e-14
72725701 8.881784197001252e-15
72779294 8.881784197001252e-15
72832887 7.105427357601002e-15
72886480 8.881784197001252e-15
72940073 7.105427357601002e-15
72993666 7.105427357601002e-15
73047259 7.993605777301127e-15
73100852 8.881784197001252e-15
73154445 8.881784197001252e-15
73208038 8.881784197001252e-15
73261631 8.881784197001252e-15
73315224 7.105427357601002e-15
73368817 1.0658141036401503e-14
73422410 7.105427357601002e-15
73476003 8.881784197001252e-15
73529596 7.105427357601002e-15
73583189 8.881784197001252e-15
73636782 7.105427357601002e-15
73690375 8.881784197001252e-15
73743968 8.881784197001252e-15
73797561 7.105427357601002e-15
73851154 8.881784197001252e-15
73904747 8.881784197001252e-15
73958340 7.105427357601002e-15
74011933 8.881784197001252e-15
74065526 1.0658141036401503e-14
74119119 8.881784197001252e-15
74172712 7.105427357601002e-15
74226305 8.881784197001252e-15
74279898 8.881784197001252e-15
74333491 7.105427357601002e-15
74387084 7.105427357601002e-15
74440677 7.105427357601002e-15
74494270 7.105427357601002e-15
74547863 7.105427357601002e-15
74601456 7.105427357601002e-15
74655049 7.105427357601002e-15
74708642 8.881784197001252e-15
74762235 6.217248937900877e-15
74815828 7.105427357601002e-15
74869421 8.881784197001252e-15
74923014 7.105427357601002e-15
74976607 7.105427357601002e-15
75030200 8.881784197001252e-15
75083793 8.881784197001252e-15
75137386 7.105427357601002e-15
75190979 8.881784197001252e-15
75244572 8.881784197001252e-15
75298165 7.105427357601002e-15
75351758 7.105427357601002e-15
75405351 7.105427357601002e-15
75458944 7.105427357601002e-15
75512537 7.105427357601002e-15
75566130 7.105427357601002e-15
75619723 8.881784197001252e-15
75673316 8.881784197001252e-15
75726909 8.881784197001252e-15
75780502 7.105427357601002e-15
75834095 8.881784197001252e-15
75887688 8.881784197001252e-15
75941281 5.329070518200751e-15
75994874 6.217248937900877e-15
76048467 8.881784197001252e-15
76102060 7.105427357601002e-15
76155653 7.105427357601002e-15
76209246 7.105427357601002e-15
76262839 7.105427357601002e-15
76316432 8.881784197001252e-15
76370025 7.105427357601002e-15
76423618 7.105427357601002e-15
76477211 7.105427357601002e-15
76530804 7.105427357601002e-15
76584397 7.993605777301127e-15
76637990 8.881784197001252e-15
76691583 7.105427357601002e-15
76745176 7.105427357601002e-15
76798769 7.105427357601002e-15
76852362 7.105427357601002e-15
76905955 7.105427357601002e-15
76959548 8.881784197001252e-15
77013141 7.105427357601002e-15
77066734 7.105427357601002e-15
77120327 7.105427357601002e-15
77173920 8.881784197001252e-15
77227513 5.329070518200751e-15
77281106 5.329070518200751e-15
77334699 8.881784197001252e-15
77388292 8.881784197001252e-15
77441885 7.105427357601002e-15
77495478 7.105427357601002e-15
77549071 5.329070518200751e-15
77602664 7.105427357601002e-15
77656257 7.105427357601002e-15
77709850 7.105427357601002e-15
77763443 7.105427357601002e-15
77817036 7.105427357601002e-15
77870629 7.105427357601002e-15
77924222 8.881784197001252e-15
77977815 8.881784197001252e-15
78031408 7.105427357601002e-15
78085001 5.329070518200751e-15
78138594 5.329070518200751e-15
78192187 5.329070518200751e-15
78245780 7.105427357601002e-15
78299373 7.105427357601002e-15
78352966 6.217248937900877e-15
78406559 6.217248937900877e-15
78460152 6.217248937900877e-15
78513745 5.329070518200751e-15
78567338 7.105427357601002e-15
78620931 8.881784197001252e-15
78674524 7.105427357601002e-15
78728117 7.105427357601002e-15
78781710 7.105427357601002e-15
78835303 5.329070518200751e-15
78888896 7.105427357601002e-15
78942489 5.329070518200751e-15
78996082 7.105427357601002e-15
79049675 7.105427357601002e-15
79103268 7.105427357601002e-15
79156861 5.329070518200751e-15
79210454 7.105427357601002e-15
79264047 5.329070518200751e-15
79317640 5.329070518200751e-15
79371233 7.105427357601002e-15
79424826 5.329070518200751e-15
79478419 5.329070518200751e-15
79532012 7.105427357601002e-15
79585605 7.105427357601002e-15
79639198 5.329070518200751e-15
79692791 7.105427357601002e-15
79746384 5.329070518200751e-15
79799977 7.105427357601002e-15
79853570 5.329070518200751e-15
79907163 5.329070518200751e-15
79960756 5.329070518200751e-15
80014349 8.881784197001252e-15
80067942 7.105427357601002e-15
80121535 5.329070518200751e-15
80175128 5.329070518200751e-15
80228721 5.329070518200751e-15
80282314 5.329070518200751e-15
80335907 5.329070518200751e-15
80389500 5.329070518200751e-15
80443093 5.329070518200751e-15
80496686 5.329070518200751e-15
80550279 5.329070518200751e-15
80603872 5.329070518200751e-15
80657465 7.105427357601002e-15
80711058 5.329070518200751e-15
80764651 7.105427357601002e-15
80818244 7.105427357601002e-15
80871837 7.105427357601002e-15
80925430 5.329070518200751e-15
80979023 5.329070518200751e-15
81032616 7.105427357601002e-15
81086209 7.105427357601002e-15
81139802 7.105427357601002e-15
81193395 5.329070518200751e-15
81246988 5.329070518200751e-15
81300581 7.105427357601002e-15
81354174 5.329070518200751e-15
81407767 7.105427357601002e-15
81461360 5.329070518200751e-15
81514953 5.329070518200751e-15
81568546 7.105427357601002e-15
81622139 7.105427357601002e-15
81675732 7.105427357601002e-15
81729325 5.329070518200751e-15
81782918 5.329070518200751e-15
81836511 7.105427357601002e-15
81890104 5.329070518200751e-15
81943697 7.105427357601002e-15
81997290 5.329070518200751e-15
82050883 5.329070518200751e-15
82104476 7.105427357601002e-15
82158069 8.881784197001252e-15
82211662 7.105427357601002e-15
82265255 5.329070518200751e-15
82318848 5.329070518200751e-15
82372441 7.105427357601002e-15
82426034 7.105427357601002e-15
82479627 7.105427357601002e-15
82533220 7.105427357601002e-15
82586813 5.329070518200751e-15
82640406 7.105427357601002e-15
82693999 5.329070518200751e-15
82747592 8.881784197001252e-15
82801185 5.329070518200751e-15
82854778 5.329070518200751e-15
82908371 7.105427357601002e-15
82961964 5.329070518200751e-15
83015557 5.329070518200751e-15
83069150 5.329070518200751e-15
83122743 5.329070518200751e-15
83176336 5.329070518200751e-15
83229929 5.329070518200751e-15
83283522 8.881784197001252e-15
83337115 5.329070518200751e-15
83390708 7.105427357601002e-15
83444301 3.552713678800501e-15
83497894 5.329070518200751e-15
83551487 5.329070518200751e-15
83605080 5.329070518200751e-15
83658673 8.881784197001252e-15
83712266 5.329070518200751e-15
83765859 5.329070518200751e-15
83819452 5.329070518200751e-15
83873045 5.329070518200751e-15
83926638 5.329070518200751e-15
83980231 5.329070518200751e-15
84033824 8.881784197001252e-15
84087417 5.329070518200751e-15
84141010 5.329070518200751e-15
84194603 5.329070518200751e-15
84248196 5.329070518200751e-15
84301789 5.329070518200751e-15
84355382 5.329070518200751e-15
84408975 8.881784197001252e-15
84462568 5.329070518200751e-15
84516161 5.329070518200751e-15
84569754 5.329070518200751e-15
84623347 5.329070518200751e-15
84676940 5.329070518200751e-15
84730533 5.329070518200751e-15
84784126 5.329070518200751e-15
84837719 8.881784197001252e-15
84891312 5.329070518200751e-15
84944905 5.329070518200751e-15
84998498 5.329070518200751e-15
85052091 5.329070518200751e-15
85105684 5.329070518200751e-15
85159277 5.329070518200751e-15
85212870 5.329070518200751e-15
85266463 5.329070518200751e-15
85320056 5.329070518200751e-15
85373649 5.329070518200751e-15
85427242 5.329070518200751e-15
85480835 5.329070518200751e-15
85534428 5.329070518200751e-15
85588021 5.329070518200751e-15
85641614 5.329070518200751e-15
85695207 5.329070518200751e-15
85748800 5.329070518200751e-15
85802393 5.329070518200751e-15
85855986 5.329070518200751e-15
85909579 5.329070518200751e-15
85963172 5.329070518200751e-15
86016765 5.329070518200751e-15
86070358 5.329070518200751e-15
86123951 5.329070518200751e-15
86177544 5.329070518200751e-15
86231137 5.329070518200751e-15
86284730 5.329070518200751e-15
86338323 5.329070518200751e-15
86391916 5.329070518200751e-15
86445509 5.329070518200751e-15
86499102 5.329070518200751e-15
86552695 5.329070518200751e-15
86606288 5.329070518200751e-15
86659881 5.329070518200751e-15
86713474 5.329070518200751e-15
86767067 5.329070518200751e-15
86820660 5.329070518200751e-15
86874253 5.329070518200751e-15
86927846 5.329070518200751e-15
86981439 5.329070518200751e-15
87035032 5.329070518200751e-15
87088625 5.329070518200751e-15
87142218 5.329070518200751e-15
87195811 5.329070518200751e-15
87249404 5.329070518200751e-15
87302997 5.329070518200751e-15
87356590 5.329070518200751e-15
87410183 5.329070518200751e-15
87463776 5.329070518200751e-15
87517369 5.329070518200751e-15
87570962 5.329070518200751e-15
87624555 5.329070518200751e-15
87678148 5.329070518200751e-15
87731741 5.329070518200751e-15
87785334 5.329070518200751e-15
87838927 5.329070518200751e-15
87892520 5.329070518200751e-15
87946113 5.329070518200751e-15
87999706 5.329070518200751e-15
88053299 5.329070518200751e-15
88106892 5.329070518200751e-15
88160485 5.329070518200751e-15
88214078 5.329070518200751e-15
88267671 5.329070518200751e-15
88321264 5.329070518200751e-15
88374857 5.329070518200751e-15
88428450 5.329070518200751e-15
88482043 5.329070518200751e-15
88535636 5.329070518200751e-15
88589229 5.329070518200751e-15
88642822 5.329070518200751e-15
88696415 5.329070518200751e-15
88750008 5.329070518200751e-15
88803601 5.329070518200751e-15
88857194 5.329070518200751e-15
88910787 5.329070518200751e-15
88964380 5.329070518200751e-15
89017973 5.329070518200751e-15
89071566 5.329070518200751e-15
89125159 5.329070518200751e-15
89178752 5.329070518200751e-15
89232345 5.329070518200751e-15
89285938 5.329070518200751e-15
89339531 5.329070518200751e-15
89393124 5.329070518200751e-15
89446717 5.329070518200751e-15
89500310 5.329070518200751e-15
89553903 5.329070518200751e-15
89607496 5.329070518200751e-15
89661089 5.329070518200751e-15
89714682 5.329070518200751e-15
89768275 5.329070518200751e-15
89821868 5.329070518200751e-15
89875461 5.329070518200751e-15
89929054 5.329070518200751e-15
89982647 5.329070518200751e-15
90036240 5.329070518200751e-15
90089833 5.329070518200751e-15
90143426 5.329070518200751e-15
90197019 5.329070518200751e-15
90250612 5.329070518200751e-15
90304205 5.329070518200751e-15
90357798 5.329070518200751e-15
90411391 5.329070518200751e-15
90464984 5.329070518200751e-15
90518577 5.329070518200751e-15
90572170 5.329070518200751e-15
90625763 5.329070518200751e-15
90679356 5.329070518200751e-15
90732949 5.329070518200751e-15
90786542 5.329070518200751e-15
90840135 5.329070518200751e-15
90893728 5.329070518200751e-15
90947321 5.329070518200751e-15
91000914 5.329070518200751e-15
91054507 5.329070518200751e-15
91108100 5.329070518200751e-15
91161693 5.329070518200751e-15
91215286 5.329070518200751e-15
91268879 5.329070518200751e-15
91322472 5.329070518200751e-15
91376065 5.329070518200751e-15
91429658 5.329070518200751e-15
91483251 5.329070518200751e-15
91536844 5.329070518200751e-15
91590437 5.329070518200751e-15
91644030 5.329070518200751e-15
91697623 5.329070518200751e-15
91751216 5.329070518200751e-15
91804809 5.329070518200751e-15
91858402 5.329070518200751e-15
91911995 5.329070518200751e-15
91965588 5.329070518200751e-15
92019181 5.329070518200751e-15
92072774 5.329070518200751e-15
92126367 5.329070518200751e-15
92179960 5.329070518200751e-15
92233553 5.329070518200751e-15
92287146 5.329070518200751e-15
92340739 5.329070518200751e-15
92394332 5.329070518200751e-15
92447925 5.329070518200751e-15
92501518 5.329070518200751e-15
92555111 5.329070518200751e-15
92608704 5.329070518200751e-15
92662297 5.329070518200751e-15
92715890 5.329070518200751e-15
92769483 5.329070518200751e-15
92823076 5.329070518200751e-15
92876669 5.329070518200751e-15
92930262 5.329070518200751e-15
92983855 5.329070518200751e-15
93037448 5.329070518200751e-15
93091041 5.329070518200751e-15
93144634 5.329070518200751e-15
93198227 5.329070518200751e-15
93251820 5.329070518200751e-15
93305413 5.329070518200751e-15
93359006 5.329070518200751e-15
93412599 5.329070518200751e-15
93466192 5.329070518200751e-15
93519785 5.329070518200751e-15
93573378 5.329070518200751e-15
93626971 5.329070518200751e-15
93680564 5.329070518200751e-15
93734157 5.329070518200751e-15
93787750 5.329070518200751e-15
93841343 5.329070518200751e-15
93894936 5.329070518200751e-15
93948529 5.329070518200751e-15
94002122 5.329070518200751e-15
94055715 5.329070518200751e-15
94109308 5.329070518200751e-15
94162901 5.329070518200751e-15
94216494 5.329070518200751e-15
94270087 5.329070518200751e-15
94323680 5.329070518200751e-15
94377273 5.329070518200751e-15
94430866 5.329070518200751e-15
94484459 5.329070518200751e-15
94538052 5.329070518200751e-15
94591645 5.329070518200751e-15
94645238 5.329070518200751e-15
94698831 5.329070518200751e-15
94752424 5.329070518200751e-15
94806017 5.329070518200751e-15
94859610 5.329070518200751e-15
94913203 5.329070518200751e-15
94966796 5.329070518200751e-15
95020389 5.329070518200751e-15
95073982 5.329070518200751e-15
95127575 5.329070518200751e-15
95181168 5.329070518200751e-15
95234761 5.329070518200751e-15
95288354 5.329070518200751e-15
95341947 5.329070518200751e-15
95395540 5.329070518200751e-15
95449133 5.329070518200751e-15
95502726 5.329070518200751e-15
95556319 5.329070518200751e-15
95609912 5.329070518200751e-15
95663505 5.329070518200751e-15
95717098 5.329070518200751e-15
95770691 5.329070518200751e-15
95824284 5.329070518200751e-15
95877877 5.329070518200751e-15
95931470 5.329070518200751e-15
95985063 5.329070518200751e-15
96038656 5.329070518200751e-15
96092249 5.329070518200751e-15
96145842 5.329070518200751e-15
96199435 5.329070518200751e-15
96253028 5.329070518200751e-15
96306621 5.329070518200751e-15
96360214 5.329070518200751e-15
96413807 5.329070518200751e-15
96467400 5.329070518200751e-15
96520993 4.440892098500626e-15
96574586 5.329070518200751e-15
96628179 4.440892098500626e-15
96681772 5.329070518200751e-15
96735365 4.440892098500626e-15
96788958 5.329070518200751e-15
96842551 4.440892098500626e-15
96896144 5.329070518200751e-15
96949737 5.329070518200751e-15
97003330 5.329070518200751e-15
97056923 4.440892098500626e-15
97110516 5.329070518200751e-15
97164109 4.440892098500626e-15
97217702 5.329070518200751e-15
97271295 4.440892098500626e-15
97324888 5.329070518200751e-15
97378481 4.440892098500626e-15
97432074 5.329070518200751e-15
97485667 5.329070518200751e-15
97539260 5.329070518200751e-15
97592853 5.329070518200751e-15
97646446 5.329070518200751e-15
97700039 4.440892098500626e-15
97753632 5.329070518200751e-15
97807225 4.440892098500626e-15
97860818 5.329070518200751e-15
97914411 4.440892098500626e-15
97968004 5.329070518200751e-15
98021597 5.329070518200751e-15
98075190 5.329070518200751e-15
98128783 4.440892098500626e-15
98182376 5.329070518200751e-15
98235969 4.440892098500626e-15
98289562 5.329070518200751e-15
98343155 4.440892098500626e-15
98396748 5.329070518200751e-15
98450341 4.440892098500626e-15
98503934 5.329070518200751e-15
98557527 5.329070518200751e-15
98611120 5.329070518200751e-15
98664713 4.440892098500626e-15
98718306 5.329070518200751e-15
98771899 4.440892098500626e-15
98825492 5.329070518200751e-15
98879085 4.440892098500626e-15
98932678 5.329070518200751e-15
98986271 4.440892098500626e-15
99039864 5.329070518200751e-15
99093457 5.329070518200751e-15
99147050 5.329070518200751e-15
99200643 4.440892098500626e-15
99254236 5.329070518200751e-15
99307829 4.440892098500626e-15
99361422 5.329070518200751e-15
99415015 4.440892098500626e-15
99468608 5.329070518200751e-15
99522201 4.440892098500626e-15
99575794 5.329070518200751e-15
99629387 5.329070518200751e-15
99682980 5.329070518200751e-15
99736573 4.440892098500626e-15
99790166 5.329070518200751e-15
99843759 4.440892098500626e-15
99897352 5.329070518200751e-15
99950945 4.440892098500626e-15
100004538 5.329070518200751e-15
100058131 4.440892098500626e-15
100111724 5.329070518200751e-15
100165317 5.329070518200751e-15
100218910 5.329070518200751e-15
100272503 4.440892098500626e-15
100326096 5.329070518200751e-15
100379689 4.440892098500626e-15
100433282 5.329070518200751e-15
100486875 4.440892098500626e-15
100540468 5.329070518200751e-15
100594061 4.440892098500626e-15
100647654 5.329070518200751e-15
100701247 5.329070518200751e-15
100754840 5.329070518200751e-15
100808433 4.440892098500626e-15
100862026 5.329070518200751e-15
100915619 4.440892098500626e-15
100969212 5.329070518200751e-15
101022805 4.440892098500626e-15
101076398 5.329070518200751e-15
101129991 4.440892098500626e-15
101183584 5.329070518200751e-15
101237177 5.329070518200751e-15
101290770 5.329070518200751e-15
101344363 4.440892098500626e-15
101397956 5.329070518200751e-15
101451549 5.329070518200751e-15
101505142 5.329070518200751e-15
101558735 4.440892098500626e-15
101612328 5.329070518200751e-15
101665921 4.440892098500626e-15
101719514 5.329070518200751e-15
101773107 5.329070518200751e-15
101826700 5.329070518200751e-15
101880293 4.440892098500626e-15
101933886 5.329070518200751e-15
101987479 4.440892098500626e-15
102041072 5.329070518200751e-15
102094665 4.440892098500626e-15
102148258 5.329070518200751e-15
102201851 5.329070518200751e-15
102255444 5.329070518200751e-15
102309037 5.329070518200751e-15
102362630 5.329070518200751e-15
102416223 4.440892098500626e-15
102469816 5.329070518200751e-15
102523409 4.440892098500626e-15
102577002 5.329070518200751e-15
102630595 4.440892098500626e-15
102684188 5.329070518200751e-15
102737781 4.440892098500626e-15
102791374 5.329070518200751e-15
102844967 5.329070518200751e-15
102898560 5.329070518200751e-15
102952153 4.440892098500626e-15
103005746 5.329070518200751e-15
103059339 4.440892098500626e-15
103112932 5.329070518200751e-15
103166525 4.440892098500626e-15
103220118 5.329070518200751e-15
103273711 4.440892098500626e-15
103327304 5.329070518200751e-15
103380897 5.329070518200751e-15
103434490 5.329070518200751e-15
103488083 4.440892098500626e-15
103541676 5.329070518200751e-15
103595269 4.440892098500626e-15
103648862 5.329070518200751e-15
103702455 4.440892098500626e-15
103756048 5.329070518200751e-15
103809641 4.440892098500626e-15
103863234 5.329070518200751e-15
103916827 5.329070518200751e-15
103970420 5.329070518200751e-15
104024013 4.440892098500626e-15
104077606 5.329070518200751e-15
104131199 4.440892098500626e-15
104184792 5.329070518200751e-15
104238385 4.440892098500626e-15
104291978 5.329070518200751e-15
104345571 4.440892098500626e-15
104399164 5.329070518200751e-15
104452757 5.329070518200751e-15
104506350 5.329070518200751e-15
104559943 4.440892098500626e-15
104613536 5.329070518200751e-15
104667129 4.440892098500626e-15
104720722 5.329070518200751e-15
104774315 4.440892098500626e-15
104827908 5.329070518200751e-15
104881501 4.440892098500626e-15
104935094 5.329070518200751e-15
104988687 5.329070518200751e-15
105042280 5.329070518200751e-15
105095873 4.440892098500626e-15
105149466 5.329070518200751e-15
105203059 4.440892098500626e-15
105256652 5.329070518200751e-15
105310245 4.440892098500626e-15
105363838 5.329070518200751e-15
105417431 4.440892098500626e-15
105471024 5.329070518200751e-15
105524617 5.329070518200751e-15
105578210 5.329070518200751e-15
105631803 4.440892098500626e-15
105685396 5.329070518200751e-15
105738989 4.440892098500626e-15
105792582 5.329070518200751e-15
105846175 4.440892098500626e-15
105899768 5.329070518200751e-15
105953361 4.440892098500626e-15
106006954 5.329070518200751e-15
106060547 5.329070518200751e-15
106114140 5.329070518200751e-15
106167733 4.440892098500626e-15
106221326 5.329070518200751e-15
106274919 4.440892098500626e-15
106328512 5.329070518200751e-15
106382105 4.440892098500626e-15
106435698 5.329070518200751e-15
106489291 4.440892098500626e-15
106542884 5.329070518200751e-15
106596477 5.329070518200751e-15
106650070 5.329070518200751e-15
106703663 4.440892098500626e-15
106757256 5.329070518200751e-15
106810849 5.329070518200751e-15
106864442 5.329070518200751e-15
106918035 4.440892098500626e-15
106971628 5.329070518200751e-15
107025221 4.440892098500626e-15
107078814 5.329070518200751e-15
107132407 5.329070518200751e-15
107186000 5.329070518200751e-15
107239593 4.440892098500626e-15
107293186 5.329070518200751e-15
107346779 4.440892098500626e-15
107400372 5.329070518200751e-15
107453965 4.440892098500626e-15
107507558 5.329070518200751e-15
107561151 4.440892098500626e-15
107614744 5.329070518200751e-15
107668337 5.329070518200751e-15
107721930 5.329070518200751e-15
107775523 4.440892098500626e-15
107829116 5.329070518200751e-15
107882709 4.440892098500626e-15
107936302 5.329070518200751e-15
107989895 4.440892098500626e-15
108043488 5.329070518200751e-15
108097081 4.440892098500626e-15
108150674 5.329070518200751e-15
108204267 5.329070518200751e-15
108257860 5.329070518200751e-15
108311453 4.440892098500626e-15
108365046 5.329070518200751e-15
108418639 4.440892098500626e-15
108472232 5.329070518200751e-15
108525825 4.440892098500626e-15
108579418 5.329070518200751e-15
108633011 5.329070518200751e-15
108686604 5.329070518200751e-15
108740197 5.329070518200751e-15
108793790 5.329070518200751e-15
108847383 4.440892098500626e-15
108900976 5.329070518200751e-15
108954569 4.440892098500626e-15
109008162 5.329070518200751e-15
109061755 4.440892098500626e-15
109115348 5.329070518200751e-15
109168941 4.440892098500626e-15
109222534 5.329070518200751e-15
109276127 5.329070518200751e-15
109329720 5.329070518200751e-15
109383313 4.440892098500626e-15
109436906 5.329070518200751e-15
109490499 4.440892098500626e-15
109544092 5.329070518200751e-15
109597685 4.440892098500626e-15
109651278 5.329070518200751e-15
109704871 4.440892098500626e-15
109758464 5.329070518200751e-15
109812057 5.329070518200751e-15
109865650 5.329070518200751e-15
109919243 4.440892098500626e-15
109972836 5.329070518200751e-15
110026429 4.440892098500626e-15
110080022 5.329070518200751e-15
110133615 4.440892098500626e-15
110187208 5.329070518200751e-15
110240801 4.440892098500626e-15
110294394 5.329070518200751e-15
110347987 5.329070518200751e-15
110401580 5.329070518200751e-15
110455173 4.440892098500626e-15
110508766 5.329070518200751e-15
110562359 4.440892098500626e-15
110615952 5.329070518200751e-15
110669545 4.440892098500626e-15
110723138 5.329070518200751e-15
110776731 4.440892098500626e-15
110830324 5.329070518200751e-15
110883917 5.329070518200751e-15
110937510 5.329070518200751e-15
110991103 4.440892098500626e-15
111044696 5.329070518200751e-15
111098289 4.440892098500626e-15
111151882 5.329070518200751e-15
111205475 4.440892098500626e-15
111259068 5.329070518200751e-15
111312661 4.440892098500626e-15
111366254 5.329070518200751e-15
111419847 5.329070518200751e-15
111473440 5.329070518200751e-15
111527033 4.440892098500626e-15
111580626 5.329070518200751e-15
111634219 5.329070518200751e-15
111687812 5.329070518200751e-15
111741405 5.329070518200751e-15
111794998 5.329070518200751e-15
111848591 4.440892098500626e-15
111902184 5.329070518200751e-15
111955777 5.329070518200751e-15
112009370 5.329070518200751e-15
112062963 4.440892098500626e-15
112116556 5.329070518200751e-15
112170149 4.440892098500626e-15
112223742 5.329070518200751e-15
112277335 4.440892098500626e-15
112330928 5.329070518200751e-15
112384521 4.440892098500626e-15
112438114 5.329070518200751e-15
112491707 5.329070518200751e-15
112545300 5.329070518200751e-15
112598893 4.440892098500626e-15
112652486 5.329070518200751e-15
112706079 4.440892098500626e-15
112759672 5.329070518200751e-15
112813265 4.440892098500626e-15
112866858 5.329070518200751e-15
112920451 4.440892098500626e-15
112974044 5.329070518200751e-15
113027637 5.329070518200751e-15
113081230 5.329070518200751e-15
113134823 5.329070518200751e-15
113188416 5.329070518200751e-15
113242009 4.440892098500626e-15
113295602 5.329070518200751e-15
113349195 4.440892098500626e-15
113402788 5.329070518200751e-15
113456381 4.440892098500626e-15
113509974 5.329070518200751e-15
113563567 5.329070518200751e-15
113617160 5.329070518200751e-15
113670753 4.440892098500626e-15
113724346 5.329070518200751e-15
113777939 4.440892098500626e-15
113831532 5.329070518200751e-15
113885125 4.440892098500626e-15
113938718 5.329070518200751e-15
113992311 4.440892098500626e-15
114045904 5.329070518200751e-15
114099497 5.329070518200751e-15
114153090 5.329070518200751e-15
114206683 4.440892098500626e-15
114260276 5.329070518200751e-15
114313869 4.440892098500626e-15
114367462 5.329070518200751e-15
114421055 4.440892098500626e-15
114474648 5.329070518200751e-15
114528241 4.440892098500626e-15
114581834 5.329070518200751e-15
114635427 5.329070518200751e-15
114689020 5.329070518200751e-15
114742613 4.440892098500626e-15
114796206 5.329070518200751e-15
114849799 4.440892098500626e-15
114903392 5.329070518200751e-15
114956985 4.440892098500626e-15
115010578 5.329070518200751e-15
115064171 4.440892098500626e-15
115117764 5.329070518200751e-15
115171357 5.329070518200751e-15
115224950 5.329070518200751e-15
115278543 4.440892098500626e-15
115332136 5.329070518200751e-15
115385729 4.440892098500626e-15
115439322 5.329070518200751e-15
115492915 4.440892098500626e-15
115546508 5.329070518200751e-15
115600101 4.440892098500626e-15
115653694 5.329070518200751e-15
115707287 5.329070518200751e-15
115760880 5.329070518200751e-15
115814473 4.440892098500626e-15
115868066 5.329070518200751e-15
115921659 4.440892098500626e-15
115975252 5.329070518200751e-15
116028845 4.440892098500626e-15
116082438 5.329070518200751e-15
116136031 4.440892098500626e-15
116189624 5.329070518200751e-15
116243217 5.329070518200751e-15
116296810 5.329070518200751e-15
116350403 4.440892098500626e-15
116403996 5.329070518200751e-15
116457589 4.440892098500626e-15
116511182 5.329070518200751e-15
116564775 4.440892098500626e-15
116618368 5.329070518200751e-15
116671961 4.440892098500626e-15
116725554 5.329070518200751e-15
116779147 5.329070518200751e-15
116832740 5.329070518200751e-15
116886333 4.440892098500626e-15
116939926 5.329070518200751e-15
116993519 4.440892098500626e-15
117047112 5.329070518200751e-15
117100705 4.440892098500626e-15
117154298 5.329070518200751e-15
117207891 4.440892098500626e-15
117261484 5.329070518200751e-15
117315077 5.329070518200751e-15
117368670 5.329070518200751e-15
117422263 4.440892098500626e-15
117475856 5.329070518200751e-15
117529449 4.440892098500626e-15
117583042 5.329070518200751e-15
117636635 4.440892098500626e-15
117690228 5.329070518200751e-15
117743821 4.440892098500626e-15
117797414 5.329070518200751e-15
117851007 5.329070518200751e-15
117904600 5.329070518200751e-15
117958193 4.440892098500626e-15
118011786 5.329070518200751e-15
118065379 5.329070518200751e-15
118118972 5.329070518200751e-15
118172565 4.440892098500626e-15
118226158 5.329070518200751e-15
118279751 4.440892098500626e-15
118333344 5.329070518200751e-15
118386937 5.329070518200751e-15
118440530 5.329070518200751e-15
118494123 4.440892098500626e-15
118547716 5.329070518200751e-15
118601309 4.440892098500626e-15
118654902 5.329070518200751e-15
118708495 4.440892098500626e-15
118762088 5.329070518200751e-15
118815681 4.440892098500626e-15
118869274 5.329070518200751e-15
118922867 5.329070518200751e-15
118976460 5.329070518200751e-15
119030053 4.440892098500626e-15
119083646 5.329070518200751e-15
119137239 5.329070518200751e-15
119190832 5.329070518200751e-15
119244425 4.440892098500626e-15
119298018 5.329070518200751e-15
119351611 4.440892098500626e-15
119405204 5.329070518200751e-15
119458797 5.329070518200751e-15
119512390 5.329070518200751e-15
119565983 5.329070518200751e-15
119619576 5.329070518200751e-15
119673169 4.440892098500626e-15
119726762 5.329070518200751e-15
119780355 4.440892098500626e-15
119833948 5.329070518200751e-15
119887541 4.440892098500626e-15
119941134 5.329070518200751e-15
119994727 5.329070518200751e-15
120048320 5.329070518200751e-15
120101913 4.440892098500626e-15
120155506 5.329070518200751e-15
120209099 4.440892098500626e-15
120262692 5.329070518200751e-15
120316285 4.440892098500626e-15
120369878 5.329070518200751e-15
120423471 4.440892098500626e-15
120477064 5.329070518200751e-15
120530657 5.329070518200751e-15
120584250 5.329070518200751e-15
120637843 4.440892098500626e-15
120691436 5.329070518200751e-15
120745029 4.440892098500626e-15
120798622 5.329070518200751e-15
120852215 4.440892098500626e-15
120905808 5.329070518200751e-15
120959401 4.440892098500626e-15
121012994 5.329070518200751e-15
121066587 5.329070518200751e-15
121120180 5.329070518200751e-15
121173773 4.440892098500626e-15
121227366 5.329070518200751e-15
121280959 4.440892098500626e-15
121334552 5.329070518200751e-15
121388145 4.440892098500626e-15
121441738 5.329070518200751e-15
121495331 4.440892098500626e-15
121548924 5.329070518200751e-15
121602517 5.329070518200751e-15
121656110 5.329070518200751e-15
121709703 4.440892098500626e-15
121763296 5.329070518200751e-15
121816889 4.440892098500626e-15
121870482 5.329070518200751e-15
121924075 4.440892098500626e-15
121977668 5.329070518200751e-15
122031261 4.440892098500626e-15
122084854 5.329070518200751e-15
122138447 5.329070518200751e-15
122192040 5.329070518200751e-15
122245633 4.440892098500626e-15
122299226 5.329070518200751e-15
122352819 4.440892098500626e-15
122406412 5.329070518200751e-15
122460005 4.440892098500626e-15
122513598 5.329070518200751e-15
122567191 4.440892098500626e-15
122620784 5.329070518200751e-15
122674377 5.329070518200751e-15
122727970 5.329070518200751e-15
122781563 4.440892098500626e-15
122835156 5.329070518200751e-15
122888749 4.440892098500626e-15
122942342 5.329070518200751e-15
122995935 4.440892098500626e-15
123049528 5.329070518200751e-15
123103121 4.440892098500626e-15
123156714 5.329070518200751e-15
123210307 5.329070518200751e-15
123263900 5.329070518200751e-15
123317493 4.440892098500626e-15
123371086 5.329070518200751e-15
123424679 4.440892098500626e-15
123478272 5.329070518200751e-15
123531865 4.440892098500626e-15
123585458 5.329070518200751e-15
123639051 4.440892098500626e-15
123692644 5.329070518200751e-15
123746237 5.329070518200751e-15
123799830 5.329070518200751e-15
123853423 4.440892098500626e-15
123907016 5.329070518200751e-15
123960609 4.440892098500626e-15
124014202 5.329070518200751e-15
124067795 4.440892098500626e-15
124121388 5.329070518200751e-15
124174981 4.440892098500626e-15
124228574 5.329070518200751e-15
124282167 5.329070518200751e-15
124335760 5.329070518200751e-15
124389353 4.440892098500626e-15
124442946 5.329070518200751e-15
124496539 4.440892098500626e-15
124550132 5.329070518200751e-15
124603725 4.440892098500626e-15
124657318 5.329070518200751e-15
124710911 4.440892098500626e-15
124764504 5.329070518200751e-15
124818097 5.329070518200751e-15
124871690 5.329070518200751e-15
124925283 4.440892098500626e-15
124978876 5.329070518200751e-15
125032469 4.440892098500626e-15
125086062 5.329070518200751e-15
125139655 4.440892098500626e-15
125193248 5.329070518200751e-15
125246841 4.440892098500626e-15
125300434 5.329070518200751e-15
125354027 5.329070518200751e-15
125407620 5.329070518200751e-15
125461213 4.440892098500626e-15
125514806 5.329070518200751e-15
125568399 4.440892098500626e-15
125621992 5.329070518200751e-15
125675585 4.440892098500626e-15
125729178 5.329070518200751e-15
125782771 4.440892098500626e-15
125836364 5.329070518200751e-15
125889957 5.329070518200751e-15
125943550 5.329070518200751e-15
125997143 4.440892098500626e-15
126050736 5.329070518200751e-15
126104329 4.440892098500626e-15
126157922 5.329070518200751e-15
126211515 4.440892098500626e-15
126265108 5.329070518200751e-15
126318701 4.440892098500626e-15
126372294 5.329070518200751e-15
126425887 5.329070518200751e-15
126479480 5.329070518200751e-15
126533073 4.440892098500626e-15
126586666 5.329070518200751e-15
126640259 4.440892098500626e-15
126693852 5.329070518200751e-15
126747445 4.440892098500626e-15
126801038 5.329070518200751e-15
126854631 4.440892098500626e-15
126908224 5.329070518200751e-15
126961817 5.329070518200751e-15
127015410 5.329070518200751e-15
127069003 4.440892098500626e-15
127122596 5.329070518200751e-15
127176189 4.440892098500626e-15
127229782 5.329070518200751e-15
127283375 4.440892098500626e-15
127336968 5.329070518200751e-15
127390561 4.440892098500626e-15
127444154 5.329070518200751e-15
127497747 5.329070518200751e-15
127551340 5.329070518200751e-15
127604933 4.440892098500626e-15
127658526 5.329070518200751e-15
127712119 4.440892098500626e-15
127765712 5.329070518200751e-15
127819305 4.440892098500626e-15
127872898 5.329070518200751e-15
127926491 4.440892098500626e-15
127980084 5.329070518200751e-15
128033677 5.329070518200751e-15
128087270 5.329070518200751e-15
128140863 4.440892098500626e-15
128194456 5.329070518200751e-15
128248049 4.440892098500626e-15
128301642 5.329070518200751e-15
128355235 4.440892098500626e-15
128408828 5.329070518200751e-15
128462421 4.440892098500626e-15
128516014 5.329070518200751e-15
128569607 5.329070518200751e-15
128623200 5.329070518200751e-15
128676793 4.440892098500626e-15
128730386 5.329070518200751e-15
128783979 4.440892098500626e-15
128837572 5.329070518200751e-15
128891165 4.440892098500626e-15
128944758 5.329070518200751e-15
128998351 4.440892098500626e-15
129051944 5.329070518200751e-15
129105537 5.329070518200751e-15
129159130 5.329070518200751e-15
129212723 4.440892098500626e-15
129266316 5.329070518200751e-15
129319909 4.440892098500626e-15
129373502 5.329070518200751e-15
129427095 4.440892098500626e-15
129480688 5.329070518200751e-15
129534281 5.329070518200751e-15
129587874 5.329070518200751e-15
129641467 5.329070518200751e-15
129695060 5.329070518200751e-15
129748653 4.440892098500626e-15
129802246 5.329070518200751e-15
129855839 4.440892098500626e-15
129909432 5.329070518200751e-15
129963025 4.440892098500626e-15
130016618 5.329070518200751e-15
130070211 4.440892098500626e-15
130123804 5.329070518200751e-15
130177397 5.329070518200751e-15
130230990 5.329070518200751e-15
130284583 4.440892098500626e-15
130338176 5.329070518200751e-15
130391769 5.329070518200751e-15
130445362 5.329070518200751e-15
130498955 4.440892098500626e-15
130552548 5.329070518200751e-15
130606141 4.440892098500626e-15
130659734 5.329070518200751e-15
130713327 5.329070518200751e-15
130766920 5.329070518200751e-15
130820513 4.440892098500626e-15
130874106 5.329070518200751e-15
130927699 4.440892098500626e-15
130981292 5.329070518200751e-15
131034885 4.440892098500626e-15
131088478 5.329070518200751e-15
131142071 4.440892098500626e-15
131195664 5.329070518200751e-15
131249257 5.329070518200751e-15
131302850 5.329070518200751e-15
131356443 4.440892098500626e-15
131410036 5.329070518200751e-15
131463629 4.440892098500626e-15
131517222 5.329070518200751e-15
131570815 4.440892098500626e-15
131624408 5.329070518200751e-15
131678001 4.440892098500626e-15
131731594 5.329070518200751e-15
131785187 5.329070518200751e-15
131838780 5.329070518200751e-15
131892373 4.440892098500626e-15
131945966 5.329070518200751e-15
131999559 4.440892098500626e-15
132053152 5.329070518200751e-15
132106745 4.440892098500626e-15
132160338 5.329070518200751e-15
132213931 4.440892098500626e-15
132267524 5.329070518200751e-15
132321117 5.329070518200751e-15
132374710 5.329070518200751e-15
132428303 4.440892098500626e-15
132481896 5.329070518200751e-15
132535489 4.440892098500626e-15
132589082 5.329070518200751e-15
132642675 4.440892098500626e-15
132696268 5.329070518200751e-15
132749861 4.440892098500626e-15
132803454 5.329070518200751e-15
132857047 5.329070518200751e-15
132910640 5.329070518200751e-15
132964233 4.440892098500626e-15
133017826 5.329070518200751e-15
133071419 4.440892098500626e-15
133125012 5.329070518200751e-15
133178605 4.440892098500626e-15
133232198 5.329070518200751e-15
133285791 4.440892098500626e-15
133339384 5.329070518200751e-15
133392977 5.329070518200751e-15
133446570 5.329070518200751e-15
133500163 4.440892098500626e-15
133553756 5.329070518200751e-15
133607349 4.440892098500626e-15
133660942 5.329070518200751e-15
133714535 4.440892098500626e-15
133768128 5.329070518200751e-15
133821721 4.440892098500626e-15
133875314 5.329070518200751e-15
133928907 5.329070518200751e-15
133982500 5.329070518200751e-15
134036093 4.440892098500626e-15
134089686 5.329070518200751e-15
134143279 4.440892098500626e-15
134196872 5.329070518200751e-15
134250465 4.440892098500626e-15
134304058 5.329070518200751e-15
134357651 4.440892098500626e-15
134411244 5.329070518200751e-15
134464837 5.329070518200751e-15
134518430 5.329070518200751e-15
134572023 4.440892098500626e-15
134625616 5.329070518200751e-15
134679209 4.440892098500626e-15
134732802 5.329070518200751e-15
134786395 4.440892098500626e-15
134839988 5.329070518200751e-15
134893581 4.440892098500626e-15
134947174 5.329070518200751e-15
135000767 5.329070518200751e-15
135054360 5.329070518200751e-15
135107953 4.440892098500626e-15
135161546 5.329070518200751e-15
135215139 4.440892098500626e-15
135268732 5.329070518200751e-15
135322325 4.440892098500626e-15
135375918 5.329070518200751e-15
135429511 4.440892098500626e-15
135483104 5.329070518200751e-15
135536697 5.329070518200751e-15
135590290 5.329070518200751e-15
135643883 4.440892098500626e-15
135697476 5.329070518200751e-15
135751069 4.440892098500626e-15
135804662 5.329070518200751e-15
135858255 4.440892098500626e-15
135911848 5.329070518200751e-15
135965441 4.440892098500626e-15
136019034 5.329070518200751e-15
136072627 5.329070518200751e-15
136126220 5.329070518200751e-15
136179813 4.440892098500626e-15
136233406 5.329070518200751e-15
136286999 4.440892098500626e-15
136340592 5.329070518200751e-15
136394185 4.440892098500626e-15
136447778 5.329070518200751e-15
136501371 4.440892098500626e-15
136554964 5.329070518200751e-15
136608557 5.329070518200751e-15
136662150 5.329070518200751e-15
136715743 4.440892098500626e-15
136769336 5.329070518200751e-15
136822929 5.329070518200751e-15
136876522 5.329070518200751e-15
136930115 4.440892098500626e-15
136983708 5.329070518200751e-15
137037301 4.440892098500626e-15
137090894 5.329070518200751e-15
137144487 5.329070518200751e-15
137198080 5.329070518200751e-15
137251673 4.440892098500626e-15
137305266 5.329070518200751e-15
137358859 4.440892098500626e-15
137412452 5.329070518200751e-15
137466045 4.440892098500626e-15
137519638 5.329070518200751e-15
137573231 4.440892098500626e-15
137626824 5.329070518200751e-15
137680417 5.329070518200751e-15
137734010 5.329070518200751e-15
137787603 4.440892098500626e-15
137841196 5.329070518200751e-15
137894789 4.440892098500626e-15
137948382 5.329070518200751e-15
138001975 4.440892098500626e-15
138055568 5.329070518200751e-15
138109161 4.440892098500626e-15
138162754 5.329070518200751e-15
138216347 5.329070518200751e-15
138269940 5.329070518200751e-15
138323533 4.440892098500626e-15
138377126 5.329070518200751e-15
138430719 5.329070518200751e-15
138484312 5.329070518200751e-15
138537905 4.440892098500626e-15
138591498 5.329070518200751e-15
138645091 5.329070518200751e-15
138698684 5.329070518200751e-15
138752277 5.329070518200751e-15
138805870 5.329070518200751e-15
138859463 5.329070518200751e-15
138913056 5.329070518200751e-15
138966649 4.440892098500626e-15
139020242 5.329070518200751e-15
139073835 4.440892098500626e-15
139127428 5.329070518200751e-15
139181021 4.440892098500626e-15
139234614 5.329070518200751e-15
139288207 5.329070518200751e-15
139341800 5.329070518200751e-15
139395393 4.440892098500626e-15
139448986 5.329070518200751e-15
139502579 4.440892098500626e-15
139556172 5.329070518200751e-15
139609765 4.440892098500626e-15
139663358 5.329070518200751e-15
139716951 4.440892098500626e-15
139770544 5.329070518200751e-15
139824137 5.329070518200751e-15
139877730 5.329070518200751e-15
139931323 4.440892098500626e-15
139984916 5.329070518200751e-15
140038509 4.440892098500626e-15
140092102 5.329070518200751e-15
140145695 4.440892098500626e-15
140199288 5.329070518200751e-15
140252881 4.440892098500626e-15
140306474 5.329070518200751e-15
140360067 5.329070518200751e-15
140413660 5.329070518200751e-15
140467253 4.440892098500626e-15
140520846 5.329070518200751e-15
140574439 4.440892098500626e-15
140628032 5.329070518200751e-15
140681625 4.440892098500626e-15
140735218 5.329070518200751e-15
140788811 4.440892098500626e-15
140842404 5.329070518200751e-15
140895997 5.329070518200751e-15
140949590 5.329070518200751e-15
141003183 4.440892098500626e-15
141056776 5.329070518200751e-15
141110369 4.440892098500626e-15
141163962 5.329070518200751e-15
141217555 4.440892098500626e-15
141271148 5.329070518200751e-15
141324741 4.440892098500626e-15
141378334 5.329070518200751e-15
141431927 5.329070518200751e-15
141485520 5.329070518200751e-15
141539113 4.440892098500626e-15
141592706 5.329070518200751e-15
141646299 4.440892098500626e-15
141699892 5.329070518200751e-15
141753485 4.440892098500626e-15
141807078 5.329070518200751e-15
141860671 4.440892098500626e-15
141914264 5.329070518200751e-15
141967857 5.329070518200751e-15
142021450 5.329070518200751e-15
142075043 4.440892098500626e-15
142128636 5.329070518200751e-15
142182229 4.440892098500626e-15
142235822 5.329070518200751e-15
142289415 5.329070518200751e-15
142343008 5.329070518200751e-15
142396601 4.440892098500626e-15
142450194 5.329070518200751e-15
142503787 5.329070518200751e-15
142557380 5.329070518200751e-15
142610973 4.440892098500626e-15
142664566 5.329070518200751e-15
142718159 4.440892098500626e-15
142771752 5.329070518200751e-15
142825345 5.329070518200751e-15
142878938 5.329070518200751e-15
142932531 5.329070518200751e-15
142986124 5.329070518200751e-15
143039717 5.329070518200751e-15
143093310 5.329070518200751e-15
143146903 4.440892098500626e-15
143200496 5.329070518200751e-15
143254089 4.440892098500626e-15
143307682 5.329070518200751e-15
143361275 4.440892098500626e-15
143414868 5.329070518200751e-15
143468461 4.440892098500626e-15
143522054 5.329070518200751e-15
143575647 5.329070518200751e-15
143629240 5.329070518200751e-15
143682833 4.440892098500626e-15
143736426 5.329070518200751e-15
143790019 4.440892098500626e-15
143843612 5.329070518200751e-15
143897205 4.440892098500626e-15
143950798 5.329070518200751e-15
144004391 4.440892098500626e-15
144057984 5.329070518200751e-15
144111577 5.329070518200751e-15
144165170 5.329070518200751e-15
144218763 4.440892098500626e-15
144272356 5.329070518200751e-15
144325949 4.440892098500626e-15
144379542 5.329070518200751e-15
144433135 4.440892098500626e-15
144486728 5.329070518200751e-15
144540321 4.440892098500626e-15
144593914 5.329070518200751e-15
144647507 5.329070518200751e-15
144701100 5.329070518200751e-15
144754693 4.440892098500626e-15
144808286 5.329070518200751e-15
144861879 4.440892098500626e-15
144915472 5.329070518200751e-15
144969065 4.440892098500626e-15
145022658 5.329070518200751e-15
145076251 4.440892098500626e-15
145129844 5.329070518200751e-15
145183437 5.329070518200751e-15
145237030 5.329070518200751e-15
145290623 4.440892098500626e-15
145344216 5.329070518200751e-15
145397809 4.440892098500626e-15
145451402 5.329070518200751e-15
145504995 4.440892098500626e-15
145558588 5.329070518200751e-15
145612181 4.440892098500626e-15
145665774 5.329070518200751e-15
145719367 5.329070518200751e-15
145772960 5.329070518200751e-15
145826553 4.440892098500626e-15
145880146 5.329070518200751e-15
145933739 4.440892098500626e-15
145987332 5.329070518200751e-15
146040925 4.440892098500626e-15
146094518 5.329070518200751e-15
146148111 4.440892098500626e-15
146201704 5.329070518200751e-15
146255297 5.329070518200751e-15
146308890 5.329070518200751e-15
146362483 4.440892098500626e-15
146416076 5.329070518200751e-15
146469669 4.440892098500626e-15
146523262 5.329070518200751e-15
146576855 4.440892098500626e-15
146630448 5.329070518200751e-15
146684041 4.440892098500626e-15
146737634 5.329070518200751e-15
146791227 5.329070518200751e-15
146844820 5.329070518200751e-15
146898413 4.440892098500626e-15
146952006 5.329070518200751e-15
147005599 4.440892098500626e-15
147059192 5.329070518200751e-15
147112785 4.440892098500626e-15
147166378 5.329070518200751e-15
147219971 4.440892098500626e-15
147273564 5.329070518200751e-15
147327157 5.329070518200751e-15
147380750 5.329070518200751e-15
147434343 4.440892098500626e-15
147487936 5.329070518200751e-15
147541529 5.329070518200751e-15
147595122 5.329070518200751e-15
147648715 4.440892098500626e-15
147702308 5.329070518200751e-15
147755901 4.440892098500626e-15
147809494 5.329070518200751e-15
147863087 5.329070518200751e-15
147916680 5.329070518200751e-15
147970273 4.440892098500626e-15
148023866 5.329070518200751e-15
148077459 4.440892098500626e-15
148131052 5.329070518200751e-15
148184645 4.440892098500626e-15
148238238 5.329070518200751e-15
148291831 4.440892098500626e-15
148345424 5.329070518200751e-15
148399017 5.329070518200751e-15
148452610 5.329070518200751e-15
148506203 5.329070518200751e-15
148559796 5.329070518200751e-15
148613389 4.440892098500626e-15
148666982 5.329070518200751e-15
148720575 4.440892098500626e-15
148774168 5.329070518200751e-15
148827761 4.440892098500626e-15
148881354 5.329070518200751e-15
148934947 5.329070518200751e-15
148988540 5.329070518200751e-15
149042133 4.440892098500626e-15
149095726 5.329070518200751e-15
149149319 4.440892098500626e-15
149202912 5.329070518200751e-15
149256505 4.440892098500626e-15
149310098 5.329070518200751e-15
149363691 4.440892098500626e-15
149417284 5.329070518200751e-15
149470877 5.329070518200751e-15
149524470 5.329070518200751e-15
149578063 4.440892098500626e-15
149631656 5.329070518200751e-15
149685249 5.329070518200751e-15
149738842 5.329070518200751e-15
149792435 4.440892098500626e-15
149846028 5.329070518200751e-15
149899621 4.440892098500626e-15
149953214 5.329070518200751e-15
150006807 5.329070518200751e-15
150060400 5.329070518200751e-15
150113993 4.440892098500626e-15
150167586 5.329070518200751e-15
150221179 4.440892098500626e-15
150274772 5.329070518200751e-15
150328365 4.440892098500626e-15
150381958 5.329070518200751e-15
150435551 4.440892098500626e-15
150489144 5.329070518200751e-15
150542737 5.329070518200751e-15
150596330 5.329070518200751e-15
150649923 4.440892098500626e-15
150703516 5.329070518200751e-15
150757109 4.440892098500626e-15
150810702 5.329070518200751e-15
150864295 4.440892098500626e-15
150917888 5.329070518200751e-15
150971481 4.440892098500626e-15
151025074 5.329070518200751e-15
151078667 5.329070518200751e-15
151132260 5.329070518200751e-15
151185853 4.440892098500626e-15
151239446 5.329070518200751e-15
151293039 4.440892098500626e-15
151346632 5.329070518200751e-15
151400225 4.440892098500626e-15
151453818 5.329070518200751e-15
151507411 4.440892098500626e-15
151561004 5.329070518200751e-15
151614597 5.329070518200751e-15
151668190 5.329070518200751e-15
151721783 4.440892098500626e-15
151775376 5.329070518200751e-15
151828969 4.440892098500626e-15
151882562 5.329070518200751e-15
151936155 4.440892098500626e-15
151989748 5.329070518200751e-15
152043341 4.440892098500626e-15
152096934 5.329070518200751e-15
152150527 5.329070518200751e-15
152204120 5.329070518200751e-15
152257713 4.440892098500626e-15
152311306 5.329070518200751e-15
152364899 4.440892098500626e-15
152418492 5.329070518200751e-15
152472085 4.440892098500626e-15
152525678 5.329070518200751e-15
152579271 4.440892098500626e-15
152632864 5.329070518200751e-15
152686457 5.329070518200751e-15
152740050 5.329070518200751e-15
152793643 4.440892098500626e-15
152847236 5.329070518200751e-15
152900829 4.440892098500626e-15
152954422 5.329070518200751e-15
153008015 5.329070518200751e-15
153061608 5.329070518200751e-15
153115201 4.440892098500626e-15
153168794 5.329070518200751e-15
153222387 5.329070518200751e-15
153275980 5.329070518200751e-15
153329573 4.440892098500626e-15
153383166 5.329070518200751e-15
153436759 4.440892098500626e-15
153490352 5.329070518200751e-15
153543945 4.440892098500626e-15
153597538 5.329070518200751e-15
153651131 4.440892098500626e-15
153704724 5.329070518200751e-15
153758317 5.329070518200751e-15
153811910 5.329070518200751e-15
153865503 4.440892098500626e-15
153919096 5.329070518200751e-15
153972689 4.440892098500626e-15
154026282 5.329070518200751e-15
154079875 4.440892098500626e-15
154133468 5.329070518200751e-15
154187061 4.440892098500626e-15
154240654 5.329070518200751e-15
154294247 5.329070518200751e-15
154347840 5.329070518200751e-15
154401433 4.440892098500626e-15
154455026 5.329070518200751e-15
154508619 4.440892098500626e-15
154562212 5.329070518200751e-15
154615805 4.440892098500626e-15
154669398 5.329070518200751e-15
154722991 4.440892098500626e-15
154776584 5.329070518200751e-15
154830177 5.329070518200751e-15
154883770 5.329070518200751e-15
154937363 5.329070518200751e-15
154990956 5.329070518200751e-15
155044549 4.440892098500626e-15
155098142 5.329070518200751e-15
155151735 4.440892098500626e-15
155205328 5.329070518200751e-15
155258921 5.329070518200751e-15
155312514 5.329070518200751e-15
155366107 5.329070518200751e-15
155419700 5.329070518200751e-15
155473293 4.440892098500626e-15
155526886 5.329070518200751e-15
155580479 4.440892098500626e-15
155634072 5.329070518200751e-15
155687665 4.440892098500626e-15
155741258 5.329070518200751e-15
155794851 4.440892098500626e-15
155848444 5.329070518200751e-15
155902037 5.329070518200751e-15
155955630 5.329070518200751e-15
156009223 4.440892098500626e-15
156062816 5.329070518200751e-15
156116409 4.440892098500626e-15
156170002 5.329070518200751e-15
156223595 4.440892098500626e-15
156277188 5.329070518200751e-15
156330781 5.329070518200751e-15
156384374 5.329070518200751e-15
156437967 5.329070518200751e-15
156491560 5.329070518200751e-15
156545153 4.440892098500626e-15
156598746 5.329070518200751e-15
156652339 4.440892098500626e-15
156705932 5.329070518200751e-15
156759525 4.440892098500626e-15
156813118 5.329070518200751e-15
156866711 4.440892098500626e-15
156920304 5.329070518200751e-15
156973897 5.329070518200751e-15
157027490 5.329070518200751e-15
157081083 4.440892098500626e-15
157134676 5.329070518200751e-15
157188269 4.440892098500626e-15
157241862 5.329070518200751e-15
157295455 4.440892098500626e-15
157349048 5.329070518200751e-15
157402641 4.440892098500626e-15
157456234 5.329070518200751e-15
157509827 5.329070518200751e-15
157563420 5.329070518200751e-15
157617013 4.440892098500626e-15
157670606 5.329070518200751e-15
157724199 4.440892098500626e-15
157777792 5.329070518200751e-15
157831385 4.440892098500626e-15
157884978 5.329070518200751e-15
157938571 4.440892098500626e-15
157992164 5.329070518200751e-15
158045757 5.329070518200751e-15
158099350 5.329070518200751e-15
158152943 4.440892098500626e-15
158206536 5.329070518200751e-15
158260129 4.440892098500626e-15
158313722 5.329070518200751e-15
158367315 4.440892098500626e-15
158420908 5.329070518200751e-15
158474501 4.440892098500626e-15
158528094 5.329070518200751e-15
158581687 5.329070518200751e-15
158635280 5.329070518200751e-15
158688873 4.440892098500626e-15
158742466 5.329070518200751e-15
158796059 4.440892098500626e-15
158849652 5.329070518200751e-15
158903245 4.440892098500626e-15
158956838 5.329070518200751e-15
159010431 4.440892098500626e-15
159064024 5.329070518200751e-15
159117617 5.329070518200751e-15
159171210 5.329070518200751e-15
159224803 4.440892098500626e-15
159278396 5.329070518200751e-15
159331989 4.440892098500626e-15
159385582 5.329070518200751e-15
159439175 4.440892098500626e-15
159492768 5.329070518200751e-15
159546361 4.440892098500626e-15
159599954 5.329070518200751e-15
159653547 5.329070518200751e-15
159707140 5.329070518200751e-15
159760733 4.440892098500626e-15
159814326 5.329070518200751e-15
159867919 4.440892098500626e-15
159921512 5.329070518200751e-15
159975105 4.440892098500626e-15
160028698 5.329070518200751e-15
160082291 4.440892098500626e-15
160135884 5.329070518200751e-15
160189477 5.329070518200751e-15
160243070 5.329070518200751e-15
160296663 4.440892098500626e-15
160350256 5.329070518200751e-15
160403849 4.440892098500626e-15
160457442 5.329070518200751e-15
160511035 4.440892098500626e-15
160564628 5.329070518200751e-15
160618221 4.440892098500626e-15
160671814 5.329070518200751e-15
160725407 5.329070518200751e-15
160779000 5.329070518200751e-15
160832593 4.440892098500626e-15
160886186 5.329070518200751e-15
160939779 4.440892098500626e-15
160993372 5.329070518200751e-15
161046965 4.440892098500626e-15
161100558 5.329070518200751e-15
161154151 4.440892098500626e-15
161207744 5.329070518200751e-15
161261337 5.329070518200751e-15
161314930 5.329070518200751e-15
161368523 4.440892098500626e-15
161422116 5.329070518200751e-15
161475709 4.440892098500626e-15
161529302 5.329070518200751e-15
161582895 4.440892098500626e-15
161636488 5.329070518200751e-15
161690081 4.440892098500626e-15
161743674 5.329070518200751e-15
161797267 5.329070518200751e-15
161850860 5.329070518200751e-15
161904453 4.440892098500626e-15
161958046 5.329070518200751e-15
162011639 4.440892098500626e-15
162065232 5.329070518200751e-15
162118825 5.329070518200751e-15
162172418 5.329070518200751e-15
162226011 5.329070518200751e-15
162279604 5.329070518200751e-15
162333197 5.329070518200751e-15
162386790 5.329070518200751e-15
162440383 4.440892098500626e-15
162493976 5.329070518200751e-15
162547569 4.440892098500626e-15
162601162 5.329070518200751e-15
162654755 4.440892098500626e-15
162708348 5.329070518200751e-15
162761941 4.440892098500626e-15
162815534 5.329070518200751e-15
162869127 5.329070518200751e-15
162922720 5.329070518200751e-15
162976313 4.440892098500626e-15
163029906 5.329070518200751e-15
