0 12.952771166460309
53593 1.987632308739233
107186 0.9666613267176758
160779 0.5378681870967124
214372 0.3298316040402025
267965 0.26601018110658314
321558 0.20932547930985068
375151 0.16542842395034807
428744 0.13203368933667203
482337 0.1114806063020537
535930 0.09566595411651768
589523 0.0821605046290177
643116 0.07058279714055304
696709 0.06070844563469624
750302 0.05350896054720167
803895 0.04731611769936972
857488 0.04174889790323322
911081 0.03678618323850058
964674 0.032388499603584364
1018267 0.02853020498507952
1071860 0.025247229235470847
1125453 0.02234920217489389
1179046 0.01979348522035229
1232639 0.017789515205862028
1286232 0.016000339840197997
1339825 0.014399831489823267
1393418 0.01296942679087687
1447011 0.011691696746760627
1500604 0.010550554381846045
1554197 0.009532863340535824
1607790 0.008637454587320459
1661383 0.00783569006716256
1714976 0.007117346620694853
1768569 0.006494731156376332
1822162 0.005951222429300351
1875755 0.005459189226971528
1929348 0.005018933620165367
1982941 0.004622993600424508
2036534 0.004263269628357325
2090127 0.003936300671793624
2143720 0.0036389483171810344
2197313 0.00336837129829215
2250906 0.0031220005196519462
2304499 0.0029079405976625283
2358092 0.002720716020434777
2411685 0.0025484377203394137
2465278 0.002389837647088666
2518871 0.002243750721178106
2572464 0.002109108186692188
2626057 0.0019849309564972106
2679650 0.001875858844910594
2733243 0.0017807087777535757
2786836 0.0016920992587865225
2840429 0.0016111774241839988
2894022 0.001537903040394334
2947615 0.0014691703787592728
3001208 0.0014086540446267698
3054801 0.0013518610285978977
3108394 0.0012983113119975076
3161987 0.0012493212771721718
3215580 0.0012077956313617522
3269173 0.0011682069568346443
3322766 0.0011304420088290301
3376359 0.0010947854040671556
3429952 0.0010620162948782874
3483545 0.0010337592594849565
3537138 0.0010099529618409209
3590731 0.0009869025934681475
3644324 0.0009653896356740799
3697917 0.0009447980369011733
3751510 0.0009246306238046287
3805103 0.00090511415659561
3858696 0.00088677685217739
3912289 0.0008687390551754826
3965882 0.000852016947341605
4019475 0.0008361342990713672
4073068 0.0008204286887376344
4126661 0.0008049082407140251
4180254 0.0007895800980730061
4233847 0.000774725120956471
4287440 0.0007601198165265444
4341033 0.0007456981517409145
4394626 0.000731465541857157
4448219 0.0007174266527382178
4501812 0.0007035854539408637
4555405 0.000689945269112896
4608998 0.000676508823753863
4662591 0.0006635665462393914
4716184 0.0006509003148443271
4769777 0.0006384205548374267
4823370 0.0006261291303743532
4876963 0.0006140274541521495
4930556 0.0006023524313862189
4984149 0.0005908972719951
5037742 0.000579618974345622
5091335 0.000568518047327729
5144928 0.0005575946971691503
5198521 0.000546848853329493
5252114 0.0005362801926468846
5305707 0.0005258881618372402
5359300 0.0005156719984390767
5412893 0.0005056307502955965
5466486 0.0004957632936612305
5520079 0.0004860683500146068
5573672 0.00047654450165854345
5627265 0.0004671902061818417
5680858 0.0004580038098546124
5734451 0.0004489835600250264
5788044 0.0004401276165828666
5841637 0.00043143406254927963
5895230 0.0004229009138518175
5948823 0.00041452612833796365
6002416 0.0004063076140790045
6056009 0.0003982432370118194
6109602 0.00039033082796516294
6163195 0.0003825681891113514
6216788 0.00037495309988412606
6270381 0.00036748332240095494
6323974 0.0003601566064234535
6377567 0.0003529706938898147
6431160 0.0003459233230497516
6484753 0.0003390697952324606
6538346 0.0003323769251526998
6591939 0.0003258108368034557
6645532 0.00031936950431686595
6699125 0.00031305090633243493
6752718 0.00030685302843540263
6806311 0.0003007738653699535
6859904 0.0002948114230447163
6913497 0.0002889637203458417
6967090 0.00028322879077123664
7020683 0.00027760468390022885
7074276 0.000272089466710132
7127869 0.0002666812247520828
7181462 0.00026137806319606605
7235055 0.00025617810775613314
7288648 0.00025107950550377206
7342241 0.0002460804255797963
7395834 0.00024117905981100446
7449427 0.00023637362324058914
7503020 0.00023166235457800638
7556613 0.00022704351657598654
7610206 0.00022251539633940526
7663799 0.0002180763055726273
7717392 0.00021372458076988898
7770985 0.00020945858335358336
7824578 0.00020527669976509733
7878171 0.0002011773415120932
7931764 0.00019715894517599586
7985357 0.00019321997238375133
8038950 0.00018935890974603603
8092543 0.00018557426876626704
8146136 0.00018186458572204411
8199729 0.00017822842152248608
8253322 0.0001746643615431684
8306915 0.0001711710154413404
8360508 0.00016774701695337207
8414101 0.00016439102367602626
8467694 0.00016110171683366217
8521287 0.00015787780103277207
8574880 0.0001547180040053983
8628473 0.00015162107634277694
8682066 0.00014858579122037363
8735659 0.00014561094411569275
8789252 0.0001426953525195812
8842845 0.00013983785564242873
8896438 0.00013703731411566014
8950031 0.0001342926096899108
9003624 0.0001316026449299651
9057217 0.00012896634290791853
9110810 0.00012638264689445247
9164403 0.0001238505200493109
9217996 0.00012136894511132271
9271589 0.00011893692408833714
9325182 0.00011655347794784637
9378775 0.00011421764630818732
9432368 0.00011192848713123538
9485961 0.00010968507641646516
9539554 0.00010748650789696793
9593147 0.00010533189273747093
9646740 0.00010322035923483047
9700333 0.00010115105252095011
9753926 9.912313426856806e-05
9807519 9.713578239990694e-05
9861112 9.518819079837662e-05
9914705 9.327956902353135e-05
9968298 9.140914202932643e-05
10021891 8.957614988578527e-05
10075484 8.777984750417064e-05
10129077 8.601950436577278e-05
10182670 8.429440425431443e-05
10236263 8.26038449920543e-05
10289856 8.094713817962534e-05
10343449 7.932360893966872e-05
10397042 7.773259566425106e-05
10450635 7.61734497660739e-05
10504228 7.464553543353077e-05
10557821 7.314822938960484e-05
10611414 7.168092065455017e-05
10665007 7.024301031242214e-05
10718600 6.883391128142784e-05
10772193 6.745304808798182e-05
10825786 6.609985664467188e-05
10879379 6.477378403185394e-05
10932972 6.347428828299383e-05
10986565 6.22008381737614e-05
11040158 6.0952913014673815e-05
11093751 5.9730002447459796e-05
11147344 5.853160624497318e-05
11200937 5.7357234114624456e-05
11254530 5.62064055053841e-05
11308123 5.507864941820158e-05
11361716 5.397350421987475e-05
11415309 5.289051746028804e-05
11468902 5.182924569301084e-05
11522495 5.078925429915712e-05
11576088 4.977011731450813e-05
11629681 4.877141725985294e-05
11683274 4.7792744974428994e-05
11736867 4.683369945254756e-05
11790460 4.5893887683208165e-05
11844053 4.497292449277216e-05
11897646 4.407043239058189e-05
11951239 4.318604141750112e-05
12004832 4.231938899733421e-05
12058425 4.147011979106167e-05
12112018 4.063788555387377e-05
12165611 3.982234499489822e-05
12219204 3.9023163639674736e-05
12272797 3.824001369518316e-05
12326390 3.747257391757339e-05
12379983 3.672052948234129e-05
12433576 3.5983571857093645e-05
12487169 3.526139867672442e-05
12540762 3.455371362102739e-05
12594355 3.386022629467845e-05
12647948 3.318065210956324e-05
12701541 3.2514712169372066e-05
12755134 3.186213315646818e-05
12808727 3.1222647220943527e-05
12862320 3.05959918718594e-05
12915913 2.9981909870593904e-05
12969506 2.938014912630838e-05
13023099 2.879046259342353e-05
13076692 2.8212608171139866e-05
13130285 2.76463486049215e-05
13183878 2.7091451389909746e-05
13237471 2.6547688676234124e-05
13291064 2.6014837176219392e-05
13344657 2.549267807337068e-05
13398250 2.498099693320089e-05
13451843 2.4479583615780263e-05
13505436 2.3988232190045797e-05
13559029 2.3506740849776452e-05
13612622 2.3034911831250598e-05
13666215 2.2572551332511112e-05
13719808 2.211946943425549e-05
13773401 2.167548002226247e-05
13826994 2.1240400711389478e-05
13880587 2.0814052771039784e-05
13934180 2.0396261052146262e-05
13987773 1.998685391556461e-05
14041366 1.9585663161925462e-05
14094959 1.9192523962854348e-05
14148552 1.8807274793565965e-05
14202145 1.842975736679811e-05
14255738 1.8059816568067677e-05
14309331 1.7697300392193437e-05
14362924 1.7342059881105768e-05
14416517 1.6993949062874382e-05
14470110 1.6652824891960107e-05
14523703 1.6318547190658644e-05
14577296 1.599097859169814e-05
14630889 1.566998448200075e-05
14684482 1.5355432947541416e-05
14738075 1.5047194719319031e-05
14791668 1.4745143120413126e-05
14845261 1.4449154014073559e-05
14898854 1.4159105752864715e-05
14952447 1.387487912881671e-05
15006040 1.359635732457883e-05
15059633 1.3323425865529128e-05
15113226 1.3055972572860886e-05
15166819 1.2793887517590979e-05
15220412 1.2537062975515175e-05
15274005 1.228539338300489e-05
15327598 1.2038775293750337e-05
15381191 1.1797107336327024e-05
15434784 1.1560290172643378e-05
15488377 1.1328226457166181e-05
15541970 1.1100820797023609e-05
15595563 1.087797971285816e-05
15649156 1.0659611600493822e-05
15702749 1.0445626693340003e-05
15756342 1.0235937025577125e-05
15809935 1.0030456396059465e-05
15863528 9.829100332944878e-06
15917121 9.631786059023986e-06
15970714 9.438432457773327e-06
16024307 9.248960040040023e-06
16077900 9.063290911431722e-06
16131493 8.881348740350253e-06
16185086 8.703058726646468e-06
16238679 8.528347570930177e-06
16292272 8.357143444474074e-06
16345865 8.189375959728626e-06
16399458 8.024976141424639e-06
16453051 7.863876398250157e-06
16506644 7.706010495117806e-06
16560237 7.551313525944203e-06
16613830 7.3997218870173955e-06
16667423 7.251173250875183e-06
16721016 7.105606540700024e-06
16774609 6.962961905261557e-06
16828202 6.8231806943149106e-06
16881795 6.686205434518406e-06
16935388 6.551979805847824e-06
16988981 6.420448618436924e-06
17042574 6.2915577899229315e-06
17096167 6.165254323248692e-06
17149760 6.041486284863538e-06
17203353 5.920202783408091e-06
17256946 5.801353948813991e-06
17310539 5.684890911804665e-06
17364132 5.570765783825338e-06
17417725 5.458931637376363e-06
17471318 5.3493424867212536e-06
17524911 5.241953269006388e-06
17578504 5.136719825737631e-06
17632097 5.033598884651388e-06
17685690 4.932548041914828e-06
17739283 4.833525744723892e-06
17792876 4.736491274208465e-06
17846469 4.641404728731322e-06
17900062 4.548227007454119e-06
17953655 4.456919794311042e-06
18007248 4.367445542223904e-06
18060841 4.279767457710383e-06
18114434 4.193849485733701e-06
18168027 4.109656294904243e-06
18221620 4.027153262956126e-06
18275213 3.946306462513033e-06
18328806 3.867082647147652e-06
18382399 3.7894492377326533e-06
18435992 3.7133743090158808e-06
18489585 3.6388265765479114e-06
18543178 3.5657753837767953e-06
18596771 3.4941906894775995e-06
18650364 3.424043055397924e-06
18703957 3.3553036341586392e-06
18757550 3.287944157392064e-06
18811143 3.221936924125172e-06
18864736 3.1572547893987234e-06
18918329 3.0938711531041004e-06
18971922 3.0317599490486957e-06
19025515 2.9708956342478984e-06
19079108 2.9112531784200417e-06
19132701 2.8528080536908192e-06
19186294 2.795536224526685e-06
19239887 2.7394141378464954e-06
19293480 2.6844187133302604e-06
19347073 2.6305273339464683e-06
19400666 2.5777178366496317e-06
19454259 2.5259685032604125e-06
19507852 2.4752580515504437e-06
19561445 2.425565626484579e-06
19615038 2.3768707916463697e-06
19668631 2.3291535208422223e-06
19722224 2.282394189868399e-06
19775817 2.236573568441518e-06
19829410 2.19167281228041e-06
19883003 2.147673455386379e-06
19936596 2.104557402419528e-06
19990189 2.06230692128607e-06
20043782 2.0209046358255975e-06
20097375 1.9803335186876613e-06
20150968 1.940576884317414e-06
20204561 1.9016183820973805e-06
20258154 1.8634419896251895e-06
20311747 1.8260320061309464e-06
20365340 1.789373046019293e-06
20418933 1.753450032536798e-06
20472526 1.718248191587236e-06
20526119 1.6837530456301295e-06
20579712 1.6499504077633915e-06
20633305 1.6168263758736204e-06
20686898 1.584367326905008e-06
20740491 1.5525599112800343e-06
20794084 1.5213910473967085e-06
20847677 1.4908479162689236e-06
20901270 1.460917956224491e-06
20954863 1.4315888577627698e-06
21008456 1.4028485584927433e-06
21062049 1.374685238161302e-06
21115642 1.3470873137999204e-06
21169235 1.3200434349615407e-06
21222828 1.2935424790561176e-06
21276421 1.2675735467648774e-06
21330014 1.2421259575747055e-06
21383607 1.2171892453793215e-06
21437200 1.1927531541648054e-06
21490793 1.1688076338133013e-06
21544386 1.145342835954426e-06
21597979 1.1223491099198943e-06
21651572 1.0998169987725195e-06
21705165 1.0777372354288904e-06
21758758 1.0561007388310527e-06
21812351 1.0348986102216243e-06
21865944 1.0141221294900343e-06
21919537 9.937627515747057e-07
21973130 9.738121029558792e-07
22026723 9.54261978211102e-07
22080316 9.351043366429262e-07
22133909 9.16331298964285e-07
22187502 8.979351440697395e-07
22241095 8.799083058522606e-07
22294688 8.622433700943878e-07
22348281 8.449330714183686e-07
22401874 8.27970290303735e-07
22455467 8.113480501449957e-07
22509060 7.950595143973657e-07
22562653 7.790979837665139e-07
22616246 7.63456893437776e-07
22669839 7.481298103853822e-07
22723432 7.331104307363272e-07
22777025 7.183925771617802e-07
22830618 7.039701963500265e-07
22884211 6.898373565008761e-07
22937804 6.759882449020385e-07
22991397 6.624171655343365e-07
23044990 6.49118536726577e-07
23098583 6.360868888566091e-07
23152176 6.233168621120125e-07
23205769 6.108032042739884e-07
23259362 5.985407685732413e-07
23312955 5.865245115564861e-07
23366548 5.747494910141038e-07
23420141 5.632108639643928e-07
23473734 5.519038846488796e-07
23527327 5.408239025722975e-07
23580920 5.299663606108708e-07
23634513 5.193267931125761e-07
23688106 5.08900824096499e-07
23741699 4.98684165411642e-07
23795292 4.886726150045862e-07
23848885 4.788620551750104e-07
23902478 4.692484508869374e-07
23956071 4.59827848114892e-07
24009664 4.505963722115265e-07
24063257 4.415502263025676e-07
24116850 4.3268568976047653e-07
24170443 4.2399911663257295e-07
24224036 4.1548693416023144e-07
24277629 4.071456413223644e-07
24331222 3.989718073830247e-07
24384815 3.909620704648127e-07
24438408 3.8311313618668436e-07
24492001 3.7542177631997437e-07
24545594 3.678848274314087e-07
24599187 3.604991895859652e-07
24652780 3.532618251022093e-07
24706373 3.461697572731525e-07
24759966 3.392200691430553e-07
24813559 3.324099023286828e-07
24867152 3.2573645582624836e-07
24920745 3.1919698485869015e-07
24974338 3.1278879975807534e-07
25027931 3.0650926485429296e-07
25081524 3.0035579737827493e-07
25135117 2.9432587419185585e-07
25188710 2.884170343907255e-07
25242303 2.8262681855441285e-07
25295896 2.7695284526060154e-07
25349489 2.7139278090636265e-07
25403082 2.659443387254337e-07
25456675 2.6060527786187643e-07
25510268 2.5537340243766277e-07
25563861 2.502465606688334e-07
25617454 2.4522264395736987e-07
25671047 2.402995860351087e-07
25724640 2.354753621224004e-07
25778233 2.3074798807982966e-07
25831826 2.2611551959983434e-07
25885419 2.2157605140613046e-07
25939012 2.1712771647395407e-07
25992605 2.1276868526071135e-07
26046198 2.0849716494270032e-07
26099791 2.0431139869780263e-07
26153384 2.002096649638893e-07
26206977 1.961902767423293e-07
26260570 1.922515809049674e-07
26314163 1.8839195750630644e-07
26367756 1.8460981911650604e-07
26421349 1.8090361018213708e-07
26474942 1.77271806374793e-07
26528535 1.7371291397005884e-07
26582128 1.7022546921867387e-07
26635721 1.66808037774073e-07
26689314 1.6345921407309033e-07
26742907 1.6017762076436792e-07
26796500 1.5696190816451988e-07
26850093 1.5381075367179586e-07
26903686 1.5072286123872514e-07
26957279 1.4769696083608702e-07
27010872 1.4473180793422857e-07
27064465 1.4182618298871907e-07
27118058 1.3897889093034133e-07
27171651 1.361887606854406e-07
27225244 1.3345464469800838e-07
27278837 1.3077541843268398e-07
27332430 1.281499799445432e-07
27386023 1.2557724940465143e-07
27439616 1.2305616866378072e-07
27493209 1.2058570081178999e-07
27546802 1.1816482976042403e-07
27600395 1.1579255981657155e-07
27653988 1.1346791527373778e-07
27707581 1.1118994002086435e-07
27761174 1.0895769713466924e-07
27814767 1.06770268498875e-07
27868360 1.0462675443991681e-07
27921953 1.0252627333142555e-07
27975546 1.004679612602935e-07
28029139 9.845097164763728e-08
28082732 9.647447490965938e-08
28136325 9.453765812284659e-08
28189918 9.263972467962733e-08
28243511 9.077989396658048e-08
28297104 8.895740103570526e-08
28350697 8.717149631385507e-08
28404290 8.54214452479865e-08
28457883 8.37065280536245e-08
28511476 8.202603939046899e-08
28565069 8.03792880752982e-08
28618662 7.876559680094347e-08
28672255 7.71843018639376e-08
28725848 7.563475287828553e-08
28779441 7.411631251872525e-08
28833034 7.262835624837621e-08
28886627 7.117027208194959e-08
28940220 6.974146030038625e-08
28993813 6.83413332478941e-08
29047406 6.696931505005554e-08
29100999 6.562484138918079e-08
29154592 6.430735929267156e-08
29208185 6.301632688148623e-08
29261778 6.175121315329934e-08
29315371 6.05114977708654e-08
29368964 5.92966708330353e-08
29422557 5.810623268827364e-08
29476150 5.6939693711746675e-08
29529743 5.579657410409444e-08
29583336 5.46764036997438e-08
29636929 5.357872177175205e-08
29690522 5.250307684879357e-08
29744115 5.1449026515666685e-08
29797708 5.041613724329069e-08
29851301 4.9403984200488416e-08
29904894 4.841215109005481e-08
29958487 4.744022997528463e-08
30012080 4.648782109956118e-08
30065673 4.555453273890481e-08
30119266 4.463998103457212e-08
30172859 4.374378982999194e-08
30226452 4.2865590518109675e-08
30280045 4.200502189480315e-08
30333638 4.11617300122985e-08
30387231 4.033536802477977e-08
30440824 3.952559604267214e-08
30494417 3.8732081011211283e-08
30548010 3.795449655692035e-08
30601603 3.719252286010777e-08
30655196 3.6445846514354674e-08
30708789 3.571416041635994e-08
30762382 3.499716362109079e-08
30815975 3.429456123162783e-08
30869568 3.360606425778512e-08
30923161 3.293138953024133e-08
30976754 3.227025954614937e-08
31030347 3.162240238933911e-08
31083940 3.098755158980476e-08
31137533 3.036544603436664e-08
31191126 2.9755829851312032e-08
31244719 2.9158452302842364e-08
31298312 2.857306768966339e-08
31351905 2.79994352399629e-08
31405498 2.743731902007246e-08
31459091 2.688648782691455e-08
31512684 2.63467151082053e-08
31566277 2.5817778849697437e-08
31619870 2.5299461500587206e-08
31673463 2.4791549880706643e-08
31727056 2.429383507904226e-08
31780649 2.3806112386948186e-08
31834242 2.332818120447111e-08
31887835 2.285984495708354e-08
31941428 2.2400911015019176e-08
31995021 2.195119062128187e-08
32048614 2.1510498805776823e-08
32102207 2.107865430464595e-08
32155800 2.0655479509960883e-08
32209393 2.0240800358700684e-08
32262986 1.983444629719e-08
32316579 1.943625019262818e-08
32370172 1.9046048264567683e-08
32423765 1.8663680023331408e-08
32477358 1.828898819802166e-08
32530951 1.7921818677539558e-08
32584544 1.7562020449002347e-08
32638137 1.720944551794612e-08
32691730 1.6863948878835522e-08
32745323 1.6525388422256038e-08
32798916 1.6193624897617442e-08
32852509 1.58685218541732e-08
32906102 1.5549945573366253e-08
32959695 1.523776502199148e-08
33013288 1.493185180796025e-08
33066881 1.4632080094431621e-08
33120474 1.4338326599812323e-08
33174067 1.4050470494540723e-08
33227660 1.3768393380270139e-08
33281253 1.349197924563339e-08
33334846 1.3221114396853861e-08
33388439 1.2955687425653117e-08
33442032 1.269558915894392e-08
33495625 1.2440712625870487e-08
33549218 1.2190952987552184e-08
33602811 1.1946207522338381e-08
33656404 1.1706375562491045e-08
33709997 1.1471358465561798e-08
33763590 1.1241059570156475e-08
33817183 1.1015384153434393e-08
33870776 1.0794239391209715e-08
33924369 1.057753433019587e-08
33977962 1.0365179836831218e-08
34031555 1.015708856692138e-08
34085148 9.953174937016307e-09
34138741 9.753355073235936e-09
34192334 9.557546792188232e-09
34245927 9.36566955413165e-09
34299520 9.177644445627908e-09
34353113 8.993394123163467e-09
34406706 8.812842807078003e-09
34460299 8.63591623993104e-09
34513892 8.462541649205402e-09
34567485 8.292647723888436e-09
34621078 8.12616458411436e-09
34674671 7.9630237620823e-09
34728264 7.803158153484036e-09
34781857 7.646502005360933e-09
34835450 7.492990881409478e-09
34889043 7.342561648103485e-09
34942636 7.195152428723928e-09
34996229 7.050702598154768e-09
35049822 6.909152737780144e-09
35103415 6.770444634617012e-09
35157008 6.634521231875523e-09
35210601 6.5013266254895785e-09
35264194 6.370806032891807e-09
35317787 6.2429057730642445e-09
35371380 6.117573235313312e-09
35424973 5.994756874065643e-09
35478566 5.874406170704172e-09
35532159 5.7564716274965955e-09
35585752 5.640904738105079e-09
35639345 5.527657967636934e-09
35692938 5.416684740501554e-09
35746531 5.307939410052753e-09
35800124 5.201377250782513e-09
35853717 5.09695442883068e-09
35907310 4.994628000250245e-09
35960903 4.894355880649681e-09
36014496 4.796096818304729e-09
36068089 4.699810405434102e-09
36121682 4.605457038300842e-09
36175275 4.5129979076713456e-09
36228868 4.4223949901417425e-09
36282461 4.333611010841343e-09
36336054 4.246609460779871e-09
36389647 4.161354550877294e-09
36443240 4.077811219770078e-09
36496833 3.9959451060556095e-09
36550426 3.915722531812327e-09
36604019 3.837110507803887e-09
36657612 3.760076695315251e-09
36711205 3.6845894165610238e-09
36764798 3.6106176199909856e-09
36818391 3.5381308802900913e-09
36871984 3.4670993818985973e-09
36925577 3.39749391294053e-09
36979170 3.329285840937557e-09
37032763 3.2624471180131565e-09
37086356 3.1969502444634257e-09
37139949 3.132768289573762e-09
37193542 3.0698748473834137e-09
37247135 3.008244054032716e-09
37300728 2.947850564344323e-09
37354321 2.888669530139165e-09
37407914 2.8306766158489594e-09
37461507 2.7738479646891023e-09
37515100 2.7181602064649257e-09
37568693 2.663590435020291e-09
37622286 2.610116206502866e-09
37675879 2.557715528955784e-09
37729472 2.506366842368324e-09
37783065 2.4560490334210594e-09
37836658 2.4067414068629223e-09
37890251 2.358423675102861e-09
37943844 2.311075973822352e-09
37997437 2.2646788238114834e-09
38051030 2.2192131405099347e-09
38104623 2.1746602305375284e-09
38158216 2.131001759601847e-09
38211809 2.0882197793864465e-09
38265402 2.046296687652216e-09
38318995 2.0052152464519746e-09
38372588 1.9649585526401725e-09
38426181 1.9255100543527637e-09
38479774 1.8868535232516304e-09
38533367 1.848973061463477e-09
38586960 1.8118530859673188e-09
38640553 1.7754783346660141e-09
38694146 1.7398338368959654e-09
38747739 1.704904939447971e-09
38801332 1.6706772796790115e-09
38854925 1.6371367664302916e-09
38908518 1.604269616456433e-09
38962111 1.572062308455302e-09
39015704 1.5405015908742659e-09
39069297 1.5095744897164476e-09
39122890 1.4792682781830657e-09
39176483 1.4495704948880306e-09
39230076 1.4204689221739009e-09
39283669 1.3919515956528627e-09
39337262 1.3640067816553247e-09
39390855 1.336622989372982e-09
39444448 1.309788951776858e-09
39498041 1.2834936325561985e-09
39551634 1.2577262200469397e-09
39605227 1.2324761133539197e-09
39658820 1.2077329292897732e-09
39712413 1.183486488497143e-09
39766006 1.159726820652851e-09
39819599 1.1364441471206632e-09
39873192 1.1136289009006095e-09
39926785 1.0912716928018762e-09
39980378 1.0693633261879554e-09
40033971 1.0478947926398363e-09
40087564 1.026857259812941e-09
40141157 1.0062420757739332e-09
40194750 9.860407698680795e-10
40248343 9.662450154226954e-10
40301936 9.468466869930192e-10
40355529 9.27837797044806e-10
40409122 9.092105289140728e-10
40462715 8.909572203272265e-10
40516308 8.730703677378715e-10
40569901 8.555426133163846e-10
40623494 8.383667406131057e-10
40677087 8.215356962423814e-10
40730680 8.050425473818401e-10
40784273 7.888805155994993e-10
40837866 7.730429551697227e-10
40891459 7.575233487364108e-10
40945052 7.423153116498105e-10
40998645 7.274125937012377e-10
41052238 7.128090600411197e-10
41105831 6.984987085262295e-10
41159424 6.844756515050898e-10
41213017 6.707341201547812e-10
41266610 6.572684627462189e-10
41320203 6.44073147246238e-10
41373796 6.311427352967414e-10
41427389 6.184719186438925e-10
41480982 6.060554792394757e-10
41534575 5.938883109249393e-10
41588168 5.819654116251405e-10
41641761 5.702818746747274e-10
41695354 5.588329009612036e-10
41748947 5.476137737714382e-10
41802540 5.3661988134307e-10
41856133 5.258467038540826e-10
41909726 5.152898056165478e-10
41963319 5.049448498217757e-10
42016912 4.948075794583562e-10
42070505 4.848738233836913e-10
42124098 4.751395015281656e-10
42177691 4.6560060147637916e-10
42231284 4.562532053553614e-10
42284877 4.4709346815052786e-10
42338470 4.381176237772122e-10
42392063 4.2932197467232536e-10
42445656 4.2070290827422863e-10
42499249 4.122568788081371e-10
42552842 4.0398040988820494e-10
42606435 3.958701014564192e-10
42660028 3.8792261330272693e-10
42713621 3.801346824122698e-10
42767214 3.725030995466172e-10
42820807 3.6502473092780985e-10
42874400 3.576964939522309e-10
42927993 3.505153814767348e-10
42981586 3.4347843406307144e-10
43035179 3.365827659987386e-10
43088772 3.298255288677887e-10
43142365 3.232039540515541e-10
43195958 3.1671531196264535e-10
43249551 3.1035693633107986e-10
43303144 3.041262103264941e-10
43356737 2.9802057523176106e-10
43410330 2.9203751656520227e-10
43463923 2.861745727542053e-10
43517516 2.804293342678621e-10
43571109 2.747994340759896e-10
43624702 2.692825597921944e-10
43678295 2.638764476023403e-10
43731888 2.58578864049952e-10
43785481 2.5338763465915237e-10
43839074 2.483006274547894e-10
43892667 2.4331574342145723e-10
43946260 2.3843093818753935e-10
43999853 2.3364419947380366e-10
44053446 2.2895355923646665e-10
44107039 2.2435709019774652e-10
44160632 2.198528980396075e-10
44214225 2.1543913007737725e-10
44267818 2.1111397786183206e-10
44321411 2.068756528930682e-10
44375004 2.0272241697816273e-10
44428597 1.9865256401657705e-10
44482190 1.946644173980716e-10
44535783 1.9075633347215293e-10
44589376 1.8692670848696746e-10
44642969 1.8317397078304598e-10
44696562 1.7949657125232443e-10
44750155 1.758929980832935e-10
44803748 1.7236177068946645e-10
44857341 1.689014353725704e-10
44910934 1.655105705267168e-10
44964527 1.6218777969950748e-10
45018120 1.589317011330138e-10
45071713 1.557409886818184e-10
45125306 1.5261433349705866e-10
45178899 1.4955044754655367e-10
45232492 1.465480748905068e-10
45286085 1.436059760689945e-10
45339678 1.4072294284711573e-10
45393271 1.3789778867401292e-10
45446864 1.351293538870424e-10
45500457 1.3241649703815694e-10
45554050 1.2975810616960848e-10
45607643 1.2715308146671322e-10
45661236 1.2460035780925693e-10
45714829 1.220988804853662e-10
45768422 1.1964762340610502e-10
45822015 1.1724557782977207e-10
45875608 1.1489175496398607e-10
45929201 1.1258519030249436e-10
45982794 1.1032493148210865e-10
46036387 1.0811004782368405e-10
46089980 1.0593962946475743e-10
46143573 1.0381278735954735e-10
46197166 1.0172864373797497e-10
46250759 9.968633904455793e-11
46304352 9.76850345404956e-11
46357945 9.572391056894558e-11
46411538 9.380215788140633e-11
46465131 9.191898631133455e-11
46518724 9.007362043733647e-11
46572317 8.826530305261482e-11
46625910 8.649329169552189e-11
46679503 8.475685344538908e-11
46733096 8.305527446350602e-11
46786689 8.13878556563119e-11
46840282 7.975391267539544e-11
46893875 7.815277505013318e-11
46947468 7.658378098351903e-11
47001061 7.504628342369646e-11
47054654 7.353965440076715e-11
47108247 7.206327288372671e-11
47161840 7.061653171935856e-11
47215433 6.91988332954252e-11
47269026 6.780959994900915e-11
47322619 6.644825488455464e-11
47376212 6.511423778637893e-11
47429805 6.380700568603404e-11
47483398 6.252601734979546e-11
47536991 6.127074281964129e-11
47590584 6.004067295423132e-11
47644177 5.883529687750189e-11
47697770 5.7654120193262326e-11
47751363 5.649665631157763e-11
47804956 5.536243078557712e-11
47858549 5.425097350519881e-11
47912142 5.31618325749772e-11
47965735 5.209455436472332e-11
48019328 5.1048702591482975e-11
48072921 5.002384877855759e-11
48126514 4.90195713881425e-11
48180107 4.803545408660348e-11
48233700 4.7071094418094095e-11
48287293 4.6126097733023563e-11
48340886 4.520006851443936e-11
48394479 4.429263292943242e-11
48448072 4.340341367564671e-11
48501665 4.253204646115227e-11
48555258 4.167817219818959e-11
48608851 4.084144307470172e-11
48662444 4.002151041127e-11
48716037 3.921803853890182e-11
48769630 3.843069872749849e-11
48823223 3.765916484904652e-11
48876816 3.690311597970286e-11
48930409 3.616224941022095e-11
48984002 3.54362572271838e-11
49037595 3.472483758870659e-11
49091188 3.4027703398054054e-11
49144781 3.334456322168222e-11
49198374 3.26751386364732e-11
49251967 3.2019150351947356e-11
49305560 3.137633555749808e-11
49359153 3.074642276890138e-11
49412746 3.012915958389151e-11
49466339 2.952428579394706e-11
49519932 2.89315585377814e-11
49573525 2.835072714785225e-11
49627118 2.778156003857557e-11
49680711 2.722381521602646e-11
49734304 2.667727150296173e-11
49787897 2.614169818115908e-11
49841490 2.561687754282227e-11
49895083 2.5102591880155067e-11
49948676 2.4598633026340355e-11
50002269 2.410479107983754e-11
50055862 2.3620861343276456e-11
50109455 2.314665126235127e-11
50163048 2.2681960476500507e-11
50216641 2.2226596431418333e-11
50270234 2.1780375246416295e-11
50323827 2.134311304080594e-11
50377420 2.0914628535984026e-11
50431013 2.0494745657517743e-11
50484606 2.0083295269868184e-11
50538199 1.9680102165964275e-11
50591792 1.928500501652275e-11
50645385 1.8897836420728176e-11
50698978 1.8518445457638144e-11
50752571 1.814666993060765e-11
50806164 1.7782355449247333e-11
50859757 1.7425359766232162e-11
50913350 1.7075527623811038e-11
50966943 1.6732719376744143e-11
51020536 1.639679191034471e-11
51074129 1.606761078354335e-11
51127722 1.5745038085823726e-11
51181315 1.5428940243478184e-11
51234908 1.5119187152246027e-11
51288501 1.4815657381483938e-11
51342094 1.4518216490122526e-11
51395687 1.4226746516965427e-11
51449280 1.3941132970263226e-11
51502873 1.3661250082563914e-11
51556466 1.3386988566288505e-11
51610059 1.3118228725517156e-11
51663652 1.2854869946288261e-11
51717245 1.2596795134767191e-11
51770838 1.2343901074907127e-11
51824431 1.2096085418022984e-11
51878024 1.1853242345982729e-11
51931617 1.1615278183718658e-11
51985210 1.138209058254569e-11
52038803 1.1153582397949169e-11
52092396 1.0929666026393559e-11
52145989 1.0710242588640728e-11
52199582 1.0495221879069927e-11
52253175 1.028451976359257e-11
52306768 1.0078049506034858e-11
52360361 9.875722635499518e-12
52413954 9.677454150536224e-12
52467547 9.483172927482464e-12
52521140 9.292785291270533e-12
52574733 9.106226189770084e-12
52628326 8.923408886807316e-12
52681919 8.744262258719715e-12
52735512 8.568711712397814e-12
52789105 8.39668525681736e-12
52842698 8.228113503039314e-12
52896291 8.062927062124636e-12
52949884 7.90105567777255e-12
53003477 7.742435165214445e-12
53057070 7.586998737596495e-12
53110663 7.434683944873566e-12
53164256 7.285424000191831e-12
53217849 7.139159922953109e-12
53271442 6.995835334644429e-12
53325035 6.855386050497181e-12
53378628 6.717756559360133e-12
53432221 6.582890482720316e-12
53485814 6.450732309426499e-12
53539407 6.3212273956891885e-12
53593000 6.194322832442367e-12
53646593 6.069966577981756e-12
53700186 5.948107457964813e-12
53753779 5.8286908286020456e-12
53807372 5.711674189168292e-12
53860965 5.597006365321011e-12
53914558 5.4846413868880894e-12
53968151 5.3745315489739376e-12
54021744 5.266632616129918e-12
54075337 5.160900352907394e-12
54128930 5.057289656495989e-12
54182523 4.9557597608940185e-12
54236116 4.856267298014583e-12
54289709 4.758774971302948e-12
54343302 4.6632350758635255e-12
54396895 4.569618121397223e-12
54450488 4.477876403008452e-12
54504081 4.3879804303981196e-12
54557674 4.299887702841065e-12
54611267 4.2135617911442935e-12
54664860 4.1289706029234985e-12
54718453 4.046077708985685e-12
54772046 3.964849282223071e-12
54825639 3.885248893442661e-12
54879232 3.80724878706884e-12
54932825 3.730815135993826e-12
54986418 3.655915847833313e-12
55040011 3.5825179628412585e-12
55093604 3.51059632752726e-12
55147197 3.4401197168687503e-12
55200790 3.3710525690344717e-12
55254383 3.3033758020661885e-12
55307976 3.237059925664809e-12
55361569 3.17207198008429e-12
55415162 3.1083885465577055e-12
55468755 3.0459853389563918e-12
55522348 2.9848319996195194e-12
55575941 2.9249103139505905e-12
55629534 2.8661899242887756e-12
55683127 2.808650013952363e-12
55736720 2.7522636947274748e-12
55790313 2.6970058131237096e-12
55843906 2.6428633587149974e-12
55897499 2.589805973840509e-12
55951092 2.537811974456794e-12
56004685 2.486861411243879e-12
56058278 2.4369369369670046e-12
56111871 2.3880125307740308e-12
56165464 2.3400691107067217e-12
56219057 2.293091931615532e-12
56272650 2.2470532379248453e-12
56326243 2.2019443560172824e-12
56379836 2.1577366629554895e-12
56433429 2.1144180156751347e-12
56487022 2.0719675974945062e-12
56540615 2.0303732653492723e-12
56594208 1.9896098657490313e-12
56647801 1.9496678577146653e-12
56701394 1.9105238224792487e-12
56754987 1.8721690864254015e-12
56808580 1.834585434956626e-12
56862173 1.7977537861146864e-12
56915766 1.761661996835251e-12
56969359 1.7262935872452978e-12
57022952 1.6916346795570192e-12
57076545 1.6576757327912972e-12
57130138 1.6243941955429442e-12
57183731 1.5917857310032701e-12
57237324 1.5598269204053494e-12
57290917 1.528512559578754e-12
57344510 1.4978279033739383e-12
57398103 1.4677547371944044e-12
57451696 1.4382895915932004e-12
57505289 1.4094142519738284e-12
57558882 1.3811183099954327e-12
57612475 1.3533913573171574e-12
57666068 1.3262195161511947e-12
57719661 1.2995949802419027e-12
57773254 1.2735030044397355e-12
57826847 1.2479383845742653e-12
57880440 1.2228863754959463e-12
57934033 1.1983348341404465e-12
57987626 1.1742750868903862e-12
58041219 1.1507027969370753e-12
58094812 1.1276006170457542e-12
58148405 1.1049633430459949e-12
58201998 1.0827788318734655e-12
58255591 1.061041879357738e-12
58309184 1.0397420771579569e-12
58362777 1.018866414848052e-12
58416370 9.984105556193335e-13
58469963 9.783675605778974e-13
58523556 9.58724419297674e-13
58577149 9.394785296934494e-13
58630742 9.206168813391535e-13
58684335 9.021368721495726e-13
58737928 8.840246243368988e-13
58791521 8.662758010924421e-13
58845114 8.488834635222986e-13
58898707 8.318432748177784e-13
58952300 8.151430919145497e-13
59005893 7.987777106421845e-13
59059486 7.827401921067789e-13
59113079 7.67027066861381e-13
59166672 7.516296612886109e-13
59220265 7.365401691328266e-13
59273858 7.217533862236003e-13
59327451 7.072615063052901e-13
59381044 6.930636620161579e-13
59434637 6.791511797388239e-13
59488230 6.655153858559082e-13
59541823 6.521536782821968e-13
59595416 6.390625875707379e-13
59649009 6.262308380189374e-13
59702602 6.136592969885335e-13
59756195 6.013401582238842e-13
59809788 5.892664828310856e-13
59863381 5.774348013631858e-13
59916974 5.658433790967088e-13
59970567 5.544852771377506e-13
60024160 5.433535565924075e-13
60077753 5.324447480137273e-13
60131346 5.217545145930202e-13
60184939 5.112811216068103e-13
60238532 5.010150280759795e-13
60292125 4.90957968724004e-13
60345718 4.811012699335038e-13
60399311 4.714431969810029e-13
60452904 4.619776783343355e-13
60506497 4.5270211190828746e-13
60560090 4.4361563034112095e-13
60613683 4.34710427377194e-13
60667276 4.259812988460787e-13
60720869 4.1743084683298903e-13
60774462 4.090486629970691e-13
60828055 4.008364820617949e-13
60881648 3.9279083458021447e-13
60935241 3.849052153392929e-13
60988834 3.771774559346852e-13
61042427 3.6960452060030846e-13
61096020 3.621820725274727e-13
61149613 3.549122801205229e-13
61203206 3.4778690344294816e-13
61256799 3.408046414521415e-13
61310392 3.339631089033235e-13
61363985 3.272590531899766e-13
61417578 3.2068878802471446e-13
61471171 3.1425036184362654e-13
61524764 3.079420399232369e-13
61578357 3.0175775073137956e-13
61631950 2.9570183107674453e-13
61685543 2.897647399802139e-13
61739136 2.839471279630912e-13
61792729 2.782479108232039e-13
61846322 2.7266210123055856e-13
61899915 2.6718839814254824e-13
61953508 2.6182528367613145e-13
62007101 2.5656646945870776e-13
62060694 2.5141520809679463e-13
62114287 2.463697648669161e-13
62167880 2.414232008751682e-13
62221473 2.36577250845027e-13
62275066 2.318275779678025e-13
62328659 2.2717158015828076e-13
62382252 2.226127268634137e-13
62435845 2.181414771040835e-13
62489438 2.1376303505071803e-13
62543031 2.094726302137584e-13
62596624 2.0526722682712162e-13
62650217 2.0114465648646274e-13
62703810 1.971079549578647e-13
62757403 1.931510507091616e-13
62810996 1.8927307637861546e-13
62864589 1.8547229724275027e-13
62918182 1.8174893014200055e-13
62971775 1.7810058983158683e-13
63025368 1.7452575842846763e-13
63078961 1.7102378541133945e-13
63132554 1.6758816556716738e-13
63186147 1.6422280202377237e-13
63239740 1.6092769478115443e-13
63293333 1.5769503758367165e-13
63346926 1.5452916724001398e-13
63400519 1.5142661430322946e-13
63454112 1.483865114115801e-13
63507705 1.4540712384158994e-13
63561298 1.4248845159325896e-13
63614891 1.3962962730484918e-13
63668484 1.3682566364636717e-13
63722077 1.3408111426693736e-13
63775670 1.313862213470074e-13
63829263 1.2875030902526063e-13
63882856 1.261642700034482e-13
63936449 1.236302726859151e-13
63990042 1.2114961811526825e-13
64043635 1.1871796948281776e-13
64097228 1.1633229102248066e-13
64150821 1.1399735322381588e-13
64204414 1.1171098768247845e-13
64258007 1.0946538814282647e-13
64311600 1.0726836086050184e-13
64365193 1.0511556902681463e-13
64418786 1.0300701264176482e-13
64472379 1.0093835489666247e-13
64525972 9.891046315324559e-14
64579565 9.692507213499013e-14
64633158 9.497871239494415e-14
64686751 9.307311865658363e-14
64740344 9.120330358991513e-14
64793937 8.937208612058711e-14
64847530 8.75775146846891e-14
64901123 8.581937244178661e-14
64954716 8.409722571101064e-14
65008309 8.240890608801621e-14
65061902 8.075397989193434e-14
65115495 7.913461552710999e-14
65169088 7.754387409963925e-14
65222681 7.598782714168806e-14
65276274 7.446127048282847e-14
65329867 7.296854093175043e-14
65383460 7.150269959455002e-14
65437053 7.006721591817922e-14
65490646 6.865862045568605e-14
65544239 6.728385210097443e-14
65597832 6.593163515145051e-14
65651425 6.460717377754222e-14
65705018 6.331328690489801e-14
65758611 6.204065039483453e-14
65812204 6.079446841777969e-14
65865797 5.957560833547149e-14
65919390 5.83777817753095e-14
65972983 5.720684342902516e-14
66026576 5.605845648792851e-14
66080169 5.493262095201956e-14
66133762 5.38302041830363e-14
66187355 5.274947145750275e-14
66240948 5.168955541368092e-14
66294541 5.065240761548129e-14
66348134 4.963629333942787e-14
66401727 4.8639911542913694e-14
66455320 4.766499694941473e-14
66508913 4.670656222893754e-14
66562506 4.576829366886859e-14
66616099 4.484954074790437e-14
66669692 4.394835190213442e-14
66723285 4.306797973807619e-14
66776878 4.2200618000087786e-14
66830471 4.135494030554909e-14
66884064 4.052574248403218e-14
66937657 3.971128981206107e-14
66991250 3.8912666491808245e-14
67044843 3.8131824087184185e-14
67098436 3.7366811034278413e-14
67152029 3.661741049265643e-14
67205622 3.5882755100580255e-14
67259215 3.5160242772835915e-14
67312808 3.445594504158933e-14
67366401 3.3763790374674585e-14
67419994 3.3083778772091677e-14
67473587 3.242176492557203e-14
67527180 3.177146046251522e-14
67580773 3.113351590422475e-14
67634366 3.050771441026612e-14
67687959 2.98955738636808e-14
67741552 2.929601006229632e-14
67795145 2.870793880394018e-14
67848738 2.8133745333391857e-14
67902331 2.756735811848543e-14
67955924 2.7012246606172852e-14
68009517 2.6472747605144065e-14
68063110 2.5938452774543208e-14
68116703 2.5418035731750166e-14
68170296 2.4908894391550973e-14
68223889 2.4408209828297167e-14
68277482 2.3918367286768216e-14
68331075 2.3436981522184652e-14
68384668 2.2966871460194938e-14
68438261 2.2506302377323095e-14
68491854 2.205353955009315e-14
68545447 2.1611185063719063e-14
68599040 2.1179238918200838e-14
68652633 2.0752496943110543e-14
68706226 2.0337030670614098e-14
68759819 1.9929370653759548e-14
68813412 1.9527782169070917e-14
68867005 1.9136602025238147e-14
68920598 1.8752143934874788e-14
68974191 1.837505841928433e-14
69027784 1.8009031765853223e-14
69081377 1.764647455937407e-14
69134970 1.72925909702748e-14
69188563 1.6944778913341452e-14
69242156 1.6604773112049998e-14
69295749 1.6269104119448485e-14
69349342 1.5942976105964846e-14
69402935 1.5622052262909136e-14
69456528 1.53106693989713e-14
69510121 1.5002755981985416e-14
69563714 1.4702215139772434e-14
69617307 1.4406011106249395e-14
69670900 1.4117396487933753e-14
69724493 1.3833552359177048e-14
69778086 1.3554261879544782e-14
69831679 1.32836450172924e-14
69885272 1.3016280761557475e-14
69938865 1.2756289080595451e-14
69992458 1.2498682644412895e-14
70046051 1.2248015102134246e-14
70099644 1.2003635932456014e-14
70153237 1.1760557805384764e-14
70206830 1.1524635412651918e-14
70260423 1.1293049828609014e-14
70314016 1.1064825271300816e-14
70367609 1.0842889086593033e-14
70421202 1.0626048652095932e-14
70474795 1.041527974976475e-14
70528388 1.0204727687868065e-14
70581981 9.999813477268304e-15
70635574 9.798585554054995e-15
70689167 9.601694439531627e-15
70742760 9.41000749543619e-15
70796353 9.221139476989215e-15
70849946 1.0658141036401503e-14
70903539 8.8557633448616e-15
70957132 8.881784197001252e-15
71010725 8.504481840976297e-15
71064318 8.331876855116604e-15
71117911 8.167078124898808e-15
71171504 8.881784197001252e-15
71225097 8.881784197001252e-15
71278690 7.683090275101279e-15
71332283 7.529350407042834e-15
71385876 7.376911581591372e-15
71439469 8.881784197001252e-15
71493062 7.105427357601002e-15
71546655 8.881784197001252e-15
71600248 1.0658141036401503e-14
71653841 7.105427357601002e-15
71707434 7.105427357601002e-15
71761027 8.881784197001252e-15
71814620 8.881784197001252e-15
71868213 7.105427357601002e-15
71921806 7.105427357601002e-15
71975399 8.881784197001252e-15
72028992 7.105427357601002e-15
72082585 8.881784197001252e-15
72136178 7.105427357601002e-15
72189771 7.105427357601002e-15
72243364 7.105427357601002e-15
72296957 8.881784197001252e-15
72350550 7.105427357601002e-15
72404143 8.881784197001252e-15
72457736 7.105427357601002e-15
72511329 7.105427357601002e-15
72564922 8.881784197001252e-15
72618515 7.105427357601002e-15
72672108 1.0658141036401503e-14
72725701 7.105427357601002e-15
72779294 8.881784197001252e-15
72832887 7.105427357601002e-15
72886480 7.105427357601002e-15
72940073 7.105427357601002e-15
72993666 7.105427357601002e-15
73047259 7.105427357601002e-15
73100852 8.881784197001252e-15
73154445 8.881784197001252e-15
73208038 8.881784197001252e-15
73261631 7.105427357601002e-15
73315224 7.105427357601002e-15
73368817 7.105427357601002e-15
73422410 7.105427357601002e-15
73476003 7.105427357601002e-15
73529596 7.105427357601002e-15
73583189 7.105427357601002e-15
73636782 7.105427357601002e-15
73690375 7.105427357601002e-15
73743968 7.105427357601002e-15
73797561 7.105427357601002e-15
73851154 7.105427357601002e-15
73904747 7.105427357601002e-15
73958340 7.105427357601002e-15
74011933 8.881784197001252e-15
74065526 7.105427357601002e-15
74119119 7.105427357601002e-15
74172712 7.105427357601002e-15
74226305 7.105427357601002e-15
74279898 8.881784197001252e-15
74333491 7.105427357601002e-15
74387084 8.881784197001252e-15
74440677 7.105427357601002e-15
74494270 7.105427357601002e-15
74547863 7.105427357601002e-15
74601456 7.105427357601002e-15
74655049 7.105427357601002e-15
74708642 8.881784197001252e-15
74762235 7.105427357601002e-15
74815828 7.105427357601002e-15
74869421 7.105427357601002e-15
74923014 1.0658141036401503e-14
74976607 8.881784197001252e-15
75030200 7.105427357601002e-15
75083793 7.105427357601002e-15
75137386 7.105427357601002e-15
75190979 8.881784197001252e-15
75244572 7.105427357601002e-15
75298165 7.105427357601002e-15
75351758 5.329070518200751e-15
75405351 7.105427357601002e-15
75458944 7.105427357601002e-15
75512537 7.105427357601002e-15
75566130 8.881784197001252e-15
75619723 7.105427357601002e-15
75673316 8.881784197001252e-15
75726909 8.881784197001252e-15
75780502 7.105427357601002e-15
75834095 8.881784197001252e-15
75887688 8.881784197001252e-15
75941281 5.329070518200751e-15
75994874 8.881784197001252e-15
76048467 7.105427357601002e-15
76102060 7.105427357601002e-15
76155653 7.105427357601002e-15
76209246 7.105427357601002e-15
76262839 6.217248937900877e-15
76316432 8.881784197001252e-15
76370025 8.881784197001252e-15
76423618 5.329070518200751e-15
76477211 7.105427357601002e-15
76530804 7.105427357601002e-15
76584397 7.105427357601002e-15
76637990 8.881784197001252e-15
76691583 7.105427357601002e-15
76745176 7.105427357601002e-15
76798769 7.105427357601002e-15
76852362 8.881784197001252e-15
76905955 7.105427357601002e-15
76959548 7.105427357601002e-15
77013141 5.329070518200751e-15
77066734 7.105427357601002e-15
77120327 7.105427357601002e-15
77173920 8.881784197001252e-15
77227513 7.105427357601002e-15
77281106 7.105427357601002e-15
77334699 7.105427357601002e-15
77388292 7.105427357601002e-15
77441885 5.329070518200751e-15
77495478 7.105427357601002e-15
77549071 7.105427357601002e-15
77602664 7.105427357601002e-15
77656257 7.105427357601002e-15
77709850 5.329070518200751e-15
77763443 7.105427357601002e-15
77817036 7.105427357601002e-15
77870629 7.105427357601002e-15
77924222 7.105427357601002e-15
77977815 7.105427357601002e-15
78031408 7.105427357601002e-15
78085001 8.881784197001252e-15
78138594 7.105427357601002e-15
78192187 7.105427357601002e-15
78245780 7.105427357601002e-15
78299373 5.329070518200751e-15
78352966 7.105427357601002e-15
78406559 7.105427357601002e-15
78460152 7.105427357601002e-15
78513745 5.329070518200751e-15
78567338 5.329070518200751e-15
78620931 5.329070518200751e-15
78674524 7.105427357601002e-15
78728117 7.105427357601002e-15
78781710 5.329070518200751e-15
78835303 5.329070518200751e-15
78888896 5.329070518200751e-15
78942489 5.329070518200751e-15
78996082 5.329070518200751e-15
79049675 5.329070518200751e-15
79103268 5.329070518200751e-15
79156861 7.105427357601002e-15
79210454 8.881784197001252e-15
79264047 5.329070518200751e-15
79317640 7.105427357601002e-15
79371233 5.329070518200751e-15
79424826 7.105427357601002e-15
79478419 7.105427357601002e-15
79532012 7.105427357601002e-15
79585605 7.105427357601002e-15
79639198 5.329070518200751e-15
79692791 7.105427357601002e-15
79746384 7.105427357601002e-15
79799977 5.329070518200751e-15
79853570 7.105427357601002e-15
79907163 5.329070518200751e-15
79960756 7.105427357601002e-15
80014349 8.881784197001252e-15
80067942 6.217248937900877e-15
80121535 7.105427357601002e-15
80175128 7.105427357601002e-15
80228721 5.329070518200751e-15
80282314 6.217248937900877e-15
80335907 5.329070518200751e-15
80389500 7.105427357601002e-15
80443093 7.105427357601002e-15
80496686 5.329070518200751e-15
80550279 5.329070518200751e-15
80603872 7.105427357601002e-15
80657465 5.329070518200751e-15
80711058 7.105427357601002e-15
80764651 5.329070518200751e-15
80818244 7.105427357601002e-15
80871837 5.329070518200751e-15
80925430 5.329070518200751e-15
80979023 7.105427357601002e-15
81032616 7.105427357601002e-15
81086209 7.105427357601002e-15
81139802 7.105427357601002e-15
81193395 5.329070518200751e-15
81246988 7.105427357601002e-15
81300581 7.105427357601002e-15
81354174 7.105427357601002e-15
81407767 7.105427357601002e-15
81461360 7.105427357601002e-15
81514953 7.105427357601002e-15
81568546 7.105427357601002e-15
81622139 7.105427357601002e-15
81675732 7.105427357601002e-15
81729325 8.881784197001252e-15
81782918 7.105427357601002e-15
81836511 7.105427357601002e-15
81890104 7.105427357601002e-15
81943697 7.105427357601002e-15
81997290 7.105427357601002e-15
82050883 7.105427357601002e-15
82104476 7.105427357601002e-15
82158069 7.105427357601002e-15
82211662 7.105427357601002e-15
82265255 7.105427357601002e-15
82318848 7.105427357601002e-15
82372441 7.105427357601002e-15
82426034 7.993605777301127e-15
82479627 7.105427357601002e-15
82533220 7.105427357601002e-15
82586813 7.105427357601002e-15
82640406 7.105427357601002e-15
82693999 7.105427357601002e-15
82747592 7.105427357601002e-15
82801185 8.881784197001252e-15
82854778 7.105427357601002e-15
82908371 7.105427357601002e-15
82961964 7.105427357601002e-15
83015557 7.105427357601002e-15
83069150 7.105427357601002e-15
83122743 7.105427357601002e-15
83176336 7.105427357601002e-15
83229929 7.105427357601002e-15
83283522 7.105427357601002e-15
83337115 7.105427357601002e-15
83390708 7.105427357601002e-15
83444301 8.881784197001252e-15
83497894 7.105427357601002e-15
83551487 7.105427357601002e-15
83605080 7.105427357601002e-15
83658673 7.105427357601002e-15
83712266 7.105427357601002e-15
83765859 7.105427357601002e-15
83819452 8.881784197001252e-15
83873045 7.105427357601002e-15
83926638 7.105427357601002e-15
83980231 7.105427357601002e-15
84033824 7.105427357601002e-15
84087417 7.105427357601002e-15
84141010 7.105427357601002e-15
84194603 8.881784197001252e-15
84248196 7.105427357601002e-15
84301789 7.105427357601002e-15
84355382 7.105427357601002e-15
84408975 7.105427357601002e-15
84462568 7.105427357601002e-15
84516161 7.105427357601002e-15
84569754 8.881784197001252e-15
84623347 7.105427357601002e-15
84676940 7.105427357601002e-15
84730533 7.105427357601002e-15
84784126 7.105427357601002e-15
84837719 7.105427357601002e-15
84891312 7.105427357601002e-15
84944905 8.881784197001252e-15
84998498 7.105427357601002e-15
85052091 7.105427357601002e-15
85105684 7.105427357601002e-15
85159277 7.105427357601002e-15
85212870 7.105427357601002e-15
85266463 7.105427357601002e-15
85320056 8.881784197001252e-15
85373649 7.105427357601002e-15
85427242 7.105427357601002e-15
85480835 7.105427357601002e-15
85534428 7.105427357601002e-15
85588021 7.105427357601002e-15
85641614 7.105427357601002e-15
85695207 8.881784197001252e-15
85748800 7.105427357601002e-15
85802393 7.105427357601002e-15
85855986 7.105427357601002e-15
85909579 7.105427357601002e-15
85963172 7.105427357601002e-15
86016765 7.105427357601002e-15
86070358 8.881784197001252e-15
86123951 7.105427357601002e-15
86177544 7.105427357601002e-15
86231137 7.105427357601002e-15
86284730 7.105427357601002e-15
86338323 7.105427357601002e-15
86391916 7.105427357601002e-15
86445509 8.881784197001252e-15
86499102 7.105427357601002e-15
86552695 7.105427357601002e-15
86606288 7.105427357601002e-15
86659881 7.105427357601002e-15
86713474 7.105427357601002e-15
86767067 7.105427357601002e-15
86820660 8.881784197001252e-15
86874253 7.105427357601002e-15
86927846 7.105427357601002e-15
86981439 7.105427357601002e-15
87035032 7.105427357601002e-15
87088625 7.105427357601002e-15
87142218 7.105427357601002e-15
87195811 8.881784197001252e-15
87249404 7.105427357601002e-15
87302997 7.105427357601002e-15
87356590 7.105427357601002e-15
87410183 7.105427357601002e-15
87463776 7.105427357601002e-15
87517369 7.105427357601002e-15
87570962 8.881784197001252e-15
87624555 7.105427357601002e-15
87678148 7.105427357601002e-15
87731741 7.105427357601002e-15
87785334 7.105427357601002e-15
87838927 7.105427357601002e-15
87892520 7.105427357601002e-15
87946113 8.881784197001252e-15
87999706 7.105427357601002e-15
88053299 7.105427357601002e-15
88106892 7.105427357601002e-15
88160485 7.105427357601002e-15
88214078 7.105427357601002e-15
88267671 7.105427357601002e-15
88321264 8.881784197001252e-15
88374857 7.105427357601002e-15
88428450 7.105427357601002e-15
88482043 7.105427357601002e-15
88535636 7.105427357601002e-15
88589229 7.105427357601002e-15
88642822 7.105427357601002e-15
88696415 8.881784197001252e-15
88750008 7.105427357601002e-15
88803601 7.105427357601002e-15
88857194 7.105427357601002e-15
88910787 7.105427357601002e-15
88964380 7.105427357601002e-15
89017973 7.105427357601002e-15
89071566 8.881784197001252e-15
89125159 7.105427357601002e-15
89178752 7.105427357601002e-15
89232345 7.105427357601002e-15
89285938 7.105427357601002e-15
89339531 7.105427357601002e-15
89393124 7.105427357601002e-15
89446717 8.881784197001252e-15
89500310 7.105427357601002e-15
89553903 7.105427357601002e-15
89607496 7.105427357601002e-15
89661089 7.105427357601002e-15
89714682 7.105427357601002e-15
89768275 7.105427357601002e-15
89821868 8.881784197001252e-15
89875461 7.105427357601002e-15
89929054 7.105427357601002e-15
89982647 7.105427357601002e-15
90036240 7.105427357601002e-15
90089833 7.105427357601002e-15
90143426 7.105427357601002e-15
90197019 8.881784197001252e-15
90250612 7.105427357601002e-15
90304205 7.105427357601002e-15
90357798 7.105427357601002e-15
90411391 7.105427357601002e-15
90464984 7.105427357601002e-15
90518577 7.105427357601002e-15
90572170 8.881784197001252e-15
90625763 7.105427357601002e-15
90679356 7.105427357601002e-15
90732949 7.105427357601002e-15
90786542 7.105427357601002e-15
90840135 7.105427357601002e-15
90893728 7.105427357601002e-15
90947321 8.881784197001252e-15
91000914 7.105427357601002e-15
91054507 7.105427357601002e-15
91108100 7.105427357601002e-15
91161693 7.105427357601002e-15
91215286 7.105427357601002e-15
91268879 7.105427357601002e-15
91322472 8.881784197001252e-15
91376065 7.105427357601002e-15
91429658 7.105427357601002e-15
91483251 7.105427357601002e-15
91536844 7.105427357601002e-15
91590437 7.105427357601002e-15
91644030 7.105427357601002e-15
91697623 8.881784197001252e-15
91751216 7.105427357601002e-15
91804809 7.105427357601002e-15
91858402 7.105427357601002e-15
91911995 7.105427357601002e-15
91965588 7.105427357601002e-15
92019181 7.105427357601002e-15
92072774 7.105427357601002e-15
92126367 7.105427357601002e-15
92179960 7.105427357601002e-15
92233553 7.105427357601002e-15
92287146 7.105427357601002e-15
92340739 7.105427357601002e-15
92394332 7.105427357601002e-15
92447925 7.105427357601002e-15
92501518 7.105427357601002e-15
92555111 7.105427357601002e-15
92608704 7.105427357601002e-15
92662297 7.105427357601002e-15
92715890 7.105427357601002e-15
92769483 7.105427357601002e-15
92823076 7.105427357601002e-15
92876669 7.105427357601002e-15
92930262 7.105427357601002e-15
92983855 7.105427357601002e-15
93037448 7.105427357601002e-15
93091041 7.105427357601002e-15
93144634 7.105427357601002e-15
93198227 7.105427357601002e-15
93251820 7.105427357601002e-15
93305413 7.105427357601002e-15
93359006 7.105427357601002e-15
93412599 7.105427357601002e-15
93466192 7.105427357601002e-15
93519785 7.105427357601002e-15
93573378 7.105427357601002e-15
93626971 7.105427357601002e-15
93680564 7.105427357601002e-15
93734157 7.105427357601002e-15
93787750 7.105427357601002e-15
93841343 7.105427357601002e-15
93894936 7.105427357601002e-15
93948529 7.105427357601002e-15
94002122 7.105427357601002e-15
94055715 7.105427357601002e-15
94109308 7.105427357601002e-15
94162901 7.105427357601002e-15
94216494 7.105427357601002e-15
94270087 7.105427357601002e-15
94323680 7.105427357601002e-15
94377273 7.105427357601002e-15
94430866 7.105427357601002e-15
94484459 7.105427357601002e-15
94538052 7.105427357601002e-15
94591645 7.105427357601002e-15
94645238 7.105427357601002e-15
94698831 7.105427357601002e-15
94752424 7.105427357601002e-15
94806017 7.105427357601002e-15
94859610 7.105427357601002e-15
94913203 7.105427357601002e-15
94966796 7.105427357601002e-15
95020389 7.105427357601002e-15
95073982 7.105427357601002e-15
95127575 7.105427357601002e-15
95181168 7.105427357601002e-15
95234761 7.105427357601002e-15
95288354 7.105427357601002e-15
95341947 7.105427357601002e-15
95395540 7.105427357601002e-15
95449133 7.105427357601002e-15
95502726 7.105427357601002e-15
95556319 7.105427357601002e-15
95609912 7.105427357601002e-15
95663505 7.105427357601002e-15
95717098 7.105427357601002e-15
95770691 7.105427357601002e-15
95824284 7.105427357601002e-15
95877877 7.105427357601002e-15
95931470 7.105427357601002e-15
95985063 7.105427357601002e-15
96038656 7.105427357601002e-15
96092249 7.105427357601002e-15
96145842 7.105427357601002e-15
96199435 7.105427357601002e-15
96253028 7.105427357601002e-15
96306621 7.105427357601002e-15
96360214 7.105427357601002e-15
96413807 7.105427357601002e-15
96467400 7.105427357601002e-15
96520993 7.105427357601002e-15
96574586 7.105427357601002e-15
96628179 7.105427357601002e-15
96681772 7.105427357601002e-15
96735365 7.105427357601002e-15
96788958 7.105427357601002e-15
96842551 7.105427357601002e-15
96896144 7.105427357601002e-15
96949737 7.105427357601002e-15
97003330 7.105427357601002e-15
97056923 7.105427357601002e-15
97110516 7.105427357601002e-15
97164109 7.105427357601002e-15
97217702 7.105427357601002e-15
97271295 7.105427357601002e-15
97324888 7.105427357601002e-15
97378481 7.105427357601002e-15
97432074 7.105427357601002e-15
97485667 7.105427357601002e-15
97539260 7.105427357601002e-15
97592853 7.105427357601002e-15
97646446 7.105427357601002e-15
97700039 7.105427357601002e-15
97753632 7.105427357601002e-15
97807225 7.105427357601002e-15
97860818 7.105427357601002e-15
97914411 7.105427357601002e-15
97968004 7.105427357601002e-15
98021597 7.105427357601002e-15
98075190 7.105427357601002e-15
98128783 7.105427357601002e-15
98182376 7.105427357601002e-15
98235969 7.105427357601002e-15
98289562 7.105427357601002e-15
98343155 7.105427357601002e-15
98396748 7.105427357601002e-15
98450341 7.105427357601002e-15
98503934 7.105427357601002e-15
98557527 7.105427357601002e-15
98611120 7.105427357601002e-15
98664713 7.105427357601002e-15
98718306 7.105427357601002e-15
98771899 7.105427357601002e-15
98825492 7.105427357601002e-15
98879085 7.105427357601002e-15
98932678 7.105427357601002e-15
98986271 7.105427357601002e-15
99039864 7.105427357601002e-15
99093457 7.105427357601002e-15
99147050 7.105427357601002e-15
99200643 7.105427357601002e-15
99254236 7.105427357601002e-15
99307829 7.105427357601002e-15
99361422 7.105427357601002e-15
99415015 7.105427357601002e-15
99468608 7.105427357601002e-15
99522201 7.105427357601002e-15
99575794 7.105427357601002e-15
99629387 7.105427357601002e-15
99682980 7.105427357601002e-15
99736573 7.105427357601002e-15
99790166 7.105427357601002e-15
99843759 7.105427357601002e-15
99897352 7.105427357601002e-15
99950945 7.105427357601002e-15
100004538 7.105427357601002e-15
100058131 7.105427357601002e-15
100111724 7.105427357601002e-15
100165317 7.105427357601002e-15
100218910 7.105427357601002e-15
100272503 7.105427357601002e-15
100326096 7.105427357601002e-15
100379689 7.105427357601002e-15
100433282 7.105427357601002e-15
100486875 7.105427357601002e-15
100540468 7.105427357601002e-15
100594061 7.105427357601002e-15
100647654 7.105427357601002e-15
100701247 7.105427357601002e-15
100754840 7.105427357601002e-15
100808433 7.105427357601002e-15
100862026 7.105427357601002e-15
100915619 7.105427357601002e-15
100969212 7.105427357601002e-15
101022805 7.105427357601002e-15
101076398 7.105427357601002e-15
101129991 7.105427357601002e-15
101183584 7.105427357601002e-15
101237177 7.105427357601002e-15
101290770 7.105427357601002e-15
101344363 7.105427357601002e-15
101397956 7.105427357601002e-15
101451549 7.105427357601002e-15
101505142 7.105427357601002e-15
101558735 7.105427357601002e-15
101612328 7.105427357601002e-15
101665921 7.105427357601002e-15
101719514 7.105427357601002e-15
101773107 7.105427357601002e-15
101826700 7.105427357601002e-15
101880293 7.105427357601002e-15
101933886 7.105427357601002e-15
101987479 7.105427357601002e-15
102041072 7.105427357601002e-15
102094665 7.105427357601002e-15
102148258 7.105427357601002e-15
102201851 7.105427357601002e-15
102255444 7.105427357601002e-15
102309037 7.105427357601002e-15
102362630 7.105427357601002e-15
102416223 7.105427357601002e-15
102469816 7.105427357601002e-15
102523409 7.105427357601002e-15
102577002 7.105427357601002e-15
102630595 7.105427357601002e-15
102684188 7.105427357601002e-15
102737781 7.105427357601002e-15
102791374 7.105427357601002e-15
102844967 7.105427357601002e-15
102898560 7.105427357601002e-15
102952153 7.105427357601002e-15
103005746 7.105427357601002e-15
103059339 7.105427357601002e-15
103112932 7.105427357601002e-15
103166525 7.105427357601002e-15
103220118 7.105427357601002e-15
103273711 7.105427357601002e-15
103327304 7.105427357601002e-15
103380897 7.105427357601002e-15
103434490 7.105427357601002e-15
103488083 7.105427357601002e-15
103541676 7.105427357601002e-15
103595269 7.105427357601002e-15
103648862 7.105427357601002e-15
103702455 7.105427357601002e-15
103756048 7.105427357601002e-15
103809641 7.105427357601002e-15
103863234 7.105427357601002e-15
103916827 7.105427357601002e-15
103970420 7.105427357601002e-15
104024013 7.105427357601002e-15
104077606 7.105427357601002e-15
104131199 7.105427357601002e-15
104184792 7.105427357601002e-15
104238385 7.105427357601002e-15
104291978 7.105427357601002e-15
104345571 7.105427357601002e-15
104399164 7.105427357601002e-15
104452757 7.105427357601002e-15
104506350 7.105427357601002e-15
104559943 7.105427357601002e-15
104613536 7.105427357601002e-15
104667129 7.105427357601002e-15
104720722 7.105427357601002e-15
104774315 7.105427357601002e-15
104827908 7.105427357601002e-15
104881501 7.105427357601002e-15
104935094 7.105427357601002e-15
104988687 7.105427357601002e-15
105042280 7.105427357601002e-15
105095873 7.105427357601002e-15
105149466 7.105427357601002e-15
105203059 7.105427357601002e-15
105256652 7.105427357601002e-15
105310245 7.105427357601002e-15
105363838 7.105427357601002e-15
105417431 7.105427357601002e-15
105471024 7.105427357601002e-15
105524617 7.105427357601002e-15
105578210 7.105427357601002e-15
105631803 7.105427357601002e-15
105685396 7.105427357601002e-15
105738989 7.105427357601002e-15
105792582 7.105427357601002e-15
105846175 7.105427357601002e-15
105899768 7.105427357601002e-15
105953361 7.105427357601002e-15
106006954 7.105427357601002e-15
106060547 7.105427357601002e-15
106114140 7.105427357601002e-15
106167733 7.105427357601002e-15
106221326 7.105427357601002e-15
106274919 7.105427357601002e-15
106328512 7.105427357601002e-15
106382105 7.105427357601002e-15
106435698 7.105427357601002e-15
106489291 7.105427357601002e-15
106542884 7.105427357601002e-15
106596477 7.105427357601002e-15
106650070 7.105427357601002e-15
106703663 7.105427357601002e-15
106757256 7.105427357601002e-15
106810849 7.105427357601002e-15
106864442 7.105427357601002e-15
106918035 7.105427357601002e-15
106971628 7.105427357601002e-15
107025221 7.105427357601002e-15
107078814 7.105427357601002e-15
107132407 7.105427357601002e-15
107186000 7.105427357601002e-15
107239593 7.105427357601002e-15
107293186 7.105427357601002e-15
107346779 7.105427357601002e-15
107400372 7.105427357601002e-15
107453965 7.105427357601002e-15
107507558 7.105427357601002e-15
107561151 7.105427357601002e-15
107614744 7.105427357601002e-15
107668337 7.105427357601002e-15
107721930 7.105427357601002e-15
107775523 7.105427357601002e-15
107829116 7.105427357601002e-15
107882709 7.105427357601002e-15
107936302 7.105427357601002e-15
107989895 7.105427357601002e-15
108043488 7.105427357601002e-15
108097081 7.105427357601002e-15
108150674 7.105427357601002e-15
108204267 7.105427357601002e-15
108257860 7.105427357601002e-15
108311453 7.105427357601002e-15
108365046 7.105427357601002e-15
108418639 7.105427357601002e-15
108472232 7.105427357601002e-15
108525825 7.105427357601002e-15
108579418 7.105427357601002e-15
108633011 7.105427357601002e-15
108686604 7.105427357601002e-15
108740197 7.105427357601002e-15
108793790 7.105427357601002e-15
108847383 7.105427357601002e-15
108900976 7.105427357601002e-15
108954569 7.105427357601002e-15
109008162 7.105427357601002e-15
109061755 7.105427357601002e-15
109115348 7.105427357601002e-15
109168941 7.105427357601002e-15
109222534 7.105427357601002e-15
109276127 7.105427357601002e-15
109329720 7.105427357601002e-15
109383313 7.105427357601002e-15
109436906 7.105427357601002e-15
109490499 7.105427357601002e-15
109544092 7.105427357601002e-15
109597685 7.105427357601002e-15
109651278 7.105427357601002e-15
109704871 7.105427357601002e-15
109758464 7.105427357601002e-15
109812057 7.105427357601002e-15
109865650 7.105427357601002e-15
109919243 7.105427357601002e-15
109972836 7.105427357601002e-15
110026429 7.105427357601002e-15
110080022 7.105427357601002e-15
110133615 7.105427357601002e-15
110187208 7.105427357601002e-15
110240801 7.105427357601002e-15
110294394 7.105427357601002e-15
110347987 7.105427357601002e-15
110401580 7.105427357601002e-15
110455173 7.105427357601002e-15
110508766 7.105427357601002e-15
110562359 7.105427357601002e-15
110615952 7.105427357601002e-15
110669545 7.105427357601002e-15
110723138 7.105427357601002e-15
110776731 7.105427357601002e-15
110830324 7.105427357601002e-15
110883917 7.105427357601002e-15
110937510 7.105427357601002e-15
110991103 7.105427357601002e-15
111044696 7.105427357601002e-15
111098289 7.105427357601002e-15
111151882 7.105427357601002e-15
111205475 7.105427357601002e-15
111259068 7.105427357601002e-15
111312661 7.105427357601002e-15
111366254 7.105427357601002e-15
111419847 7.105427357601002e-15
111473440 7.105427357601002e-15
111527033 7.105427357601002e-15
111580626 7.105427357601002e-15
111634219 7.105427357601002e-15
111687812 7.105427357601002e-15
111741405 7.105427357601002e-15
111794998 7.105427357601002e-15
111848591 7.105427357601002e-15
111902184 7.105427357601002e-15
111955777 7.105427357601002e-15
112009370 7.105427357601002e-15
112062963 7.105427357601002e-15
112116556 7.105427357601002e-15
112170149 7.105427357601002e-15
112223742 7.105427357601002e-15
112277335 7.105427357601002e-15
112330928 7.105427357601002e-15
112384521 7.105427357601002e-15
112438114 7.105427357601002e-15
112491707 7.105427357601002e-15
112545300 7.105427357601002e-15
112598893 7.105427357601002e-15
112652486 7.105427357601002e-15
112706079 7.105427357601002e-15
112759672 7.105427357601002e-15
112813265 7.105427357601002e-15
112866858 7.105427357601002e-15
112920451 7.105427357601002e-15
112974044 7.105427357601002e-15
113027637 7.105427357601002e-15
113081230 7.105427357601002e-15
113134823 7.105427357601002e-15
113188416 7.105427357601002e-15
113242009 7.105427357601002e-15
113295602 7.105427357601002e-15
113349195 7.105427357601002e-15
113402788 7.105427357601002e-15
113456381 7.105427357601002e-15
113509974 7.105427357601002e-15
113563567 7.105427357601002e-15
113617160 7.105427357601002e-15
113670753 7.105427357601002e-15
113724346 7.105427357601002e-15
113777939 7.105427357601002e-15
113831532 7.105427357601002e-15
113885125 7.105427357601002e-15
113938718 7.105427357601002e-15
113992311 7.105427357601002e-15
114045904 7.105427357601002e-15
114099497 7.105427357601002e-15
114153090 7.105427357601002e-15
114206683 7.105427357601002e-15
114260276 7.105427357601002e-15
114313869 7.105427357601002e-15
114367462 7.105427357601002e-15
114421055 7.105427357601002e-15
114474648 7.105427357601002e-15
114528241 7.105427357601002e-15
114581834 7.105427357601002e-15
114635427 7.105427357601002e-15
114689020 7.105427357601002e-15
114742613 7.105427357601002e-15
114796206 7.105427357601002e-15
114849799 7.105427357601002e-15
114903392 7.105427357601002e-15
114956985 7.105427357601002e-15
115010578 7.105427357601002e-15
115064171 7.105427357601002e-15
115117764 7.105427357601002e-15
115171357 7.105427357601002e-15
115224950 7.105427357601002e-15
115278543 7.105427357601002e-15
115332136 7.105427357601002e-15
115385729 7.105427357601002e-15
115439322 7.105427357601002e-15
115492915 7.105427357601002e-15
115546508 7.105427357601002e-15
115600101 7.105427357601002e-15
115653694 7.105427357601002e-15
115707287 7.105427357601002e-15
115760880 7.105427357601002e-15
115814473 7.105427357601002e-15
115868066 7.105427357601002e-15
115921659 7.105427357601002e-15
115975252 7.105427357601002e-15
116028845 7.105427357601002e-15
116082438 7.105427357601002e-15
116136031 7.105427357601002e-15
116189624 7.105427357601002e-15
116243217 7.105427357601002e-15
116296810 7.105427357601002e-15
116350403 7.105427357601002e-15
116403996 7.105427357601002e-15
116457589 7.105427357601002e-15
116511182 7.105427357601002e-15
116564775 7.105427357601002e-15
116618368 7.105427357601002e-15
116671961 7.105427357601002e-15
116725554 7.105427357601002e-15
116779147 7.105427357601002e-15
116832740 7.105427357601002e-15
116886333 7.105427357601002e-15
116939926 7.105427357601002e-15
116993519 7.105427357601002e-15
117047112 7.105427357601002e-15
117100705 7.105427357601002e-15
117154298 7.105427357601002e-15
117207891 7.105427357601002e-15
117261484 7.105427357601002e-15
117315077 7.105427357601002e-15
117368670 7.105427357601002e-15
117422263 7.105427357601002e-15
117475856 7.105427357601002e-15
117529449 7.105427357601002e-15
117583042 7.105427357601002e-15
117636635 7.105427357601002e-15
117690228 7.105427357601002e-15
117743821 7.105427357601002e-15
117797414 7.105427357601002e-15
117851007 7.105427357601002e-15
117904600 7.105427357601002e-15
117958193 7.105427357601002e-15
118011786 7.105427357601002e-15
118065379 7.105427357601002e-15
118118972 7.105427357601002e-15
118172565 7.105427357601002e-15
118226158 7.105427357601002e-15
118279751 7.105427357601002e-15
118333344 7.105427357601002e-15
118386937 7.105427357601002e-15
118440530 7.105427357601002e-15
118494123 7.105427357601002e-15
118547716 7.105427357601002e-15
118601309 7.105427357601002e-15
118654902 7.105427357601002e-15
118708495 7.105427357601002e-15
118762088 7.105427357601002e-15
118815681 7.105427357601002e-15
118869274 7.105427357601002e-15
118922867 7.105427357601002e-15
118976460 7.105427357601002e-15
119030053 7.105427357601002e-15
119083646 7.105427357601002e-15
119137239 7.105427357601002e-15
119190832 7.105427357601002e-15
119244425 7.105427357601002e-15
119298018 7.105427357601002e-15
119351611 7.105427357601002e-15
119405204 7.105427357601002e-15
119458797 7.105427357601002e-15
119512390 7.105427357601002e-15
119565983 7.105427357601002e-15
119619576 7.105427357601002e-15
119673169 7.105427357601002e-15
119726762 7.105427357601002e-15
119780355 7.105427357601002e-15
119833948 7.105427357601002e-15
119887541 7.105427357601002e-15
119941134 7.105427357601002e-15
119994727 7.105427357601002e-15
120048320 7.105427357601002e-15
120101913 7.105427357601002e-15
120155506 7.105427357601002e-15
120209099 7.105427357601002e-15
120262692 7.105427357601002e-15
120316285 7.105427357601002e-15
120369878 7.105427357601002e-15
120423471 7.105427357601002e-15
120477064 7.105427357601002e-15
120530657 7.105427357601002e-15
120584250 7.105427357601002e-15
120637843 7.105427357601002e-15
120691436 7.105427357601002e-15
120745029 7.105427357601002e-15
120798622 7.105427357601002e-15
120852215 7.105427357601002e-15
120905808 7.105427357601002e-15
120959401 7.105427357601002e-15
121012994 7.105427357601002e-15
121066587 7.105427357601002e-15
121120180 7.105427357601002e-15
121173773 7.105427357601002e-15
121227366 7.105427357601002e-15
121280959 7.105427357601002e-15
121334552 7.105427357601002e-15
121388145 7.105427357601002e-15
121441738 7.105427357601002e-15
121495331 7.105427357601002e-15
121548924 7.105427357601002e-15
121602517 7.105427357601002e-15
121656110 7.105427357601002e-15
121709703 7.105427357601002e-15
121763296 7.105427357601002e-15
121816889 7.105427357601002e-15
121870482 7.105427357601002e-15
121924075 7.105427357601002e-15
121977668 7.105427357601002e-15
122031261 7.105427357601002e-15
122084854 7.105427357601002e-15
122138447 7.105427357601002e-15
122192040 7.105427357601002e-15
122245633 7.105427357601002e-15
122299226 7.105427357601002e-15
122352819 7.105427357601002e-15
122406412 7.105427357601002e-15
122460005 7.105427357601002e-15
122513598 7.105427357601002e-15
122567191 7.105427357601002e-15
122620784 7.105427357601002e-15
122674377 7.105427357601002e-15
122727970 7.105427357601002e-15
122781563 7.105427357601002e-15
122835156 7.105427357601002e-15
122888749 7.105427357601002e-15
122942342 7.105427357601002e-15
122995935 7.105427357601002e-15
123049528 7.105427357601002e-15
123103121 7.105427357601002e-15
123156714 7.105427357601002e-15
123210307 7.105427357601002e-15
123263900 7.105427357601002e-15
123317493 7.105427357601002e-15
123371086 7.105427357601002e-15
123424679 7.105427357601002e-15
123478272 7.105427357601002e-15
123531865 7.105427357601002e-15
123585458 7.105427357601002e-15
123639051 7.105427357601002e-15
123692644 7.105427357601002e-15
123746237 7.105427357601002e-15
123799830 7.105427357601002e-15
123853423 7.105427357601002e-15
123907016 7.105427357601002e-15
123960609 7.105427357601002e-15
124014202 7.105427357601002e-15
124067795 7.105427357601002e-15
124121388 7.105427357601002e-15
124174981 7.105427357601002e-15
124228574 7.105427357601002e-15
124282167 7.105427357601002e-15
124335760 7.105427357601002e-15
124389353 7.105427357601002e-15
124442946 7.105427357601002e-15
124496539 7.105427357601002e-15
124550132 7.105427357601002e-15
124603725 7.105427357601002e-15
124657318 7.105427357601002e-15
124710911 7.105427357601002e-15
124764504 7.105427357601002e-15
124818097 7.105427357601002e-15
124871690 7.105427357601002e-15
124925283 7.105427357601002e-15
124978876 7.105427357601002e-15
125032469 7.105427357601002e-15
125086062 7.105427357601002e-15
125139655 7.105427357601002e-15
125193248 7.105427357601002e-15
125246841 7.105427357601002e-15
125300434 7.105427357601002e-15
125354027 7.105427357601002e-15
125407620 7.105427357601002e-15
125461213 7.105427357601002e-15
125514806 7.105427357601002e-15
125568399 7.105427357601002e-15
125621992 7.105427357601002e-15
125675585 7.105427357601002e-15
125729178 7.105427357601002e-15
125782771 7.105427357601002e-15
125836364 7.105427357601002e-15
125889957 7.105427357601002e-15
125943550 7.105427357601002e-15
125997143 7.105427357601002e-15
126050736 7.105427357601002e-15
126104329 7.105427357601002e-15
126157922 7.105427357601002e-15
126211515 7.105427357601002e-15
126265108 7.105427357601002e-15
126318701 7.105427357601002e-15
126372294 7.105427357601002e-15
126425887 7.105427357601002e-15
126479480 7.105427357601002e-15
126533073 7.105427357601002e-15
126586666 7.105427357601002e-15
126640259 7.105427357601002e-15
126693852 7.105427357601002e-15
126747445 7.105427357601002e-15
126801038 7.105427357601002e-15
126854631 7.105427357601002e-15
126908224 7.105427357601002e-15
126961817 7.105427357601002e-15
127015410 7.105427357601002e-15
127069003 7.105427357601002e-15
127122596 7.105427357601002e-15
127176189 7.105427357601002e-15
127229782 7.105427357601002e-15
127283375 7.105427357601002e-15
127336968 7.105427357601002e-15
127390561 7.105427357601002e-15
127444154 7.105427357601002e-15
127497747 7.105427357601002e-15
127551340 7.105427357601002e-15
127604933 7.105427357601002e-15
127658526 7.105427357601002e-15
127712119 7.105427357601002e-15
127765712 7.105427357601002e-15
127819305 7.105427357601002e-15
127872898 7.105427357601002e-15
127926491 7.105427357601002e-15
127980084 7.105427357601002e-15
128033677 7.105427357601002e-15
128087270 7.105427357601002e-15
128140863 7.105427357601002e-15
128194456 7.105427357601002e-15
128248049 7.105427357601002e-15
128301642 7.105427357601002e-15
128355235 7.105427357601002e-15
128408828 7.105427357601002e-15
128462421 7.105427357601002e-15
128516014 7.105427357601002e-15
128569607 7.105427357601002e-15
128623200 7.105427357601002e-15
128676793 7.105427357601002e-15
128730386 7.105427357601002e-15
128783979 7.105427357601002e-15
128837572 7.105427357601002e-15
128891165 7.105427357601002e-15
128944758 7.105427357601002e-15
128998351 7.105427357601002e-15
129051944 7.105427357601002e-15
129105537 7.105427357601002e-15
129159130 7.105427357601002e-15
129212723 7.105427357601002e-15
129266316 7.105427357601002e-15
129319909 7.105427357601002e-15
129373502 7.105427357601002e-15
129427095 7.105427357601002e-15
129480688 7.105427357601002e-15
129534281 7.105427357601002e-15
129587874 7.105427357601002e-15
129641467 7.105427357601002e-15
129695060 7.105427357601002e-15
129748653 7.105427357601002e-15
129802246 7.105427357601002e-15
129855839 7.105427357601002e-15
129909432 7.105427357601002e-15
129963025 7.105427357601002e-15
130016618 7.105427357601002e-15
130070211 7.105427357601002e-15
130123804 7.105427357601002e-15
130177397 7.105427357601002e-15
130230990 7.105427357601002e-15
130284583 7.105427357601002e-15
130338176 7.105427357601002e-15
130391769 7.105427357601002e-15
130445362 7.105427357601002e-15
130498955 7.105427357601002e-15
130552548 7.105427357601002e-15
130606141 7.105427357601002e-15
130659734 7.105427357601002e-15
130713327 7.105427357601002e-15
130766920 7.105427357601002e-15
130820513 7.105427357601002e-15
130874106 7.105427357601002e-15
130927699 7.105427357601002e-15
130981292 7.105427357601002e-15
131034885 7.105427357601002e-15
131088478 7.105427357601002e-15
131142071 7.105427357601002e-15
131195664 7.105427357601002e-15
131249257 7.105427357601002e-15
131302850 7.105427357601002e-15
131356443 7.105427357601002e-15
131410036 7.105427357601002e-15
131463629 7.105427357601002e-15
131517222 7.105427357601002e-15
131570815 7.105427357601002e-15
131624408 7.105427357601002e-15
131678001 7.105427357601002e-15
131731594 7.105427357601002e-15
131785187 7.105427357601002e-15
131838780 7.105427357601002e-15
131892373 7.105427357601002e-15
131945966 7.105427357601002e-15
131999559 7.105427357601002e-15
132053152 7.105427357601002e-15
132106745 7.105427357601002e-15
132160338 7.105427357601002e-15
132213931 7.105427357601002e-15
132267524 7.105427357601002e-15
132321117 7.105427357601002e-15
132374710 7.105427357601002e-15
132428303 7.105427357601002e-15
132481896 7.105427357601002e-15
132535489 7.105427357601002e-15
132589082 7.105427357601002e-15
132642675 7.105427357601002e-15
132696268 7.105427357601002e-15
132749861 7.105427357601002e-15
132803454 7.105427357601002e-15
132857047 7.105427357601002e-15
132910640 7.105427357601002e-15
132964233 7.105427357601002e-15
133017826 7.105427357601002e-15
133071419 7.105427357601002e-15
133125012 7.105427357601002e-15
133178605 7.105427357601002e-15
133232198 7.105427357601002e-15
133285791 7.105427357601002e-15
133339384 7.105427357601002e-15
133392977 7.105427357601002e-15
133446570 7.105427357601002e-15
133500163 7.105427357601002e-15
133553756 7.105427357601002e-15
133607349 7.105427357601002e-15
133660942 7.105427357601002e-15
133714535 7.105427357601002e-15
133768128 7.105427357601002e-15
133821721 7.105427357601002e-15
133875314 7.105427357601002e-15
133928907 7.105427357601002e-15
133982500 7.105427357601002e-15
134036093 7.105427357601002e-15
134089686 7.105427357601002e-15
134143279 7.105427357601002e-15
134196872 7.105427357601002e-15
134250465 7.105427357601002e-15
134304058 7.105427357601002e-15
134357651 7.105427357601002e-15
134411244 7.105427357601002e-15
134464837 7.105427357601002e-15
134518430 7.105427357601002e-15
134572023 7.105427357601002e-15
134625616 7.105427357601002e-15
134679209 7.105427357601002e-15
134732802 7.105427357601002e-15
134786395 7.105427357601002e-15
134839988 7.105427357601002e-15
134893581 7.105427357601002e-15
134947174 7.105427357601002e-15
135000767 7.105427357601002e-15
135054360 7.105427357601002e-15
135107953 7.105427357601002e-15
135161546 7.105427357601002e-15
135215139 7.105427357601002e-15
135268732 7.105427357601002e-15
135322325 7.105427357601002e-15
135375918 7.105427357601002e-15
135429511 7.105427357601002e-15
135483104 7.105427357601002e-15
135536697 7.105427357601002e-15
135590290 7.105427357601002e-15
135643883 7.105427357601002e-15
135697476 7.105427357601002e-15
135751069 7.105427357601002e-15
135804662 7.105427357601002e-15
135858255 7.105427357601002e-15
135911848 7.105427357601002e-15
135965441 7.105427357601002e-15
136019034 7.105427357601002e-15
136072627 7.105427357601002e-15
136126220 7.105427357601002e-15
136179813 7.105427357601002e-15
136233406 7.105427357601002e-15
136286999 7.105427357601002e-15
136340592 7.105427357601002e-15
136394185 7.105427357601002e-15
136447778 7.105427357601002e-15
136501371 7.105427357601002e-15
136554964 7.105427357601002e-15
136608557 7.105427357601002e-15
136662150 7.105427357601002e-15
136715743 7.105427357601002e-15
136769336 7.105427357601002e-15
136822929 7.105427357601002e-15
136876522 7.105427357601002e-15
136930115 7.105427357601002e-15
136983708 7.105427357601002e-15
137037301 7.105427357601002e-15
137090894 7.105427357601002e-15
137144487 7.105427357601002e-15
137198080 7.105427357601002e-15
137251673 7.105427357601002e-15
137305266 7.105427357601002e-15
137358859 7.105427357601002e-15
137412452 7.105427357601002e-15
137466045 7.105427357601002e-15
137519638 7.105427357601002e-15
137573231 7.105427357601002e-15
137626824 7.105427357601002e-15
137680417 7.105427357601002e-15
137734010 7.105427357601002e-15
137787603 7.105427357601002e-15
137841196 7.105427357601002e-15
137894789 7.105427357601002e-15
137948382 7.105427357601002e-15
138001975 7.105427357601002e-15
138055568 7.105427357601002e-15
138109161 7.105427357601002e-15
138162754 7.105427357601002e-15
138216347 7.105427357601002e-15
138269940 7.105427357601002e-15
138323533 7.105427357601002e-15
138377126 7.105427357601002e-15
138430719 7.105427357601002e-15
138484312 7.105427357601002e-15
138537905 7.105427357601002e-15
138591498 7.105427357601002e-15
138645091 7.105427357601002e-15
138698684 7.105427357601002e-15
138752277 7.105427357601002e-15
138805870 7.105427357601002e-15
138859463 7.105427357601002e-15
138913056 7.105427357601002e-15
138966649 7.105427357601002e-15
139020242 7.105427357601002e-15
139073835 7.105427357601002e-15
139127428 7.105427357601002e-15
139181021 7.105427357601002e-15
139234614 7.105427357601002e-15
139288207 7.105427357601002e-15
139341800 7.105427357601002e-15
139395393 7.105427357601002e-15
139448986 7.105427357601002e-15
139502579 7.105427357601002e-15
139556172 7.105427357601002e-15
139609765 7.105427357601002e-15
139663358 7.105427357601002e-15
139716951 7.105427357601002e-15
139770544 7.105427357601002e-15
139824137 7.105427357601002e-15
139877730 7.105427357601002e-15
139931323 7.105427357601002e-15
139984916 7.105427357601002e-15
140038509 7.105427357601002e-15
140092102 7.105427357601002e-15
140145695 7.105427357601002e-15
140199288 7.105427357601002e-15
140252881 7.105427357601002e-15
140306474 7.105427357601002e-15
140360067 7.105427357601002e-15
140413660 7.105427357601002e-15
140467253 7.105427357601002e-15
140520846 7.105427357601002e-15
140574439 7.105427357601002e-15
140628032 7.105427357601002e-15
140681625 7.105427357601002e-15
140735218 7.105427357601002e-15
140788811 7.105427357601002e-15
140842404 7.105427357601002e-15
140895997 7.105427357601002e-15
140949590 7.105427357601002e-15
141003183 7.105427357601002e-15
141056776 7.105427357601002e-15
141110369 7.105427357601002e-15
141163962 7.105427357601002e-15
141217555 7.105427357601002e-15
141271148 7.105427357601002e-15
141324741 7.105427357601002e-15
141378334 7.105427357601002e-15
141431927 7.105427357601002e-15
141485520 7.105427357601002e-15
141539113 7.105427357601002e-15
141592706 7.105427357601002e-15
141646299 7.105427357601002e-15
141699892 7.105427357601002e-15
141753485 7.105427357601002e-15
141807078 7.105427357601002e-15
141860671 7.105427357601002e-15
141914264 7.105427357601002e-15
141967857 7.105427357601002e-15
142021450 7.105427357601002e-15
142075043 7.105427357601002e-15
142128636 7.105427357601002e-15
142182229 7.105427357601002e-15
142235822 7.105427357601002e-15
142289415 7.105427357601002e-15
142343008 7.105427357601002e-15
142396601 7.105427357601002e-15
142450194 7.105427357601002e-15
142503787 7.105427357601002e-15
142557380 7.105427357601002e-15
142610973 7.105427357601002e-15
142664566 7.105427357601002e-15
142718159 7.105427357601002e-15
142771752 7.105427357601002e-15
142825345 7.105427357601002e-15
142878938 7.105427357601002e-15
142932531 7.105427357601002e-15
142986124 7.105427357601002e-15
143039717 7.105427357601002e-15
143093310 7.105427357601002e-15
143146903 7.105427357601002e-15
143200496 7.105427357601002e-15
143254089 7.105427357601002e-15
143307682 7.105427357601002e-15
143361275 7.105427357601002e-15
143414868 7.105427357601002e-15
143468461 7.105427357601002e-15
143522054 7.105427357601002e-15
143575647 7.105427357601002e-15
143629240 7.105427357601002e-15
143682833 7.105427357601002e-15
143736426 7.105427357601002e-15
143790019 7.105427357601002e-15
143843612 7.105427357601002e-15
143897205 7.105427357601002e-15
143950798 7.105427357601002e-15
144004391 7.105427357601002e-15
144057984 7.105427357601002e-15
144111577 7.105427357601002e-15
144165170 7.105427357601002e-15
144218763 7.105427357601002e-15
144272356 7.105427357601002e-15
144325949 7.105427357601002e-15
144379542 7.105427357601002e-15
144433135 7.105427357601002e-15
144486728 7.105427357601002e-15
144540321 7.105427357601002e-15
144593914 7.105427357601002e-15
144647507 7.105427357601002e-15
144701100 7.105427357601002e-15
144754693 7.105427357601002e-15
144808286 7.105427357601002e-15
144861879 7.105427357601002e-15
144915472 7.105427357601002e-15
144969065 7.105427357601002e-15
145022658 7.105427357601002e-15
145076251 7.105427357601002e-15
145129844 7.105427357601002e-15
145183437 7.105427357601002e-15
145237030 7.105427357601002e-15
145290623 7.105427357601002e-15
145344216 7.105427357601002e-15
145397809 7.105427357601002e-15
145451402 7.105427357601002e-15
145504995 7.105427357601002e-15
145558588 7.105427357601002e-15
145612181 7.105427357601002e-15
145665774 7.105427357601002e-15
145719367 7.105427357601002e-15
145772960 7.105427357601002e-15
145826553 7.105427357601002e-15
145880146 7.105427357601002e-15
145933739 7.105427357601002e-15
145987332 7.105427357601002e-15
146040925 7.105427357601002e-15
146094518 7.105427357601002e-15
146148111 7.105427357601002e-15
146201704 7.105427357601002e-15
146255297 7.105427357601002e-15
146308890 7.105427357601002e-15
146362483 7.105427357601002e-15
146416076 7.105427357601002e-15
146469669 7.105427357601002e-15
146523262 7.105427357601002e-15
146576855 7.105427357601002e-15
146630448 7.105427357601002e-15
146684041 7.105427357601002e-15
146737634 7.105427357601002e-15
146791227 7.105427357601002e-15
146844820 7.105427357601002e-15
146898413 7.105427357601002e-15
146952006 7.105427357601002e-15
147005599 7.105427357601002e-15
147059192 7.105427357601002e-15
147112785 7.105427357601002e-15
147166378 7.105427357601002e-15
147219971 7.105427357601002e-15
147273564 7.105427357601002e-15
147327157 7.105427357601002e-15
147380750 7.105427357601002e-15
147434343 7.105427357601002e-15
147487936 7.105427357601002e-15
147541529 7.105427357601002e-15
147595122 7.105427357601002e-15
147648715 7.105427357601002e-15
147702308 7.105427357601002e-15
147755901 7.105427357601002e-15
147809494 7.105427357601002e-15
147863087 7.105427357601002e-15
147916680 7.105427357601002e-15
147970273 7.105427357601002e-15
148023866 7.105427357601002e-15
148077459 7.105427357601002e-15
148131052 7.105427357601002e-15
148184645 7.105427357601002e-15
148238238 7.105427357601002e-15
148291831 7.105427357601002e-15
148345424 7.105427357601002e-15
148399017 7.105427357601002e-15
148452610 7.105427357601002e-15
148506203 7.105427357601002e-15
148559796 7.105427357601002e-15
148613389 7.105427357601002e-15
148666982 7.105427357601002e-15
148720575 7.105427357601002e-15
148774168 7.105427357601002e-15
148827761 7.105427357601002e-15
148881354 7.105427357601002e-15
148934947 7.105427357601002e-15
148988540 7.105427357601002e-15
149042133 7.105427357601002e-15
149095726 7.105427357601002e-15
149149319 7.105427357601002e-15
149202912 7.105427357601002e-15
149256505 7.105427357601002e-15
149310098 7.105427357601002e-15
149363691 7.105427357601002e-15
149417284 7.105427357601002e-15
149470877 7.105427357601002e-15
149524470 7.105427357601002e-15
149578063 7.105427357601002e-15
149631656 7.105427357601002e-15
149685249 7.105427357601002e-15
149738842 7.105427357601002e-15
149792435 7.105427357601002e-15
149846028 7.105427357601002e-15
149899621 7.105427357601002e-15
149953214 7.105427357601002e-15
150006807 7.105427357601002e-15
150060400 7.105427357601002e-15
150113993 7.105427357601002e-15
150167586 7.105427357601002e-15
150221179 7.105427357601002e-15
150274772 7.105427357601002e-15
150328365 7.105427357601002e-15
150381958 7.105427357601002e-15
150435551 7.105427357601002e-15
150489144 7.105427357601002e-15
150542737 7.105427357601002e-15
150596330 7.105427357601002e-15
150649923 7.105427357601002e-15
150703516 7.105427357601002e-15
150757109 7.105427357601002e-15
150810702 7.105427357601002e-15
150864295 7.105427357601002e-15
150917888 7.105427357601002e-15
150971481 7.105427357601002e-15
151025074 7.105427357601002e-15
151078667 7.105427357601002e-15
151132260 7.105427357601002e-15
151185853 7.105427357601002e-15
151239446 7.105427357601002e-15
151293039 7.105427357601002e-15
151346632 7.105427357601002e-15
151400225 7.105427357601002e-15
151453818 7.105427357601002e-15
151507411 7.105427357601002e-15
151561004 7.105427357601002e-15
151614597 7.105427357601002e-15
151668190 7.105427357601002e-15
151721783 7.105427357601002e-15
151775376 7.105427357601002e-15
151828969 7.105427357601002e-15
151882562 7.105427357601002e-15
151936155 7.105427357601002e-15
151989748 7.105427357601002e-15
152043341 7.105427357601002e-15
152096934 7.105427357601002e-15
152150527 7.105427357601002e-15
152204120 7.105427357601002e-15
152257713 7.105427357601002e-15
152311306 7.105427357601002e-15
152364899 7.105427357601002e-15
152418492 7.105427357601002e-15
152472085 7.105427357601002e-15
152525678 7.105427357601002e-15
152579271 7.105427357601002e-15
152632864 7.105427357601002e-15
152686457 7.105427357601002e-15
152740050 7.105427357601002e-15
152793643 7.105427357601002e-15
152847236 7.105427357601002e-15
152900829 7.105427357601002e-15
152954422 7.105427357601002e-15
153008015 7.105427357601002e-15
153061608 7.105427357601002e-15
153115201 7.105427357601002e-15
153168794 7.105427357601002e-15
153222387 7.105427357601002e-15
153275980 7.105427357601002e-15
153329573 7.105427357601002e-15
153383166 7.105427357601002e-15
153436759 7.105427357601002e-15
153490352 7.105427357601002e-15
153543945 7.105427357601002e-15
153597538 7.105427357601002e-15
153651131 7.105427357601002e-15
153704724 7.105427357601002e-15
153758317 7.105427357601002e-15
153811910 7.105427357601002e-15
153865503 7.105427357601002e-15
153919096 7.105427357601002e-15
153972689 7.105427357601002e-15
154026282 7.105427357601002e-15
154079875 7.105427357601002e-15
154133468 7.105427357601002e-15
154187061 7.105427357601002e-15
154240654 7.105427357601002e-15
154294247 7.105427357601002e-15
154347840 7.105427357601002e-15
154401433 7.105427357601002e-15
154455026 7.105427357601002e-15
154508619 7.105427357601002e-15
154562212 7.105427357601002e-15
154615805 7.105427357601002e-15
154669398 7.105427357601002e-15
154722991 7.105427357601002e-15
154776584 7.105427357601002e-15
154830177 7.105427357601002e-15
154883770 7.105427357601002e-15
154937363 7.105427357601002e-15
154990956 7.105427357601002e-15
155044549 7.105427357601002e-15
155098142 7.105427357601002e-15
155151735 7.105427357601002e-15
155205328 7.105427357601002e-15
155258921 7.105427357601002e-15
155312514 7.105427357601002e-15
155366107 7.105427357601002e-15
155419700 7.105427357601002e-15
155473293 7.105427357601002e-15
155526886 7.105427357601002e-15
155580479 7.105427357601002e-15
155634072 7.105427357601002e-15
155687665 7.105427357601002e-15
155741258 7.105427357601002e-15
155794851 7.105427357601002e-15
155848444 7.105427357601002e-15
155902037 7.105427357601002e-15
155955630 7.105427357601002e-15
156009223 7.105427357601002e-15
156062816 7.105427357601002e-15
156116409 7.105427357601002e-15
156170002 7.105427357601002e-15
156223595 7.105427357601002e-15
156277188 7.105427357601002e-15
156330781 7.105427357601002e-15
156384374 7.105427357601002e-15
156437967 7.105427357601002e-15
156491560 7.105427357601002e-15
156545153 7.105427357601002e-15
156598746 7.105427357601002e-15
156652339 7.105427357601002e-15
156705932 7.105427357601002e-15
156759525 7.105427357601002e-15
156813118 7.105427357601002e-15
156866711 7.105427357601002e-15
156920304 7.105427357601002e-15
156973897 7.105427357601002e-15
157027490 7.105427357601002e-15
157081083 7.105427357601002e-15
157134676 7.105427357601002e-15
157188269 7.105427357601002e-15
157241862 7.105427357601002e-15
157295455 7.105427357601002e-15
157349048 7.105427357601002e-15
157402641 7.105427357601002e-15
157456234 7.105427357601002e-15
157509827 7.105427357601002e-15
157563420 7.105427357601002e-15
157617013 7.105427357601002e-15
157670606 7.105427357601002e-15
157724199 7.105427357601002e-15
157777792 7.105427357601002e-15
157831385 7.105427357601002e-15
157884978 7.105427357601002e-15
157938571 7.105427357601002e-15
157992164 7.105427357601002e-15
158045757 7.105427357601002e-15
158099350 7.105427357601002e-15
158152943 7.105427357601002e-15
158206536 7.105427357601002e-15
158260129 7.105427357601002e-15
158313722 7.105427357601002e-15
158367315 7.105427357601002e-15
158420908 7.105427357601002e-15
158474501 7.105427357601002e-15
158528094 7.105427357601002e-15
158581687 7.105427357601002e-15
158635280 7.105427357601002e-15
158688873 7.105427357601002e-15
158742466 7.105427357601002e-15
158796059 7.105427357601002e-15
158849652 7.105427357601002e-15
158903245 7.105427357601002e-15
158956838 7.105427357601002e-15
159010431 7.105427357601002e-15
159064024 7.105427357601002e-15
159117617 7.105427357601002e-15
159171210 7.105427357601002e-15
159224803 7.105427357601002e-15
159278396 7.105427357601002e-15
159331989 7.105427357601002e-15
159385582 7.105427357601002e-15
159439175 7.105427357601002e-15
159492768 7.105427357601002e-15
159546361 7.105427357601002e-15
159599954 7.105427357601002e-15
159653547 7.105427357601002e-15
159707140 7.105427357601002e-15
159760733 7.105427357601002e-15
159814326 7.105427357601002e-15
159867919 7.105427357601002e-15
159921512 7.105427357601002e-15
159975105 7.105427357601002e-15
160028698 7.105427357601002e-15
160082291 7.105427357601002e-15
160135884 7.105427357601002e-15
160189477 7.105427357601002e-15
160243070 7.105427357601002e-15
160296663 7.105427357601002e-15
160350256 7.105427357601002e-15
160403849 7.105427357601002e-15
160457442 7.105427357601002e-15
160511035 7.105427357601002e-15
160564628 7.105427357601002e-15
160618221 7.105427357601002e-15
160671814 7.105427357601002e-15
160725407 7.105427357601002e-15
160779000 7.105427357601002e-15
160832593 7.105427357601002e-15
160886186 7.105427357601002e-15
160939779 7.105427357601002e-15
160993372 7.105427357601002e-15
161046965 7.105427357601002e-15
161100558 7.105427357601002e-15
161154151 7.105427357601002e-15
161207744 7.105427357601002e-15
161261337 7.105427357601002e-15
161314930 7.105427357601002e-15
161368523 7.105427357601002e-15
161422116 7.105427357601002e-15
161475709 7.105427357601002e-15
161529302 7.105427357601002e-15
161582895 7.105427357601002e-15
161636488 7.105427357601002e-15
161690081 7.105427357601002e-15
161743674 7.105427357601002e-15
161797267 7.105427357601002e-15
161850860 7.105427357601002e-15
161904453 7.105427357601002e-15
161958046 7.105427357601002e-15
162011639 7.105427357601002e-15
162065232 7.105427357601002e-15
162118825 7.105427357601002e-15
162172418 7.105427357601002e-15
162226011 7.105427357601002e-15
162279604 7.105427357601002e-15
162333197 7.105427357601002e-15
162386790 7.105427357601002e-15
162440383 7.105427357601002e-15
162493976 7.105427357601002e-15
162547569 7.105427357601002e-15
162601162 7.105427357601002e-15
162654755 7.105427357601002e-15
162708348 7.105427357601002e-15
162761941 7.105427357601002e-15
162815534 7.105427357601002e-15
162869127 7.105427357601002e-15
162922720 7.105427357601002e-15
162976313 7.105427357601002e-15
163029906 7.105427357601002e-15
