0 12.870599940370687
13145 2.0160009395942695
26290 0.9434163527667532
39435 0.5260529064317394
52580 0.3028573180393037
65725 0.22533132047915183
78870 0.1626828631027717
92015 0.11542495086848747
105160 0.08148421239212755
118305 0.05764483746288951
131450 0.04192929863004813
144595 0.03214177374097438
157740 0.024725113576132274
170885 0.019733400970993853
184030 0.01581745860385475
197175 0.012749055123414177
210320 0.01034243797680412
223465 0.008525138237847146
236610 0.007280970102019113
249755 0.006243670513547128
262900 0.005380364699134554
276045 0.0046616359819083575
289190 0.004142879298310503
302335 0.0037462594644024905
315480 0.0034201836041441724
328625 0.0031757748178099787
341770 0.0029556568216152768
354915 0.002769065320729319
368060 0.002607176229660585
381205 0.002454700325106307
394350 0.002314382974164683
407495 0.002179983302610461
420640 0.0020573876978856737
433785 0.0019411199083694264
446930 0.0018301428644530299
460075 0.001724488096578644
473220 0.0016241174914731066
486365 0.0015289398945671495
499510 0.0014388246029205382
512655 0.00135361225116018
525800 0.0012731235280910996
538945 0.0011971661004855083
552090 0.0011255400645717936
565235 0.0010580421956260383
578380 0.0009944692220019077
591525 0.0009346203117314641
604670 0.0008782989271107211
617815 0.0008253141749339568
630960 0.0007754817567107303
644105 0.0007286246037254071
657250 0.0006845732656489967
670395 0.0006431661080946796
683540 0.0006042493635807986
696685 0.0005676770714391974
709830 0.0005336425528017913
722975 0.0005018115736221476
736120 0.00047184863030913515
749265 0.0004436484659914794
762410 0.0004171110852551098
775555 0.00039214160350523053
788700 0.0003686500785692916
801845 0.0003465513301210074
814990 0.00032576475138990785
828135 0.0003062141167070667
841280 0.0002878273876948355
854425 0.0002705365202997634
867570 0.00025427727437652564
880715 0.0002389890271286138
893860 0.00022461459138843967
907005 0.00021110003945612466
920150 0.00019839453300622006
933295 0.00018645015940131626
946440 0.00017522177461639504
959585 0.00016466685286982072
972730 0.00015474534297207736
985875 0.00014541953133662654
999020 0.00013665391154558948
1012165 0.00012841506032380476
1025310 0.00012067151974520449
1038455 0.00011339368547399857
1051600 0.00010655370082820505
1064745 0.00010012535644322168
1077890 9.408399530756728e-05
1091035 8.840642294048046e-05
1104180 8.307082248154227e-05
1117325 7.805667446477219e-05
1130470 7.334468105351342e-05
1143615 6.891669451790025e-05
1156760 6.475564974249733e-05
1169905 6.084550055869553e-05
1183050 5.7171159703600996e-05
1196195 5.37184422147504e-05
1209340 5.0474012077621894e-05
1222485 4.742533195085247e-05
1235630 4.456061580163269e-05
1248775 4.186878429165465e-05
1261920 3.93394227614606e-05
1275065 3.69627416682769e-05
1288210 3.4729539339896365e-05
1301355 3.2631166913847306e-05
1314500 3.065949533800037e-05
1327645 2.880688431505969e-05
1340790 2.7066153079726915e-05
1353935 2.5430552903242185e-05
1367080 2.3893741225591847e-05
1380225 2.24497573212655e-05
1393370 2.109299940947912e-05
1406515 1.9818203124809947e-05
1419660 1.862042126877725e-05
1432805 1.7495004767527703e-05
1445950 1.6437584764746396e-05
1459095 1.5444055783211258e-05
1472240 1.4510559891963218e-05
1485385 1.3633471819922416e-05
1498530 1.2809384959870315e-05
1511675 1.2035098210193967e-05
1524820 1.1307603604814032e-05
1537965 1.0624074684408708e-05
1551110 9.981855564953138e-06
1564255 9.378450662164695e-06
1577400 8.811515032673689e-06
1590545 8.278845295292547e-06
1603690 7.778371097666437e-06
1616835 7.30814709586948e-06
1629980 6.866345416158687e-06
1643125 6.451248570203683e-06
1656270 6.061242796505037e-06
1669415 5.694811802585756e-06
1682560 5.350530883947366e-06
1695705 5.027061397103877e-06
1708850 4.72314556559765e-06
1721995 4.437601598867441e-06
1735140 4.169319105315136e-06
1748285 3.917254781804144e-06
1761430 3.680428363050589e-06
1774575 3.4579188152184664e-06
1787720 3.248860759075961e-06
1800865 3.0524411089079967e-06
1814010 2.8678959141607147e-06
1827155 2.694507391664408e-06
1840300 2.5316011369163477e-06
1853445 2.378543503687297e-06
1866590 2.2347391417341933e-06
1879735 2.099628683209856e-06
1892880 1.97268656868671e-06
1906025 1.8534190044643822e-06
1919170 1.7413620431814408e-06
1932315 1.6360797803864624e-06
1945460 1.5371626599317706e-06
1958605 1.4442258818216785e-06
1971750 1.3569079061080333e-06
1984895 1.2748690472637325e-06
1998040 1.1977901533460553e-06
2011185 1.1253713650804381e-06
2024330 1.0573309498053754e-06
2037475 9.934042059182163e-07
2050620 9.333424334893869e-07
2063765 8.76911967112419e-07
2076910 8.23893267143036e-07
2090055 7.740800658743302e-07
2103200 7.272785653034824e-07
2116345 6.833066833866058e-07
2129490 6.419933458456928e-07
2142635 6.031778207417002e-07
2155780 5.667090933079641e-07
2168925 5.324452785398712e-07
2182070 5.002530692943194e-07
2195215 4.7000721774791143e-07
2208360 4.415900481903254e-07
2221505 4.1489099926808604e-07
2234650 3.898061939188596e-07
2247795 3.6623803523812976e-07
2260940 3.440948268670571e-07
2274085 3.232904162396577e-07
2287230 3.0374385945591137e-07
2300375 2.8537910637307234e-07
2313520 2.6812470476072353e-07
2326665 2.5191352232001307e-07
2339810 2.3668248551930032e-07
2352955 2.2237233420711183e-07
2366100 2.0892739108560598e-07
2379245 1.9629534507049906e-07
2392390 1.8442704780713415e-07
2405535 1.7327632243283042e-07
2418680 1.627997839462672e-07
2431825 1.5295667040327726e-07
2444970 1.4370868433016132e-07
2458115 1.350198437404318e-07
2471260 1.2685634212354635e-07
2484405 1.1918641692598014e-07
2497550 1.1198022597212753e-07
2510695 1.0520973137227024e-07
2523840 9.884859041627697e-08
2536985 9.287205308874252e-08
2550130 8.725686579096753e-08
2563275 8.19811808473736e-08
2576420 7.702447151619607e-08
2589565 7.236745212108042e-08
2602710 6.7992003014751e-08
2615855 6.388110007898157e-08
2629000 6.001874849545508e-08
2642145 5.6389920511691616e-08
2655290 5.298049696959156e-08
2668435 4.977721236240629e-08
2681580 4.676760324839879e-08
2694725 4.3939959720219746e-08
2707870 4.128327988142666e-08
2721015 3.878722701876336e-08
2734160 3.6442089386932996e-08
2747305 3.423874243239228e-08
2760450 3.216861327315357e-08
2773595 3.022364737041011e-08
2786740 2.8396277163868222e-08
2799885 2.667939264042879e-08
2813030 2.5066313663613116e-08
2826175 2.3550763997813584e-08
2839320 2.2126846865172523e-08
2852465 2.0789022026415638e-08
2865610 1.9532084200891975e-08
2878755 1.8351142850106528e-08
2891900 1.7241603091425195e-08
2905045 1.6199147878995235e-08
2918190 1.5219721182131718e-08
2931335 1.4299512192395003e-08
2944480 1.3434940516858507e-08
2957625 1.2622642232666681e-08
2970770 1.185945680548528e-08
2983915 1.1142414805924428e-08
2997060 1.0468726315514265e-08
3010205 9.83577012111242e-09
3023350 9.241083480035495e-09
3036495 8.682352550457018e-09
3049640 8.157403397733576e-09
3062785 7.664193522882723e-09
3075930 7.200803912345288e-09
3089075 6.7654315873480475e-09
3102220 6.356382581743092e-09
3115365 5.972065342252364e-09
3128510 5.610984545913189e-09
3141655 5.271735280948375e-09
3154800 4.952997573713647e-09
3167945 4.653531272130751e-09
3181090 4.372171189329088e-09
3194235 4.107822589895227e-09
3207380 3.859456937198302e-09
3220525 3.626107878372531e-09
3233670 3.40686748083463e-09
3246815 3.2008827151319696e-09
3259960 3.007352127742946e-09
3273105 2.8255227142379158e-09
3286250 2.6546869988722244e-09
3299395 2.4941802911210287e-09
3312540 2.3433780783899127e-09
3325685 2.201693615616618e-09
3338830 2.068575625895075e-09
3351975 1.9435061667655296e-09
3365120 1.825998612731139e-09
3378265 1.715595755735766e-09
3391410 1.6118680314092249e-09
3404555 1.5144118598042766e-09
3417700 1.4228480451142222e-09
3430845 1.3368203297808856e-09
3443990 1.2559939911033213e-09
3457135 1.1800545419299313e-09
3470280 1.108706521556202e-09
3483425 1.0416723100412084e-09
3496570 9.786911021186784e-10
3509715 9.195178403420545e-10
3522860 8.639222904768817e-10
3536005 8.116881325057057e-10
3549150 7.626121444406775e-10
3562295 7.16503373125732e-10
3575440 6.731824099895367e-10
3588585 6.324807006255484e-10
3601730 5.942398821276451e-10
3614875 5.583111689980158e-10
3628020 5.245547650759019e-10
3641165 4.928393257733199e-10
3654310 4.630414558726148e-10
3667455 4.3504521166082277e-10
3680600 4.0874166551407853e-10
3693745 3.840284739514699e-10
3706890 3.6080948905697907e-10
3720035 3.389943568909981e-10
3733180 3.1849820263801787e-10
3746325 2.992412827945712e-10
3759470 2.8114866424538976e-10
3772615 2.641499571159889e-10
3785760 2.481790198696765e-10
3798905 2.331737095073727e-10
3812050 2.1907564651257871e-10
3825195 2.058299737248137e-10
3838340 1.9338516031586206e-10
3851485 1.816927728062745e-10
3864630 1.7070733021595785e-10
3877775 1.603860872237406e-10
3890920 1.506888884506008e-10
3904065 1.4157798544633948e-10
3917210 1.3301795168813024e-10
3930355 1.2497547267897868e-10
3943500 1.1741924620112254e-10
3956645 1.1031988864096398e-10
3969790 1.0364976845561591e-10
3982935 9.738293071243076e-11
3996080 9.149500167920932e-11
4009225 8.596306305674872e-11
4022370 8.076559646769121e-11
4035515 7.588237763839212e-11
4048660 7.129440527525732e-11
4061805 6.698382733899555e-11
4074950 6.293387772721148e-11
4088095 5.912879214031719e-11
4101240 5.555376731553041e-11
4114385 5.2194893372659035e-11
4127530 4.903910524184374e-11
4140675 4.6074121948236346e-11
4153820 4.328840671335987e-11
4166965 4.06711183828512e-11
4180110 3.8212074997268086e-11
4193255 3.5901710424002253e-11
4206400 3.373103445863945e-11
4219545 3.16915972631282e-11
4232690 2.977547288590676e-11
4245835 2.7975202016028433e-11
4258980 2.6283777238012007e-11
4272125 2.4694619613074842e-11
4285270 2.3201537913131176e-11
4298415 2.1798735559686033e-11
4311560 2.0480752510598776e-11
4324705 1.9242452249657038e-11
4337850 1.8079019184491507e-11
4350995 1.6985935227809e-11
4364140 1.595893209249688e-11
4377285 1.499403205762473e-11
4390430 1.4087472507973153e-11
4403575 1.3235713740289423e-11
4416720 1.2435464116777872e-11
4429865 1.1683595931011315e-11
4443010 1.0977187908656205e-11
4456155 1.0313485308832693e-11
4469300 9.689918138711118e-12
4482445 9.10404997916947e-12
4495590 8.553601403560318e-12
4508735 8.036436967284732e-12
4521880 7.55054439111058e-12
4535025 7.094020683384716e-12
4548170 6.665105967140761e-12
4561315 6.262124499500921e-12
4574460 5.883508090442913e-12
4587605 5.527779622926943e-12
4600750 5.193561726513085e-12
4613895 4.8795455523387155e-12
4627040 4.58452546758803e-12
4640185 4.307339207532124e-12
4653330 4.046911243615892e-12
4666475 3.802227629967625e-12
4679620 3.5723377381224886e-12
4692765 3.3563464507668783e-12
4705910 3.1534141617384215e-12
4719055 2.9627567760259765e-12
4732200 2.7836240257261835e-12
4745345 2.6153263582573416e-12
4758490 2.4571993745281517e-12
4771635 2.308627247704642e-12
4784780 2.1690461926571203e-12
4797925 2.0379054346819636e-12
4811070 1.914688026183331e-12
4824215 1.7989229897374948e-12
4837360 1.690154093070273e-12
4850505 1.5879676046326452e-12
4863650 1.4919584664929708e-12
4876795 1.4017493762952249e-12
4889940 1.316996858791164e-12
4903085 1.2373687144351386e-12
4916230 1.162550958277997e-12
4929375 1.0922634324783687e-12
4942520 1.0262233771096696e-12
4955665 9.641740530974552e-13
4968810 9.058830074959445e-13
4981955 8.511108484654528e-13
4995100 7.996485418271249e-13
5008245 7.513026659133892e-13
5021390 7.058771969714606e-13
5034535 6.632012647389551e-13
5047680 6.231048663152272e-13
5060825 5.85425805055273e-13
5073970 5.500296398897042e-13
5087115 5.167758582169668e-13
5100260 4.855334884146245e-13
5113405 4.56176763030669e-13
5126550 4.285937924008998e-13
5139695 4.026848299254482e-13
5152840 3.7833278176968577e-13
5165985 3.554569832919796e-13
5179130 3.339680962333169e-13
5192275 3.137759149729469e-13
5205420 2.9480324431618854e-13
5218565 2.769824300474788e-13
5231710 2.602362769721367e-13
5244855 2.4450233504502705e-13
5258000 2.2971555213580075e-13
5271145 2.1582822334886842e-13
5284290 2.027778986390949e-13
5297435 1.9051774047262882e-13
5310580 1.7900264603909477e-13
5323725 1.681701652933576e-13
5336870 1.5800642044760949e-13
5350015 1.484532982654052e-13
5363160 1.3947697163896322e-13
5376305 1.310496849926679e-13
5389450 1.231202639839779e-13
5402595 1.156791676337754e-13
5415740 1.0868302785516093e-13
5428885 1.0211189532816078e-13
5442030 9.593714711542134e-14
5455175 9.014230334392082e-14
5468320 8.468920009718772e-14
5481465 7.956916375784218e-14
5494610 7.475877555895849e-14
5507755 7.023721881882494e-14
5520900 6.598801366441975e-14
5534045 6.199988439314907e-14
5547190 5.824854487634923e-14
5560335 5.4724454134902345e-14
5573480 5.141980591316653e-14
5586625 4.8308579359002124e-14
5599770 4.5390774472409134e-14
5612915 4.264383984819986e-14
5626060 4.0066040762898325e-14
5639205 3.7642632066958726e-14
5652350 3.536927695169112e-14
5665495 3.3226026097121775e-14
5678640 3.122242048236856e-14
5691785 2.933243925529183e-14
5704930 2.7563021309795488e-14
5718075 2.5895084687643788e-14
5731220 2.4331231474050696e-14
5744365 2.285671651947041e-14
5757510 2.1475009270854883e-14
5770655 2.0175701387348255e-14
5783800 1.895532342199857e-14
5796945 1.781040592785388e-14
5810090 1.6737479457962223e-14
5823235 1.5720064139301826e-14
5836380 1.4770303036204524e-14
5849525 1.3879522531290434e-14
5862670 1.3042518454131624e-14
5875815 1.2250617187348212e-14
5888960 1.150728817789215e-14
5902105 1.0813398787501427e-14
5915250 1.0160275398796159e-14
5928395 9.54618328830037e-15
5941540 8.969387732538081e-15
5954685 8.42641928455734e-15
5967830 7.916410582620159e-15
5980975 7.440228988464526e-15
5994120 1.0658141036401503e-14
6007265 6.567663080048192e-15
6020410 6.170411404049503e-15
6033555 5.793976409762536e-15
6046700 5.446164352829186e-15
6059845 7.105427357601002e-15
6072990 7.105427357601002e-15
6086135 7.105427357601002e-15
6099280 7.105427357601002e-15
6112425 7.105427357601002e-15
6125570 7.105427357601002e-15
6138715 5.329070518200751e-15
6151860 7.105427357601002e-15
6165005 5.329070518200751e-15
6178150 7.105427357601002e-15
6191295 7.105427357601002e-15
6204440 7.105427357601002e-15
6217585 7.105427357601002e-15
6230730 7.105427357601002e-15
6243875 5.329070518200751e-15
6257020 7.105427357601002e-15
6270165 7.105427357601002e-15
6283310 7.105427357601002e-15
6296455 5.329070518200751e-15
6309600 5.329070518200751e-15
6322745 7.105427357601002e-15
6335890 7.105427357601002e-15
6349035 5.329070518200751e-15
6362180 7.105427357601002e-15
6375325 7.105427357601002e-15
6388470 5.329070518200751e-15
6401615 5.329070518200751e-15
6414760 3.552713678800501e-15
6427905 7.105427357601002e-15
6441050 5.329070518200751e-15
6454195 3.552713678800501e-15
6467340 3.552713678800501e-15
6480485 7.105427357601002e-15
6493630 7.105427357601002e-15
6506775 5.329070518200751e-15
6519920 5.329070518200751e-15
6533065 7.105427357601002e-15
6546210 5.329070518200751e-15
6559355 7.105427357601002e-15
6572500 5.329070518200751e-15
6585645 3.552713678800501e-15
6598790 5.329070518200751e-15
6611935 7.105427357601002e-15
6625080 5.329070518200751e-15
6638225 4.440892098500626e-15
6651370 3.552713678800501e-15
6664515 5.329070518200751e-15
6677660 7.105427357601002e-15
6690805 7.105427357601002e-15
6703950 7.105427357601002e-15
6717095 5.329070518200751e-15
6730240 3.552713678800501e-15
6743385 5.329070518200751e-15
6756530 5.329070518200751e-15
6769675 5.329070518200751e-15
6782820 3.552713678800501e-15
6795965 5.329070518200751e-15
6809110 5.329070518200751e-15
6822255 3.552713678800501e-15
6835400 5.329070518200751e-15
6848545 5.329070518200751e-15
6861690 5.329070518200751e-15
6874835 5.329070518200751e-15
6887980 3.552713678800501e-15
6901125 5.329070518200751e-15
6914270 5.329070518200751e-15
6927415 7.105427357601002e-15
6940560 5.329070518200751e-15
6953705 5.329070518200751e-15
6966850 3.552713678800501e-15
6979995 5.329070518200751e-15
6993140 5.329070518200751e-15
7006285 5.329070518200751e-15
7019430 3.552713678800501e-15
7032575 5.329070518200751e-15
7045720 3.552713678800501e-15
7058865 7.105427357601002e-15
7072010 5.329070518200751e-15
7085155 5.329070518200751e-15
7098300 5.329070518200751e-15
7111445 5.329070518200751e-15
7124590 5.329070518200751e-15
7137735 5.329070518200751e-15
7150880 5.329070518200751e-15
7164025 5.329070518200751e-15
7177170 5.329070518200751e-15
7190315 5.329070518200751e-15
7203460 5.329070518200751e-15
7216605 5.329070518200751e-15
7229750 5.329070518200751e-15
7242895 5.329070518200751e-15
7256040 5.329070518200751e-15
7269185 5.329070518200751e-15
7282330 5.329070518200751e-15
7295475 5.329070518200751e-15
7308620 5.329070518200751e-15
7321765 5.329070518200751e-15
7334910 5.329070518200751e-15
7348055 5.329070518200751e-15
7361200 5.329070518200751e-15
7374345 5.329070518200751e-15
7387490 3.552713678800501e-15
7400635 5.329070518200751e-15
7413780 5.329070518200751e-15
7426925 5.329070518200751e-15
7440070 3.552713678800501e-15
7453215 5.329070518200751e-15
7466360 3.552713678800501e-15
7479505 5.329070518200751e-15
7492650 3.552713678800501e-15
7505795 5.329070518200751e-15
7518940 3.552713678800501e-15
7532085 5.329070518200751e-15
7545230 3.552713678800501e-15
7558375 5.329070518200751e-15
7571520 3.552713678800501e-15
7584665 7.105427357601002e-15
7597810 3.552713678800501e-15
7610955 5.329070518200751e-15
7624100 5.329070518200751e-15
7637245 5.329070518200751e-15
7650390 3.552713678800501e-15
7663535 5.329070518200751e-15
7676680 3.552713678800501e-15
7689825 5.329070518200751e-15
7702970 3.552713678800501e-15
7716115 5.329070518200751e-15
7729260 3.552713678800501e-15
7742405 5.329070518200751e-15
7755550 3.552713678800501e-15
7768695 5.329070518200751e-15
7781840 3.552713678800501e-15
7794985 5.329070518200751e-15
7808130 3.552713678800501e-15
7821275 5.329070518200751e-15
7834420 3.552713678800501e-15
7847565 5.329070518200751e-15
7860710 3.552713678800501e-15
7873855 5.329070518200751e-15
7887000 5.329070518200751e-15
7900145 5.329070518200751e-15
7913290 5.329070518200751e-15
7926435 5.329070518200751e-15
7939580 3.552713678800501e-15
7952725 5.329070518200751e-15
7965870 3.552713678800501e-15
7979015 5.329070518200751e-15
7992160 3.552713678800501e-15
8005305 5.329070518200751e-15
8018450 3.552713678800501e-15
8031595 5.329070518200751e-15
8044740 3.552713678800501e-15
8057885 5.329070518200751e-15
8071030 3.552713678800501e-15
8084175 5.329070518200751e-15
8097320 3.552713678800501e-15
8110465 5.329070518200751e-15
8123610 3.552713678800501e-15
8136755 5.329070518200751e-15
8149900 3.552713678800501e-15
8163045 5.329070518200751e-15
8176190 3.552713678800501e-15
8189335 5.329070518200751e-15
8202480 3.552713678800501e-15
8215625 5.329070518200751e-15
8228770 3.552713678800501e-15
8241915 5.329070518200751e-15
8255060 3.552713678800501e-15
8268205 5.329070518200751e-15
8281350 3.552713678800501e-15
8294495 5.329070518200751e-15
8307640 3.552713678800501e-15
8320785 5.329070518200751e-15
8333930 3.552713678800501e-15
8347075 5.329070518200751e-15
8360220 3.552713678800501e-15
8373365 5.329070518200751e-15
8386510 3.552713678800501e-15
8399655 5.329070518200751e-15
8412800 3.552713678800501e-15
8425945 5.329070518200751e-15
8439090 3.552713678800501e-15
8452235 5.329070518200751e-15
8465380 3.552713678800501e-15
8478525 5.329070518200751e-15
8491670 3.552713678800501e-15
8504815 5.329070518200751e-15
8517960 3.552713678800501e-15
8531105 5.329070518200751e-15
8544250 3.552713678800501e-15
8557395 5.329070518200751e-15
8570540 3.552713678800501e-15
8583685 5.329070518200751e-15
8596830 3.552713678800501e-15
8609975 5.329070518200751e-15
8623120 3.552713678800501e-15
8636265 5.329070518200751e-15
8649410 3.552713678800501e-15
8662555 5.329070518200751e-15
8675700 3.552713678800501e-15
8688845 5.329070518200751e-15
8701990 3.552713678800501e-15
8715135 5.329070518200751e-15
8728280 3.552713678800501e-15
8741425 5.329070518200751e-15
8754570 3.552713678800501e-15
8767715 5.329070518200751e-15
8780860 3.552713678800501e-15
8794005 5.329070518200751e-15
8807150 3.552713678800501e-15
8820295 5.329070518200751e-15
8833440 3.552713678800501e-15
8846585 5.329070518200751e-15
8859730 3.552713678800501e-15
8872875 5.329070518200751e-15
8886020 3.552713678800501e-15
8899165 5.329070518200751e-15
8912310 3.552713678800501e-15
8925455 5.329070518200751e-15
8938600 3.552713678800501e-15
8951745 5.329070518200751e-15
8964890 3.552713678800501e-15
8978035 5.329070518200751e-15
8991180 3.552713678800501e-15
9004325 5.329070518200751e-15
9017470 3.552713678800501e-15
9030615 5.329070518200751e-15
9043760 3.552713678800501e-15
9056905 5.329070518200751e-15
9070050 3.552713678800501e-15
9083195 5.329070518200751e-15
9096340 3.552713678800501e-15
9109485 5.329070518200751e-15
9122630 3.552713678800501e-15
9135775 5.329070518200751e-15
9148920 3.552713678800501e-15
9162065 5.329070518200751e-15
9175210 3.552713678800501e-15
9188355 5.329070518200751e-15
9201500 3.552713678800501e-15
9214645 5.329070518200751e-15
9227790 3.552713678800501e-15
9240935 5.329070518200751e-15
9254080 3.552713678800501e-15
9267225 5.329070518200751e-15
9280370 3.552713678800501e-15
9293515 5.329070518200751e-15
9306660 3.552713678800501e-15
9319805 5.329070518200751e-15
9332950 3.552713678800501e-15
9346095 5.329070518200751e-15
9359240 3.552713678800501e-15
9372385 5.329070518200751e-15
9385530 3.552713678800501e-15
9398675 5.329070518200751e-15
9411820 3.552713678800501e-15
9424965 5.329070518200751e-15
9438110 3.552713678800501e-15
9451255 5.329070518200751e-15
9464400 3.552713678800501e-15
9477545 5.329070518200751e-15
9490690 3.552713678800501e-15
9503835 5.329070518200751e-15
9516980 3.552713678800501e-15
9530125 5.329070518200751e-15
9543270 3.552713678800501e-15
9556415 5.329070518200751e-15
9569560 3.552713678800501e-15
9582705 5.329070518200751e-15
9595850 3.552713678800501e-15
9608995 5.329070518200751e-15
9622140 3.552713678800501e-15
9635285 5.329070518200751e-15
9648430 3.552713678800501e-15
9661575 5.329070518200751e-15
9674720 3.552713678800501e-15
9687865 5.329070518200751e-15
9701010 3.552713678800501e-15
9714155 5.329070518200751e-15
9727300 3.552713678800501e-15
9740445 5.329070518200751e-15
9753590 3.552713678800501e-15
9766735 5.329070518200751e-15
9779880 3.552713678800501e-15
9793025 5.329070518200751e-15
9806170 3.552713678800501e-15
9819315 5.329070518200751e-15
9832460 3.552713678800501e-15
9845605 5.329070518200751e-15
9858750 3.552713678800501e-15
9871895 5.329070518200751e-15
9885040 3.552713678800501e-15
9898185 5.329070518200751e-15
9911330 3.552713678800501e-15
9924475 5.329070518200751e-15
9937620 3.552713678800501e-15
9950765 5.329070518200751e-15
9963910 3.552713678800501e-15
9977055 5.329070518200751e-15
9990200 3.552713678800501e-15
10003345 5.329070518200751e-15
10016490 3.552713678800501e-15
10029635 5.329070518200751e-15
10042780 3.552713678800501e-15
10055925 5.329070518200751e-15
10069070 3.552713678800501e-15
10082215 5.329070518200751e-15
10095360 3.552713678800501e-15
10108505 5.329070518200751e-15
10121650 3.552713678800501e-15
10134795 5.329070518200751e-15
10147940 3.552713678800501e-15
10161085 5.329070518200751e-15
10174230 3.552713678800501e-15
10187375 5.329070518200751e-15
10200520 3.552713678800501e-15
10213665 5.329070518200751e-15
10226810 3.552713678800501e-15
10239955 5.329070518200751e-15
10253100 3.552713678800501e-15
10266245 5.329070518200751e-15
10279390 3.552713678800501e-15
10292535 5.329070518200751e-15
10305680 3.552713678800501e-15
10318825 5.329070518200751e-15
10331970 3.552713678800501e-15
10345115 5.329070518200751e-15
10358260 3.552713678800501e-15
10371405 5.329070518200751e-15
10384550 3.552713678800501e-15
10397695 5.329070518200751e-15
10410840 3.552713678800501e-15
10423985 5.329070518200751e-15
10437130 3.552713678800501e-15
10450275 5.329070518200751e-15
10463420 3.552713678800501e-15
10476565 5.329070518200751e-15
10489710 3.552713678800501e-15
10502855 5.329070518200751e-15
10516000 3.552713678800501e-15
10529145 5.329070518200751e-15
10542290 3.552713678800501e-15
10555435 5.329070518200751e-15
10568580 3.552713678800501e-15
10581725 5.329070518200751e-15
10594870 3.552713678800501e-15
10608015 5.329070518200751e-15
10621160 3.552713678800501e-15
10634305 5.329070518200751e-15
10647450 3.552713678800501e-15
10660595 5.329070518200751e-15
10673740 3.552713678800501e-15
10686885 5.329070518200751e-15
10700030 3.552713678800501e-15
10713175 5.329070518200751e-15
10726320 3.552713678800501e-15
10739465 5.329070518200751e-15
10752610 3.552713678800501e-15
10765755 5.329070518200751e-15
10778900 3.552713678800501e-15
10792045 5.329070518200751e-15
10805190 3.552713678800501e-15
10818335 5.329070518200751e-15
10831480 3.552713678800501e-15
10844625 5.329070518200751e-15
10857770 3.552713678800501e-15
10870915 5.329070518200751e-15
10884060 3.552713678800501e-15
10897205 5.329070518200751e-15
10910350 3.552713678800501e-15
10923495 5.329070518200751e-15
10936640 3.552713678800501e-15
10949785 5.329070518200751e-15
10962930 3.552713678800501e-15
10976075 5.329070518200751e-15
10989220 3.552713678800501e-15
11002365 5.329070518200751e-15
11015510 3.552713678800501e-15
11028655 5.329070518200751e-15
11041800 3.552713678800501e-15
11054945 5.329070518200751e-15
11068090 3.552713678800501e-15
11081235 5.329070518200751e-15
11094380 3.552713678800501e-15
11107525 5.329070518200751e-15
11120670 3.552713678800501e-15
11133815 5.329070518200751e-15
11146960 3.552713678800501e-15
11160105 5.329070518200751e-15
11173250 3.552713678800501e-15
11186395 5.329070518200751e-15
11199540 3.552713678800501e-15
11212685 5.329070518200751e-15
11225830 3.552713678800501e-15
11238975 5.329070518200751e-15
11252120 3.552713678800501e-15
11265265 5.329070518200751e-15
11278410 3.552713678800501e-15
11291555 5.329070518200751e-15
11304700 3.552713678800501e-15
11317845 5.329070518200751e-15
11330990 5.329070518200751e-15
11344135 5.329070518200751e-15
11357280 3.552713678800501e-15
11370425 5.329070518200751e-15
11383570 3.552713678800501e-15
11396715 5.329070518200751e-15
11409860 3.552713678800501e-15
11423005 5.329070518200751e-15
11436150 3.552713678800501e-15
11449295 5.329070518200751e-15
11462440 3.552713678800501e-15
11475585 5.329070518200751e-15
11488730 3.552713678800501e-15
11501875 5.329070518200751e-15
11515020 3.552713678800501e-15
11528165 5.329070518200751e-15
11541310 3.552713678800501e-15
11554455 5.329070518200751e-15
11567600 3.552713678800501e-15
11580745 5.329070518200751e-15
11593890 3.552713678800501e-15
11607035 5.329070518200751e-15
11620180 3.552713678800501e-15
11633325 5.329070518200751e-15
11646470 3.552713678800501e-15
11659615 5.329070518200751e-15
11672760 3.552713678800501e-15
11685905 5.329070518200751e-15
11699050 3.552713678800501e-15
11712195 5.329070518200751e-15
11725340 3.552713678800501e-15
11738485 5.329070518200751e-15
11751630 3.552713678800501e-15
11764775 5.329070518200751e-15
11777920 3.552713678800501e-15
11791065 5.329070518200751e-15
11804210 3.552713678800501e-15
11817355 5.329070518200751e-15
11830500 3.552713678800501e-15
11843645 5.329070518200751e-15
11856790 3.552713678800501e-15
11869935 5.329070518200751e-15
11883080 3.552713678800501e-15
11896225 5.329070518200751e-15
11909370 3.552713678800501e-15
11922515 5.329070518200751e-15
11935660 3.552713678800501e-15
11948805 5.329070518200751e-15
11961950 3.552713678800501e-15
11975095 5.329070518200751e-15
11988240 3.552713678800501e-15
12001385 5.329070518200751e-15
12014530 3.552713678800501e-15
12027675 5.329070518200751e-15
12040820 3.552713678800501e-15
12053965 5.329070518200751e-15
12067110 3.552713678800501e-15
12080255 5.329070518200751e-15
12093400 3.552713678800501e-15
12106545 5.329070518200751e-15
12119690 3.552713678800501e-15
12132835 5.329070518200751e-15
12145980 3.552713678800501e-15
12159125 5.329070518200751e-15
12172270 3.552713678800501e-15
12185415 5.329070518200751e-15
12198560 3.552713678800501e-15
12211705 5.329070518200751e-15
12224850 3.552713678800501e-15
12237995 5.329070518200751e-15
12251140 3.552713678800501e-15
12264285 5.329070518200751e-15
12277430 3.552713678800501e-15
12290575 5.329070518200751e-15
12303720 3.552713678800501e-15
12316865 5.329070518200751e-15
12330010 3.552713678800501e-15
12343155 5.329070518200751e-15
12356300 3.552713678800501e-15
12369445 5.329070518200751e-15
12382590 3.552713678800501e-15
12395735 5.329070518200751e-15
12408880 3.552713678800501e-15
12422025 5.329070518200751e-15
12435170 3.552713678800501e-15
12448315 5.329070518200751e-15
12461460 3.552713678800501e-15
12474605 5.329070518200751e-15
12487750 3.552713678800501e-15
12500895 5.329070518200751e-15
12514040 3.552713678800501e-15
12527185 5.329070518200751e-15
12540330 3.552713678800501e-15
12553475 5.329070518200751e-15
12566620 3.552713678800501e-15
12579765 5.329070518200751e-15
12592910 3.552713678800501e-15
12606055 5.329070518200751e-15
12619200 3.552713678800501e-15
12632345 5.329070518200751e-15
12645490 3.552713678800501e-15
12658635 5.329070518200751e-15
12671780 3.552713678800501e-15
12684925 5.329070518200751e-15
12698070 3.552713678800501e-15
12711215 5.329070518200751e-15
12724360 3.552713678800501e-15
12737505 5.329070518200751e-15
12750650 3.552713678800501e-15
12763795 5.329070518200751e-15
12776940 3.552713678800501e-15
12790085 5.329070518200751e-15
12803230 3.552713678800501e-15
12816375 5.329070518200751e-15
12829520 3.552713678800501e-15
12842665 5.329070518200751e-15
12855810 3.552713678800501e-15
12868955 5.329070518200751e-15
12882100 3.552713678800501e-15
12895245 5.329070518200751e-15
12908390 3.552713678800501e-15
12921535 5.329070518200751e-15
12934680 3.552713678800501e-15
12947825 5.329070518200751e-15
12960970 3.552713678800501e-15
12974115 5.329070518200751e-15
12987260 3.552713678800501e-15
13000405 5.329070518200751e-15
13013550 3.552713678800501e-15
13026695 5.329070518200751e-15
13039840 3.552713678800501e-15
13052985 5.329070518200751e-15
13066130 3.552713678800501e-15
13079275 5.329070518200751e-15
13092420 3.552713678800501e-15
13105565 5.329070518200751e-15
13118710 3.552713678800501e-15
13131855 5.329070518200751e-15
13145000 3.552713678800501e-15
13158145 5.329070518200751e-15
13171290 3.552713678800501e-15
13184435 5.329070518200751e-15
13197580 3.552713678800501e-15
13210725 5.329070518200751e-15
13223870 3.552713678800501e-15
13237015 5.329070518200751e-15
13250160 3.552713678800501e-15
13263305 5.329070518200751e-15
13276450 3.552713678800501e-15
13289595 5.329070518200751e-15
13302740 3.552713678800501e-15
13315885 5.329070518200751e-15
13329030 3.552713678800501e-15
13342175 5.329070518200751e-15
13355320 3.552713678800501e-15
13368465 5.329070518200751e-15
13381610 3.552713678800501e-15
13394755 5.329070518200751e-15
13407900 3.552713678800501e-15
13421045 5.329070518200751e-15
13434190 3.552713678800501e-15
13447335 5.329070518200751e-15
13460480 3.552713678800501e-15
13473625 5.329070518200751e-15
13486770 3.552713678800501e-15
13499915 5.329070518200751e-15
13513060 5.329070518200751e-15
13526205 5.329070518200751e-15
13539350 3.552713678800501e-15
13552495 5.329070518200751e-15
13565640 3.552713678800501e-15
13578785 5.329070518200751e-15
13591930 3.552713678800501e-15
13605075 5.329070518200751e-15
13618220 3.552713678800501e-15
13631365 5.329070518200751e-15
13644510 3.552713678800501e-15
13657655 5.329070518200751e-15
13670800 3.552713678800501e-15
13683945 5.329070518200751e-15
13697090 3.552713678800501e-15
13710235 5.329070518200751e-15
13723380 3.552713678800501e-15
13736525 5.329070518200751e-15
13749670 3.552713678800501e-15
13762815 5.329070518200751e-15
13775960 3.552713678800501e-15
13789105 5.329070518200751e-15
13802250 3.552713678800501e-15
13815395 5.329070518200751e-15
13828540 3.552713678800501e-15
13841685 5.329070518200751e-15
13854830 3.552713678800501e-15
13867975 5.329070518200751e-15
13881120 3.552713678800501e-15
13894265 5.329070518200751e-15
13907410 3.552713678800501e-15
13920555 5.329070518200751e-15
13933700 3.552713678800501e-15
13946845 5.329070518200751e-15
13959990 3.552713678800501e-15
13973135 5.329070518200751e-15
13986280 3.552713678800501e-15
13999425 5.329070518200751e-15
14012570 3.552713678800501e-15
14025715 5.329070518200751e-15
14038860 3.552713678800501e-15
14052005 5.329070518200751e-15
14065150 3.552713678800501e-15
14078295 5.329070518200751e-15
14091440 3.552713678800501e-15
14104585 5.329070518200751e-15
14117730 3.552713678800501e-15
14130875 5.329070518200751e-15
14144020 3.552713678800501e-15
14157165 5.329070518200751e-15
14170310 3.552713678800501e-15
14183455 5.329070518200751e-15
14196600 3.552713678800501e-15
14209745 5.329070518200751e-15
14222890 3.552713678800501e-15
14236035 5.329070518200751e-15
14249180 3.552713678800501e-15
14262325 5.329070518200751e-15
14275470 3.552713678800501e-15
14288615 5.329070518200751e-15
14301760 3.552713678800501e-15
14314905 5.329070518200751e-15
14328050 3.552713678800501e-15
14341195 5.329070518200751e-15
14354340 3.552713678800501e-15
14367485 5.329070518200751e-15
14380630 3.552713678800501e-15
14393775 5.329070518200751e-15
14406920 3.552713678800501e-15
14420065 5.329070518200751e-15
14433210 3.552713678800501e-15
14446355 5.329070518200751e-15
14459500 3.552713678800501e-15
14472645 5.329070518200751e-15
14485790 3.552713678800501e-15
14498935 5.329070518200751e-15
14512080 3.552713678800501e-15
14525225 5.329070518200751e-15
14538370 3.552713678800501e-15
14551515 5.329070518200751e-15
14564660 3.552713678800501e-15
14577805 5.329070518200751e-15
14590950 3.552713678800501e-15
14604095 5.329070518200751e-15
14617240 3.552713678800501e-15
14630385 5.329070518200751e-15
14643530 3.552713678800501e-15
14656675 5.329070518200751e-15
14669820 3.552713678800501e-15
14682965 5.329070518200751e-15
14696110 3.552713678800501e-15
14709255 5.329070518200751e-15
14722400 3.552713678800501e-15
14735545 5.329070518200751e-15
14748690 3.552713678800501e-15
14761835 5.329070518200751e-15
14774980 3.552713678800501e-15
14788125 5.329070518200751e-15
14801270 3.552713678800501e-15
14814415 5.329070518200751e-15
14827560 3.552713678800501e-15
14840705 5.329070518200751e-15
14853850 3.552713678800501e-15
14866995 5.329070518200751e-15
14880140 3.552713678800501e-15
14893285 5.329070518200751e-15
14906430 3.552713678800501e-15
14919575 5.329070518200751e-15
14932720 3.552713678800501e-15
14945865 5.329070518200751e-15
14959010 3.552713678800501e-15
14972155 5.329070518200751e-15
14985300 3.552713678800501e-15
14998445 5.329070518200751e-15
15011590 3.552713678800501e-15
15024735 5.329070518200751e-15
15037880 3.552713678800501e-15
15051025 5.329070518200751e-15
15064170 3.552713678800501e-15
15077315 5.329070518200751e-15
15090460 3.552713678800501e-15
15103605 5.329070518200751e-15
15116750 3.552713678800501e-15
15129895 5.329070518200751e-15
15143040 3.552713678800501e-15
15156185 5.329070518200751e-15
15169330 3.552713678800501e-15
15182475 5.329070518200751e-15
15195620 3.552713678800501e-15
15208765 5.329070518200751e-15
15221910 3.552713678800501e-15
15235055 5.329070518200751e-15
15248200 3.552713678800501e-15
15261345 5.329070518200751e-15
15274490 3.552713678800501e-15
15287635 5.329070518200751e-15
15300780 3.552713678800501e-15
15313925 5.329070518200751e-15
15327070 3.552713678800501e-15
15340215 5.329070518200751e-15
15353360 3.552713678800501e-15
15366505 5.329070518200751e-15
15379650 3.552713678800501e-15
15392795 5.329070518200751e-15
15405940 3.552713678800501e-15
15419085 5.329070518200751e-15
15432230 3.552713678800501e-15
15445375 5.329070518200751e-15
15458520 3.552713678800501e-15
15471665 5.329070518200751e-15
15484810 3.552713678800501e-15
15497955 5.329070518200751e-15
15511100 3.552713678800501e-15
15524245 5.329070518200751e-15
15537390 3.552713678800501e-15
15550535 5.329070518200751e-15
15563680 3.552713678800501e-15
15576825 5.329070518200751e-15
15589970 3.552713678800501e-15
15603115 5.329070518200751e-15
15616260 3.552713678800501e-15
15629405 5.329070518200751e-15
15642550 3.552713678800501e-15
15655695 5.329070518200751e-15
15668840 3.552713678800501e-15
15681985 5.329070518200751e-15
15695130 3.552713678800501e-15
15708275 5.329070518200751e-15
15721420 3.552713678800501e-15
15734565 5.329070518200751e-15
15747710 3.552713678800501e-15
15760855 5.329070518200751e-15
15774000 3.552713678800501e-15
15787145 5.329070518200751e-15
15800290 3.552713678800501e-15
15813435 5.329070518200751e-15
15826580 3.552713678800501e-15
15839725 5.329070518200751e-15
15852870 3.552713678800501e-15
15866015 5.329070518200751e-15
15879160 3.552713678800501e-15
15892305 5.329070518200751e-15
15905450 3.552713678800501e-15
15918595 5.329070518200751e-15
15931740 3.552713678800501e-15
15944885 5.329070518200751e-15
15958030 3.552713678800501e-15
15971175 5.329070518200751e-15
15984320 3.552713678800501e-15
15997465 5.329070518200751e-15
16010610 3.552713678800501e-15
16023755 5.329070518200751e-15
16036900 3.552713678800501e-15
16050045 5.329070518200751e-15
16063190 3.552713678800501e-15
16076335 5.329070518200751e-15
16089480 3.552713678800501e-15
16102625 5.329070518200751e-15
16115770 3.552713678800501e-15
16128915 5.329070518200751e-15
16142060 3.552713678800501e-15
16155205 5.329070518200751e-15
16168350 3.552713678800501e-15
16181495 5.329070518200751e-15
16194640 3.552713678800501e-15
16207785 5.329070518200751e-15
16220930 3.552713678800501e-15
16234075 5.329070518200751e-15
16247220 3.552713678800501e-15
16260365 5.329070518200751e-15
16273510 3.552713678800501e-15
16286655 5.329070518200751e-15
16299800 3.552713678800501e-15
16312945 5.329070518200751e-15
