0 12.765903980262319
13145 1.865770996101003
26290 0.945624802769915
39435 0.5235682342411492
52580 0.3015134296393809
65725 0.22165516464481305
78870 0.15985016622705617
92015 0.11321394671664597
105160 0.07974169197299652
118305 0.05757375705523504
131450 0.04236795035044061
144595 0.032899722467332415
157740 0.025634499791409526
170885 0.020476367903376036
184030 0.016458877823282148
197175 0.013303101528784
210320 0.010821617960043772
223465 0.009026669006774929
236610 0.007722454059409689
249755 0.006632329075079962
262900 0.005722659275536668
276045 0.004977292152110235
289190 0.004444850958177787
302335 0.00401378714540504
315480 0.0036646710515111924
328625 0.0033932604021485457
341770 0.003145938625517458
354915 0.0029410539163556015
368060 0.0027630001651577085
381205 0.002593780120669298
394350 0.0024334610340022433
407495 0.002281963795983971
420640 0.0021434105645465606
433785 0.002019336095855001
446930 0.0019015409698375368
460075 0.0017897993773158677
473220 0.0016839780162696688
486365 0.0015839047035953735
499510 0.00148937960963956
512655 0.0014001842528523073
525800 0.0013160886341965078
538945 0.0012368568380869832
552090 0.0011622513780808474
565235 0.0010920365219645317
578380 0.0010259807924831027
591525 0.0009638588066247997
604670 0.0009054525877944947
617815 0.0008505524609649373
630960 0.0007989576205106041
644105 0.0007504764434254976
657250 0.0007049266065371068
670395 0.0006621350547299995
683540 0.000621937857690491
696685 0.0005841799849449006
709830 0.0005492464787131418
722975 0.0005163882363073205
736120 0.00048547068679598293
749265 0.0004563828051076836
762410 0.00042901936459746257
775555 0.00040328072662653563
788700 0.0003790726202159665
801845 0.0003563059161917556
814990 0.00033489639931046436
828135 0.0003147645410976757
841280 0.00029583527551652056
854425 0.00027803777908510033
867570 0.0002613052566574972
880715 0.00024557473375793823
893860 0.00023078685609559044
907005 0.0002168856966780694
920150 0.0002038185707740267
933295 0.00019153585884330165
946440 0.00017999083744808797
959585 0.00016913951807796118
972730 0.00015894049375795097
985875 0.0001493547932620732
999020 0.00014034574271851868
1012165 0.00013187883436745554
1025310 0.00012392160221466955
1038455 0.00011644350431264452
1051600 0.00010941581139462322
1064745 0.0001028115015846761
1077890 9.660516090768782e-05
1091035 9.07728893264851e-05
1104180 8.529221203854888e-05
1117325 8.014199577109811e-05
1130470 7.530236982138117e-05
1143615 7.075465159714703e-05
1156760 6.648127642139463e-05
1169905 6.246573137463386e-05
1183050 5.869249295742049e-05
1196195 5.5146968365447566e-05
1209340 5.181544017883108e-05
1222485 4.868501427652584e-05
1235630 4.5743570796071e-05
1248775 4.297971796760926e-05
1261920 4.038274865977333e-05
1275065 3.7942599483477626e-05
1288210 3.56498123075602e-05
1301355 3.34954980480192e-05
1314500 3.14713025999034e-05
1327645 2.9569374788184985e-05
1340790 2.778233622043047e-05
1353935 2.610325293074013e-05
1367080 2.4525608710560323e-05
1380225 2.3043280027583088e-05
1393370 2.1650512439894132e-05
1406515 2.0341898417304202e-05
1419660 1.911235648726327e-05
1432805 1.7957111627118008e-05
1445950 1.6871676829210633e-05
1459095 1.5851835769327763e-05
1472240 1.4893626513219974e-05
1485385 1.3993326199640554e-05
1498530 1.3147436641750346e-05
1511675 1.2352670792470377e-05
1524820 1.1605940022217653e-05
1537965 1.0904342160607955e-05
1551110 1.0245150256715796e-05
1564255 9.625802014773255e-06
1577400 9.04388986506556e-06
1590545 8.49715163212146e-06
1603690 7.983461764246233e-06
1616835 7.50082309102125e-06
1629980 7.047359076917115e-06
1643125 6.621306541504043e-06
1656270 6.221008818035542e-06
1669415 5.844909324301262e-06
1682560 5.491545520880034e-06
1695705 5.159543233528713e-06
1708850 4.847611317937775e-06
1721995 4.554536646057816e-06
1735140 4.279179394899371e-06
1748285 4.02046861944054e-06
1761430 3.7773980926109063e-06
1774575 3.5490223962760664e-06
1787720 3.3344532480890365e-06
1800865 3.132856050041058e-06
1814010 2.9434466452763625e-06
1827155 2.7654882707450756e-06
1840300 2.5982886937593597e-06
1853445 2.441197521468527e-06
1866590 2.2936036727806003e-06
1879735 2.154933002934331e-06
1892880 2.024646071538058e-06
1906025 1.902236045384434e-06
1919170 1.7872267279658849e-06
1932315 1.6791707079591434e-06
1945460 1.577647619641076e-06
1958605 1.4822625082769672e-06
1971750 1.392644294361152e-06
1984895 1.3084443305950988e-06
1998040 1.2293350460440208e-06
2011185 1.1550086722661099e-06
2024330 1.0851760463255825e-06
2037475 1.0195654862365025e-06
2050620 9.57921734280262e-07
2063765 9.000049642259381e-07
2076910 8.455898485321828e-07
2090055 7.944646819137494e-07
2103200 7.464305578994829e-07
2116345 7.013005951343743e-07
2129490 6.588992104471572e-07
2142635 6.190614358575833e-07
2155780 5.816322768848609e-07
2168925 5.464661095872653e-07
2182070 5.134261141220148e-07
2195215 4.823837424644539e-07
2208360 4.532182183922262e-07
2221505 4.258160675755726e-07
2234650 4.000706762020967e-07
2247795 3.7588187618269736e-07
2260940 3.531555554910429e-07
2274085 3.3180329201808884e-07
2287230 3.1174200959636217e-07
2300375 2.9289365479061996e-07
2313520 2.751848932362397e-07
2326665 2.585468243353206e-07
2339810 2.4291471322109015e-07
2352955 2.282277388708509e-07
2366100 2.1442875751485208e-07
2379245 2.0146408028550583e-07
2392390 1.8928326437576276e-07
2405535 1.7783891674821167e-07
2418680 1.6708650977300538e-07
2431825 1.5698420798362922e-07
2444970 1.474927052999911e-07
2458115 1.3857507211601644e-07
2471260 1.3019661161076806e-07
2484405 1.2232472476527562e-07
2497550 1.1492878351261615e-07
2510695 1.0798001158669746e-07
2523840 1.014513725588681e-07
2536985 9.531746466250046e-08
2550130 8.955442192155882e-08
2563275 8.413982134549552e-08
2576420 7.905259563276146e-08
2589565 7.427295126410244e-08
2602710 6.978229144354031e-08
2615855 6.556314375693456e-08
2629000 6.159909219250609e-08
2642145 5.7874713279594536e-08
2655290 5.437551606375657e-08
2668435 5.10878857282529e-08
2681580 4.799903062426697e-08
2694725 4.50969325242398e-08
2707870 4.237029980948964e-08
2721015 3.98085235851775e-08
2734160 3.7401636380010594e-08
2747305 3.5140273362162244e-08
2760450 3.3015635928293485e-08
2773595 3.101945743409079e-08
2786740 2.9143971060248408e-08
2799885 2.738187956843191e-08
2813030 2.572632693854937e-08
2826175 2.4170871658346638e-08
2839320 2.270946168787813e-08
2852465 2.1336410904564118e-08
2865610 2.004637696204764e-08
2878755 1.883434054897326e-08
2891900 1.7695585795285407e-08
2905045 1.662568198997766e-08
2918190 1.562046628936914e-08
2931335 1.4676027547746995e-08
2944480 1.3788691096902617e-08
2957625 1.2955004432928241e-08
2970770 1.2171723814610735e-08
2983915 1.1435801608623841e-08
2997060 1.0744374448305727e-08
3010205 1.0094752091530101e-08
3023350 9.484406952517399e-09
3036495 8.910964277228373e-09
3049640 8.372192870399753e-09
3062785 7.865996459223423e-09
3075930 7.3904055028495286e-09
3089075 6.943569546592754e-09
3102220 6.523750017625729e-09
3115365 6.129313462159558e-09
3128510 5.7587251781412996e-09
3141655 5.410543269489254e-09
3154800 5.083412998700687e-09
3167945 4.776061562732081e-09
3181090 4.487293090056632e-09
3194235 4.2159840332386955e-09
3207380 3.961078755797265e-09
3220525 3.721585473820399e-09
3233670 3.4965723424290607e-09
3246815 3.2851638718384146e-09
3259960 3.0865375038810483e-09
3273105 2.899920413176882e-09
3286250 2.7245864878469583e-09
3299395 2.559853540945456e-09
3312540 2.405080619036215e-09
3325685 2.259665521538168e-09
3338830 2.1230424536444747e-09
3351975 1.994679841438307e-09
3365120 1.874078241551058e-09
3378265 1.7607684095477527e-09
3391410 1.654309475865312e-09
3404555 1.5542872232321425e-09
3417700 1.4603124759773878e-09
3430845 1.372019600362484e-09
3443990 1.2890650569544193e-09
3457135 1.2111260761643594e-09
3470280 1.1378994153182775e-09
3483425 1.0691001582283088e-09
3496570 1.0044606162454284e-09
3509715 9.437292874253655e-10
3522860 8.86669870338308e-10
3536005 8.330603637474177e-10
3549150 7.826921732262404e-10
3562295 7.353693253289717e-10
3575440 6.909076921690627e-10
3588585 6.491342879888506e-10
3601730 6.098865631271044e-10
3614875 5.730118272234686e-10
3628020 5.38366597829798e-10
3641165 5.058160713194981e-10
3654310 4.7523360160312e-10
3667455 4.465002022627229e-10
3680600 4.1950407037028015e-10
3693745 3.9414017188876826e-10
3706890 3.70309814930192e-10
3720035 3.479202750553134e-10
3733180 3.268844500636803e-10
3746325 3.0712047922182295e-10
3759470 2.8855147698320094e-10
3772615 2.711051808393372e-10
3785760 2.547137179995107e-10
3798905 2.3931330962040365e-10
3812050 2.2484403488370885e-10
3825195 2.1124960287999262e-10
3838340 1.9847710020642895e-10
3851485 1.8647685305628325e-10
3864630 1.752021592041353e-10
3877775 1.646091474932776e-10
3890920 1.5465661390434704e-10
3904065 1.453058185926781e-10
3917210 1.3652039308059694e-10
3930355 1.2826614249894508e-10
3943500 1.2051096665716132e-10
3956645 1.1322467182578455e-10
3969790 1.0637892476628164e-10
3982935 9.994707752397636e-11
3996080 9.390411625370687e-11
4009225 8.822651810513893e-11
4022370 8.289220091578509e-11
4035515 7.788040611717006e-11
4048660 7.317162847852998e-11
4061805 6.874754845259679e-11
4074950 6.459095931721226e-11
4088095 6.068568737804814e-11
4101240 5.7016529518560954e-11
4114385 5.356921850552254e-11
4127530 5.033033538548448e-11
4140675 4.728728259656423e-11
4153820 4.442821804895303e-11
4166965 4.174201175682901e-11
4180110 3.921822502167549e-11
4193255 3.684702282874541e-11
4206400 3.461919466374308e-11
4219545 3.252606343984166e-11
4232690 3.055948463032143e-11
4245835 2.871180723729161e-11
4258980 2.6975845168752954e-11
4272125 2.5344839074681325e-11
4285270 2.3812452010218976e-11
4298415 2.2372713924523335e-11
4311560 2.1020022528128735e-11
4324705 1.9749120741541226e-11
4337850 1.855505506187516e-11
4350995 1.7433189440640984e-11
4364140 1.637914370106186e-11
4377285 1.5388836906160552e-11
4390430 1.4458399755223894e-11
4403575 1.3584218819251426e-11
4416720 1.2762900979124137e-11
4429865 1.1991233526964518e-11
4443010 1.1266218860606081e-11
4456155 1.0585044993294268e-11
4469300 9.945054328663883e-12
4482445 9.34376100797385e-12
4495590 8.778821419808125e-12
4508735 8.248042873693073e-12
4521880 7.749349772989689e-12
4535025 7.280810503107471e-12
4548170 6.8406036043966445e-12
4561315 6.427009098530778e-12
4574460 6.0384223662945935e-12
4587605 5.673330728817039e-12
4600750 5.330316917018241e-12
4613895 5.0080269792252e-12
4627040 4.70523880274909e-12
4640185 4.4207528263062734e-12
4653330 4.153464898404291e-12
4666475 3.9023367870427705e-12
4679620 3.666394444989951e-12
4692765 3.4447202035270408e-12
4705910 3.2364510377247413e-12
4719055 3.0407681581023915e-12
4732200 2.8569195620331556e-12
4745345 2.684186206636241e-12
4758490 2.5218932844794928e-12
4771635 2.3694214992819873e-12
4784780 2.2261628304653946e-12
4797925 2.091565635964354e-12
4811070 1.965102559842169e-12
4824215 1.8462896142490415e-12
4837360 1.734662760655148e-12
4850505 1.6297770424889002e-12
4863650 1.5312421469682036e-12
4876795 1.4386547508848935e-12
4889940 1.3516748484376784e-12
4903085 1.269952025484411e-12
4916230 1.1931653581820356e-12
4929375 1.12102688243354e-12
4942520 1.0532451646949603e-12
4955665 9.895634658918517e-13
4968810 9.297328532054117e-13
4981955 8.735208736898592e-13
4995100 8.207080848254833e-13
5008245 7.710889218803807e-13
5021390 7.244621569313381e-13
5034535 6.806638586098757e-13
5047680 6.395118809510159e-13
5060825 6.008466293949688e-13
5073970 5.645171829993245e-13
5087115 5.303847638860049e-13
5100260 4.983114615386697e-13
5113405 4.681810494844285e-13
5126550 4.398799033356049e-13
5139695 4.132839903636665e-13
5152840 3.8829529869222057e-13
5165985 3.648149490831365e-13
5179130 3.4276227689478134e-13
5192275 3.2203493344207246e-13
5205420 3.0256526450944676e-13
5218565 2.842760749022233e-13
5231710 2.6709190414919703e-13
5244855 2.5094076122611497e-13
5258000 2.357697370669598e-13
5271145 2.2151117745616844e-13
5284290 2.0811564277467554e-13
5297435 1.9553369340341575e-13
5310580 1.837124202763718e-13
5323725 1.7260325113621633e-13
5336870 1.6216975678995382e-13
5350015 1.5236249761851894e-13
5363160 1.4315285068455808e-13
5376305 1.3449311109248185e-13
5389450 1.2636159479884057e-13
5402595 1.187218726106387e-13
5415740 1.1154532159052266e-13
5428885 1.0480158407766282e-13
5442030 9.846203713470558e-14
5455175 9.251193561210513e-14
5468320 8.691571767860395e-14
5481465 8.16612402698702e-14
5494610 7.672421725724021e-14
5507755 7.208556668247823e-14
5520900 6.772880867256248e-14
5534045 6.362965709882928e-14
5547190 5.97837751525887e-14
5560335 5.6170346152129014e-14
5573480 5.27754923096424e-14
5586625 4.958707056079703e-14
5599770 4.658773367083313e-14
5612915 4.3770542745846797e-14
5626060 4.112422208324418e-14
5639205 3.8637495980431424e-14
5652350 3.6300823458290665e-14
5665495 3.4105530899442016e-14
5678640 3.2042077324767604e-14
5691785 3.0107860649053464e-14
5704930 2.8286400999277816e-14
5718075 2.6574228928488708e-14
5731220 2.4967874989734185e-14
5744365 2.346473709780028e-14
5757510 2.2043998570975276e-14
5770655 2.070999621794911e-14
5783800 1.9453189059603915e-14
5796945 1.8283118075057558e-14
5810090 1.717462977390838e-14
5823235 1.6132928326584306e-14
5836380 1.5157146371347352e-14
5849525 1.423947765255562e-14
5862670 1.338165689368509e-14
5875815 1.2573275753879898e-14
5888960 1.181173214792608e-14
5902105 1.1092689267133693e-14
5915250 1.0423086005406645e-14
5928395 9.795116107103041e-15
5941540 9.204442763532938e-15
5954685 8.647596527744383e-15
5967830 8.124577399737376e-15
5980975 7.629313847345998e-15
5994120 7.168744764474155e-15
6007265 6.733329172003977e-15
6020410 7.105427357601002e-15
6033555 7.105427357601002e-15
6046700 7.105427357601002e-15
6059845 7.105427357601002e-15
6072990 7.105427357601002e-15
6086135 7.105427357601002e-15
6099280 7.105427357601002e-15
6112425 7.105427357601002e-15
6125570 7.105427357601002e-15
6138715 7.105427357601002e-15
6151860 7.105427357601002e-15
6165005 7.105427357601002e-15
6178150 7.105427357601002e-15
6191295 7.105427357601002e-15
6204440 7.105427357601002e-15
6217585 7.105427357601002e-15
6230730 5.329070518200751e-15
6243875 5.329070518200751e-15
6257020 5.329070518200751e-15
6270165 5.329070518200751e-15
6283310 7.105427357601002e-15
6296455 5.329070518200751e-15
6309600 5.329070518200751e-15
6322745 7.105427357601002e-15
6335890 8.881784197001252e-15
6349035 7.105427357601002e-15
6362180 7.105427357601002e-15
6375325 7.105427357601002e-15
6388470 7.105427357601002e-15
6401615 8.881784197001252e-15
6414760 8.881784197001252e-15
6427905 7.105427357601002e-15
6441050 8.881784197001252e-15
6454195 5.329070518200751e-15
6467340 7.105427357601002e-15
6480485 5.329070518200751e-15
6493630 5.329070518200751e-15
6506775 5.329070518200751e-15
6519920 5.329070518200751e-15
6533065 5.329070518200751e-15
6546210 7.105427357601002e-15
6559355 5.329070518200751e-15
6572500 7.105427357601002e-15
6585645 7.105427357601002e-15
6598790 8.881784197001252e-15
6611935 7.105427357601002e-15
6625080 5.329070518200751e-15
6638225 5.329070518200751e-15
6651370 7.105427357601002e-15
6664515 7.105427357601002e-15
6677660 5.329070518200751e-15
6690805 5.329070518200751e-15
6703950 7.105427357601002e-15
6717095 7.105427357601002e-15
6730240 7.105427357601002e-15
6743385 4.440892098500626e-15
6756530 5.329070518200751e-15
6769675 3.552713678800501e-15
6782820 5.329070518200751e-15
6795965 5.329070518200751e-15
6809110 3.552713678800501e-15
6822255 3.552713678800501e-15
6835400 3.552713678800501e-15
6848545 3.552713678800501e-15
6861690 3.552713678800501e-15
6874835 3.552713678800501e-15
6887980 5.329070518200751e-15
6901125 3.552713678800501e-15
6914270 3.552713678800501e-15
6927415 3.552713678800501e-15
6940560 5.329070518200751e-15
6953705 3.552713678800501e-15
6966850 3.552713678800501e-15
6979995 3.552713678800501e-15
6993140 3.552713678800501e-15
7006285 5.329070518200751e-15
7019430 3.552713678800501e-15
7032575 4.440892098500626e-15
7045720 5.329070518200751e-15
7058865 3.552713678800501e-15
7072010 3.552713678800501e-15
7085155 5.329070518200751e-15
7098300 3.552713678800501e-15
7111445 3.552713678800501e-15
7124590 5.329070518200751e-15
7137735 3.552713678800501e-15
7150880 5.329070518200751e-15
7164025 5.329070518200751e-15
7177170 5.329070518200751e-15
7190315 5.329070518200751e-15
7203460 5.329070518200751e-15
7216605 3.552713678800501e-15
7229750 5.329070518200751e-15
7242895 5.329070518200751e-15
7256040 5.329070518200751e-15
7269185 5.329070518200751e-15
7282330 5.329070518200751e-15
7295475 3.552713678800501e-15
7308620 3.552713678800501e-15
7321765 3.552713678800501e-15
7334910 3.552713678800501e-15
7348055 3.552713678800501e-15
7361200 3.552713678800501e-15
7374345 3.552713678800501e-15
7387490 3.552713678800501e-15
7400635 3.552713678800501e-15
7413780 5.329070518200751e-15
7426925 3.552713678800501e-15
7440070 3.552713678800501e-15
7453215 3.552713678800501e-15
7466360 3.552713678800501e-15
7479505 3.552713678800501e-15
7492650 3.552713678800501e-15
7505795 3.552713678800501e-15
7518940 3.552713678800501e-15
7532085 3.552713678800501e-15
7545230 3.552713678800501e-15
7558375 3.552713678800501e-15
7571520 3.552713678800501e-15
7584665 3.552713678800501e-15
7597810 3.552713678800501e-15
7610955 3.552713678800501e-15
7624100 3.552713678800501e-15
7637245 3.552713678800501e-15
7650390 3.552713678800501e-15
7663535 3.552713678800501e-15
7676680 3.552713678800501e-15
7689825 3.552713678800501e-15
7702970 3.552713678800501e-15
7716115 3.552713678800501e-15
7729260 3.552713678800501e-15
7742405 3.552713678800501e-15
7755550 3.552713678800501e-15
7768695 3.552713678800501e-15
7781840 3.552713678800501e-15
7794985 3.552713678800501e-15
7808130 5.329070518200751e-15
7821275 5.329070518200751e-15
7834420 3.552713678800501e-15
7847565 3.552713678800501e-15
7860710 3.552713678800501e-15
7873855 5.329070518200751e-15
7887000 5.329070518200751e-15
7900145 3.552713678800501e-15
7913290 3.552713678800501e-15
7926435 3.552713678800501e-15
7939580 5.329070518200751e-15
7952725 5.329070518200751e-15
7965870 3.552713678800501e-15
7979015 3.552713678800501e-15
7992160 3.552713678800501e-15
8005305 5.329070518200751e-15
8018450 5.329070518200751e-15
8031595 3.552713678800501e-15
8044740 3.552713678800501e-15
8057885 3.552713678800501e-15
8071030 5.329070518200751e-15
8084175 5.329070518200751e-15
8097320 3.552713678800501e-15
8110465 3.552713678800501e-15
8123610 3.552713678800501e-15
8136755 5.329070518200751e-15
8149900 5.329070518200751e-15
8163045 3.552713678800501e-15
8176190 3.552713678800501e-15
8189335 3.552713678800501e-15
8202480 5.329070518200751e-15
8215625 5.329070518200751e-15
8228770 3.552713678800501e-15
8241915 3.552713678800501e-15
8255060 3.552713678800501e-15
8268205 5.329070518200751e-15
8281350 5.329070518200751e-15
8294495 3.552713678800501e-15
8307640 3.552713678800501e-15
8320785 3.552713678800501e-15
8333930 5.329070518200751e-15
8347075 5.329070518200751e-15
8360220 5.329070518200751e-15
8373365 5.329070518200751e-15
8386510 3.552713678800501e-15
8399655 5.329070518200751e-15
8412800 5.329070518200751e-15
8425945 3.552713678800501e-15
8439090 3.552713678800501e-15
8452235 3.552713678800501e-15
8465380 5.329070518200751e-15
8478525 5.329070518200751e-15
8491670 5.329070518200751e-15
8504815 3.552713678800501e-15
8517960 3.552713678800501e-15
8531105 5.329070518200751e-15
8544250 5.329070518200751e-15
8557395 3.552713678800501e-15
8570540 3.552713678800501e-15
8583685 3.552713678800501e-15
8596830 5.329070518200751e-15
8609975 5.329070518200751e-15
8623120 3.552713678800501e-15
8636265 3.552713678800501e-15
8649410 3.552713678800501e-15
8662555 5.329070518200751e-15
8675700 5.329070518200751e-15
8688845 3.552713678800501e-15
8701990 3.552713678800501e-15
8715135 3.552713678800501e-15
8728280 5.329070518200751e-15
8741425 5.329070518200751e-15
8754570 3.552713678800501e-15
8767715 3.552713678800501e-15
8780860 3.552713678800501e-15
8794005 5.329070518200751e-15
8807150 5.329070518200751e-15
8820295 3.552713678800501e-15
8833440 3.552713678800501e-15
8846585 3.552713678800501e-15
8859730 5.329070518200751e-15
8872875 5.329070518200751e-15
8886020 3.552713678800501e-15
8899165 3.552713678800501e-15
8912310 3.552713678800501e-15
8925455 5.329070518200751e-15
8938600 5.329070518200751e-15
8951745 3.552713678800501e-15
8964890 3.552713678800501e-15
8978035 3.552713678800501e-15
8991180 5.329070518200751e-15
9004325 5.329070518200751e-15
9017470 3.552713678800501e-15
9030615 3.552713678800501e-15
9043760 3.552713678800501e-15
9056905 5.329070518200751e-15
9070050 5.329070518200751e-15
9083195 3.552713678800501e-15
9096340 3.552713678800501e-15
9109485 3.552713678800501e-15
9122630 5.329070518200751e-15
9135775 5.329070518200751e-15
9148920 3.552713678800501e-15
9162065 3.552713678800501e-15
9175210 3.552713678800501e-15
9188355 5.329070518200751e-15
9201500 5.329070518200751e-15
9214645 3.552713678800501e-15
9227790 3.552713678800501e-15
9240935 3.552713678800501e-15
9254080 5.329070518200751e-15
9267225 5.329070518200751e-15
9280370 3.552713678800501e-15
9293515 3.552713678800501e-15
9306660 3.552713678800501e-15
9319805 5.329070518200751e-15
9332950 5.329070518200751e-15
9346095 3.552713678800501e-15
9359240 3.552713678800501e-15
9372385 3.552713678800501e-15
9385530 5.329070518200751e-15
9398675 5.329070518200751e-15
9411820 3.552713678800501e-15
9424965 3.552713678800501e-15
9438110 3.552713678800501e-15
9451255 5.329070518200751e-15
9464400 5.329070518200751e-15
9477545 3.552713678800501e-15
9490690 3.552713678800501e-15
9503835 3.552713678800501e-15
9516980 5.329070518200751e-15
9530125 5.329070518200751e-15
9543270 3.552713678800501e-15
9556415 3.552713678800501e-15
9569560 3.552713678800501e-15
9582705 5.329070518200751e-15
9595850 5.329070518200751e-15
9608995 3.552713678800501e-15
9622140 3.552713678800501e-15
9635285 3.552713678800501e-15
9648430 5.329070518200751e-15
9661575 5.329070518200751e-15
9674720 3.552713678800501e-15
9687865 3.552713678800501e-15
9701010 3.552713678800501e-15
9714155 5.329070518200751e-15
9727300 5.329070518200751e-15
9740445 3.552713678800501e-15
9753590 3.552713678800501e-15
9766735 3.552713678800501e-15
9779880 5.329070518200751e-15
9793025 5.329070518200751e-15
9806170 3.552713678800501e-15
9819315 3.552713678800501e-15
9832460 3.552713678800501e-15
9845605 5.329070518200751e-15
9858750 5.329070518200751e-15
9871895 3.552713678800501e-15
9885040 3.552713678800501e-15
9898185 3.552713678800501e-15
9911330 5.329070518200751e-15
9924475 5.329070518200751e-15
9937620 3.552713678800501e-15
9950765 3.552713678800501e-15
9963910 3.552713678800501e-15
9977055 5.329070518200751e-15
9990200 5.329070518200751e-15
10003345 3.552713678800501e-15
10016490 3.552713678800501e-15
10029635 3.552713678800501e-15
10042780 5.329070518200751e-15
10055925 5.329070518200751e-15
10069070 3.552713678800501e-15
10082215 3.552713678800501e-15
10095360 3.552713678800501e-15
10108505 5.329070518200751e-15
10121650 5.329070518200751e-15
10134795 3.552713678800501e-15
10147940 3.552713678800501e-15
10161085 3.552713678800501e-15
10174230 5.329070518200751e-15
10187375 5.329070518200751e-15
10200520 3.552713678800501e-15
10213665 3.552713678800501e-15
10226810 3.552713678800501e-15
10239955 5.329070518200751e-15
10253100 5.329070518200751e-15
10266245 3.552713678800501e-15
10279390 3.552713678800501e-15
10292535 3.552713678800501e-15
10305680 5.329070518200751e-15
10318825 5.329070518200751e-15
10331970 3.552713678800501e-15
10345115 3.552713678800501e-15
10358260 3.552713678800501e-15
10371405 5.329070518200751e-15
10384550 5.329070518200751e-15
10397695 3.552713678800501e-15
10410840 5.329070518200751e-15
10423985 3.552713678800501e-15
10437130 5.329070518200751e-15
10450275 5.329070518200751e-15
10463420 3.552713678800501e-15
10476565 3.552713678800501e-15
10489710 3.552713678800501e-15
10502855 5.329070518200751e-15
10516000 5.329070518200751e-15
10529145 3.552713678800501e-15
10542290 3.552713678800501e-15
10555435 3.552713678800501e-15
10568580 5.329070518200751e-15
10581725 5.329070518200751e-15
10594870 3.552713678800501e-15
10608015 3.552713678800501e-15
10621160 3.552713678800501e-15
10634305 5.329070518200751e-15
10647450 5.329070518200751e-15
10660595 3.552713678800501e-15
10673740 3.552713678800501e-15
10686885 3.552713678800501e-15
10700030 5.329070518200751e-15
10713175 5.329070518200751e-15
10726320 3.552713678800501e-15
10739465 3.552713678800501e-15
10752610 3.552713678800501e-15
10765755 5.329070518200751e-15
10778900 5.329070518200751e-15
10792045 3.552713678800501e-15
10805190 3.552713678800501e-15
10818335 3.552713678800501e-15
10831480 5.329070518200751e-15
10844625 5.329070518200751e-15
10857770 3.552713678800501e-15
10870915 3.552713678800501e-15
10884060 3.552713678800501e-15
10897205 5.329070518200751e-15
10910350 5.329070518200751e-15
10923495 3.552713678800501e-15
10936640 3.552713678800501e-15
10949785 3.552713678800501e-15
10962930 5.329070518200751e-15
10976075 5.329070518200751e-15
10989220 3.552713678800501e-15
11002365 3.552713678800501e-15
11015510 3.552713678800501e-15
11028655 5.329070518200751e-15
11041800 5.329070518200751e-15
11054945 3.552713678800501e-15
11068090 3.552713678800501e-15
11081235 3.552713678800501e-15
11094380 5.329070518200751e-15
11107525 5.329070518200751e-15
11120670 3.552713678800501e-15
11133815 3.552713678800501e-15
11146960 3.552713678800501e-15
11160105 5.329070518200751e-15
11173250 5.329070518200751e-15
11186395 3.552713678800501e-15
11199540 3.552713678800501e-15
11212685 3.552713678800501e-15
11225830 5.329070518200751e-15
11238975 5.329070518200751e-15
11252120 3.552713678800501e-15
11265265 3.552713678800501e-15
11278410 3.552713678800501e-15
11291555 5.329070518200751e-15
11304700 5.329070518200751e-15
11317845 3.552713678800501e-15
11330990 3.552713678800501e-15
11344135 3.552713678800501e-15
11357280 5.329070518200751e-15
11370425 5.329070518200751e-15
11383570 3.552713678800501e-15
11396715 3.552713678800501e-15
11409860 3.552713678800501e-15
11423005 5.329070518200751e-15
11436150 5.329070518200751e-15
11449295 3.552713678800501e-15
11462440 3.552713678800501e-15
11475585 3.552713678800501e-15
11488730 5.329070518200751e-15
11501875 5.329070518200751e-15
11515020 3.552713678800501e-15
11528165 3.552713678800501e-15
11541310 5.329070518200751e-15
11554455 5.329070518200751e-15
11567600 5.329070518200751e-15
11580745 3.552713678800501e-15
11593890 3.552713678800501e-15
11607035 3.552713678800501e-15
11620180 5.329070518200751e-15
11633325 5.329070518200751e-15
11646470 3.552713678800501e-15
11659615 3.552713678800501e-15
11672760 3.552713678800501e-15
11685905 5.329070518200751e-15
11699050 5.329070518200751e-15
11712195 3.552713678800501e-15
11725340 3.552713678800501e-15
11738485 3.552713678800501e-15
11751630 5.329070518200751e-15
11764775 5.329070518200751e-15
11777920 3.552713678800501e-15
11791065 3.552713678800501e-15
11804210 3.552713678800501e-15
11817355 5.329070518200751e-15
11830500 5.329070518200751e-15
11843645 3.552713678800501e-15
11856790 3.552713678800501e-15
11869935 3.552713678800501e-15
11883080 5.329070518200751e-15
11896225 5.329070518200751e-15
11909370 3.552713678800501e-15
11922515 3.552713678800501e-15
11935660 3.552713678800501e-15
11948805 5.329070518200751e-15
11961950 5.329070518200751e-15
11975095 3.552713678800501e-15
11988240 3.552713678800501e-15
12001385 3.552713678800501e-15
12014530 5.329070518200751e-15
12027675 5.329070518200751e-15
12040820 3.552713678800501e-15
12053965 3.552713678800501e-15
12067110 3.552713678800501e-15
12080255 5.329070518200751e-15
12093400 5.329070518200751e-15
12106545 3.552713678800501e-15
12119690 3.552713678800501e-15
12132835 3.552713678800501e-15
12145980 5.329070518200751e-15
12159125 5.329070518200751e-15
12172270 3.552713678800501e-15
12185415 3.552713678800501e-15
12198560 3.552713678800501e-15
12211705 5.329070518200751e-15
12224850 5.329070518200751e-15
12237995 3.552713678800501e-15
12251140 3.552713678800501e-15
12264285 3.552713678800501e-15
12277430 5.329070518200751e-15
12290575 5.329070518200751e-15
12303720 3.552713678800501e-15
12316865 3.552713678800501e-15
12330010 3.552713678800501e-15
12343155 5.329070518200751e-15
12356300 5.329070518200751e-15
12369445 3.552713678800501e-15
12382590 3.552713678800501e-15
12395735 3.552713678800501e-15
12408880 5.329070518200751e-15
12422025 5.329070518200751e-15
12435170 3.552713678800501e-15
12448315 3.552713678800501e-15
12461460 3.552713678800501e-15
12474605 5.329070518200751e-15
12487750 5.329070518200751e-15
12500895 3.552713678800501e-15
12514040 3.552713678800501e-15
12527185 3.552713678800501e-15
12540330 5.329070518200751e-15
12553475 5.329070518200751e-15
12566620 3.552713678800501e-15
12579765 3.552713678800501e-15
12592910 3.552713678800501e-15
12606055 5.329070518200751e-15
12619200 5.329070518200751e-15
12632345 3.552713678800501e-15
12645490 3.552713678800501e-15
12658635 3.552713678800501e-15
12671780 5.329070518200751e-15
12684925 5.329070518200751e-15
12698070 3.552713678800501e-15
12711215 3.552713678800501e-15
12724360 3.552713678800501e-15
12737505 5.329070518200751e-15
12750650 5.329070518200751e-15
12763795 3.552713678800501e-15
12776940 3.552713678800501e-15
12790085 3.552713678800501e-15
12803230 5.329070518200751e-15
12816375 5.329070518200751e-15
12829520 3.552713678800501e-15
12842665 3.552713678800501e-15
12855810 3.552713678800501e-15
12868955 5.329070518200751e-15
12882100 5.329070518200751e-15
12895245 3.552713678800501e-15
12908390 3.552713678800501e-15
12921535 3.552713678800501e-15
12934680 5.329070518200751e-15
12947825 5.329070518200751e-15
12960970 3.552713678800501e-15
12974115 3.552713678800501e-15
12987260 3.552713678800501e-15
13000405 5.329070518200751e-15
13013550 5.329070518200751e-15
13026695 3.552713678800501e-15
13039840 3.552713678800501e-15
13052985 3.552713678800501e-15
13066130 5.329070518200751e-15
13079275 5.329070518200751e-15
13092420 3.552713678800501e-15
13105565 3.552713678800501e-15
13118710 3.552713678800501e-15
13131855 5.329070518200751e-15
13145000 5.329070518200751e-15
13158145 3.552713678800501e-15
13171290 3.552713678800501e-15
13184435 3.552713678800501e-15
13197580 5.329070518200751e-15
13210725 5.329070518200751e-15
13223870 3.552713678800501e-15
13237015 3.552713678800501e-15
13250160 3.552713678800501e-15
13263305 5.329070518200751e-15
13276450 5.329070518200751e-15
13289595 3.552713678800501e-15
13302740 3.552713678800501e-15
13315885 3.552713678800501e-15
13329030 5.329070518200751e-15
13342175 5.329070518200751e-15
13355320 3.552713678800501e-15
13368465 3.552713678800501e-15
13381610 3.552713678800501e-15
13394755 5.329070518200751e-15
13407900 5.329070518200751e-15
13421045 3.552713678800501e-15
13434190 3.552713678800501e-15
13447335 3.552713678800501e-15
13460480 5.329070518200751e-15
13473625 5.329070518200751e-15
13486770 3.552713678800501e-15
13499915 3.552713678800501e-15
13513060 3.552713678800501e-15
13526205 5.329070518200751e-15
13539350 5.329070518200751e-15
13552495 3.552713678800501e-15
13565640 3.552713678800501e-15
13578785 3.552713678800501e-15
13591930 5.329070518200751e-15
13605075 5.329070518200751e-15
13618220 5.329070518200751e-15
13631365 3.552713678800501e-15
13644510 3.552713678800501e-15
13657655 5.329070518200751e-15
13670800 5.329070518200751e-15
13683945 3.552713678800501e-15
13697090 3.552713678800501e-15
13710235 5.329070518200751e-15
13723380 5.329070518200751e-15
13736525 5.329070518200751e-15
13749670 3.552713678800501e-15
13762815 3.552713678800501e-15
13775960 5.329070518200751e-15
13789105 5.329070518200751e-15
13802250 5.329070518200751e-15
13815395 3.552713678800501e-15
13828540 3.552713678800501e-15
13841685 3.552713678800501e-15
13854830 5.329070518200751e-15
13867975 5.329070518200751e-15
13881120 3.552713678800501e-15
13894265 3.552713678800501e-15
13907410 3.552713678800501e-15
13920555 5.329070518200751e-15
13933700 5.329070518200751e-15
13946845 3.552713678800501e-15
13959990 3.552713678800501e-15
13973135 3.552713678800501e-15
13986280 5.329070518200751e-15
13999425 5.329070518200751e-15
14012570 3.552713678800501e-15
14025715 3.552713678800501e-15
14038860 3.552713678800501e-15
14052005 5.329070518200751e-15
14065150 5.329070518200751e-15
14078295 3.552713678800501e-15
14091440 3.552713678800501e-15
14104585 3.552713678800501e-15
14117730 5.329070518200751e-15
14130875 5.329070518200751e-15
14144020 3.552713678800501e-15
14157165 5.329070518200751e-15
14170310 3.552713678800501e-15
14183455 5.329070518200751e-15
14196600 5.329070518200751e-15
14209745 3.552713678800501e-15
14222890 3.552713678800501e-15
14236035 3.552713678800501e-15
14249180 5.329070518200751e-15
14262325 5.329070518200751e-15
14275470 3.552713678800501e-15
14288615 3.552713678800501e-15
14301760 3.552713678800501e-15
14314905 5.329070518200751e-15
14328050 5.329070518200751e-15
14341195 3.552713678800501e-15
14354340 3.552713678800501e-15
14367485 5.329070518200751e-15
14380630 5.329070518200751e-15
14393775 5.329070518200751e-15
14406920 3.552713678800501e-15
14420065 5.329070518200751e-15
14433210 3.552713678800501e-15
14446355 5.329070518200751e-15
14459500 5.329070518200751e-15
14472645 3.552713678800501e-15
14485790 3.552713678800501e-15
14498935 3.552713678800501e-15
14512080 5.329070518200751e-15
14525225 5.329070518200751e-15
14538370 3.552713678800501e-15
14551515 3.552713678800501e-15
14564660 3.552713678800501e-15
14577805 5.329070518200751e-15
14590950 5.329070518200751e-15
14604095 3.552713678800501e-15
14617240 3.552713678800501e-15
14630385 3.552713678800501e-15
14643530 5.329070518200751e-15
14656675 5.329070518200751e-15
14669820 3.552713678800501e-15
14682965 3.552713678800501e-15
14696110 3.552713678800501e-15
14709255 5.329070518200751e-15
14722400 5.329070518200751e-15
14735545 3.552713678800501e-15
14748690 3.552713678800501e-15
14761835 3.552713678800501e-15
14774980 5.329070518200751e-15
14788125 5.329070518200751e-15
14801270 3.552713678800501e-15
14814415 3.552713678800501e-15
14827560 3.552713678800501e-15
14840705 5.329070518200751e-15
14853850 5.329070518200751e-15
14866995 3.552713678800501e-15
14880140 3.552713678800501e-15
14893285 3.552713678800501e-15
14906430 5.329070518200751e-15
14919575 5.329070518200751e-15
14932720 3.552713678800501e-15
14945865 3.552713678800501e-15
14959010 3.552713678800501e-15
14972155 5.329070518200751e-15
14985300 5.329070518200751e-15
14998445 3.552713678800501e-15
15011590 3.552713678800501e-15
15024735 3.552713678800501e-15
15037880 5.329070518200751e-15
15051025 5.329070518200751e-15
15064170 3.552713678800501e-15
15077315 3.552713678800501e-15
15090460 3.552713678800501e-15
15103605 5.329070518200751e-15
15116750 5.329070518200751e-15
15129895 3.552713678800501e-15
15143040 3.552713678800501e-15
15156185 3.552713678800501e-15
15169330 5.329070518200751e-15
15182475 5.329070518200751e-15
15195620 3.552713678800501e-15
15208765 5.329070518200751e-15
15221910 3.552713678800501e-15
15235055 5.329070518200751e-15
15248200 5.329070518200751e-15
15261345 3.552713678800501e-15
15274490 3.552713678800501e-15
15287635 3.552713678800501e-15
15300780 5.329070518200751e-15
15313925 5.329070518200751e-15
15327070 3.552713678800501e-15
15340215 3.552713678800501e-15
15353360 3.552713678800501e-15
15366505 5.329070518200751e-15
15379650 5.329070518200751e-15
15392795 3.552713678800501e-15
15405940 3.552713678800501e-15
15419085 3.552713678800501e-15
15432230 5.329070518200751e-15
15445375 5.329070518200751e-15
15458520 3.552713678800501e-15
15471665 3.552713678800501e-15
15484810 3.552713678800501e-15
15497955 5.329070518200751e-15
15511100 5.329070518200751e-15
15524245 3.552713678800501e-15
15537390 3.552713678800501e-15
15550535 3.552713678800501e-15
15563680 5.329070518200751e-15
15576825 5.329070518200751e-15
15589970 3.552713678800501e-15
15603115 3.552713678800501e-15
15616260 3.552713678800501e-15
15629405 5.329070518200751e-15
15642550 5.329070518200751e-15
15655695 3.552713678800501e-15
15668840 3.552713678800501e-15
15681985 3.552713678800501e-15
15695130 5.329070518200751e-15
15708275 5.329070518200751e-15
15721420 5.329070518200751e-15
15734565 3.552713678800501e-15
15747710 3.552713678800501e-15
15760855 5.329070518200751e-15
15774000 5.329070518200751e-15
15787145 3.552713678800501e-15
15800290 3.552713678800501e-15
15813435 3.552713678800501e-15
15826580 5.329070518200751e-15
15839725 5.329070518200751e-15
15852870 3.552713678800501e-15
15866015 5.329070518200751e-15
15879160 3.552713678800501e-15
15892305 5.329070518200751e-15
15905450 5.329070518200751e-15
15918595 3.552713678800501e-15
15931740 3.552713678800501e-15
15944885 3.552713678800501e-15
15958030 5.329070518200751e-15
15971175 5.329070518200751e-15
15984320 3.552713678800501e-15
15997465 3.552713678800501e-15
16010610 3.552713678800501e-15
16023755 5.329070518200751e-15
16036900 5.329070518200751e-15
16050045 3.552713678800501e-15
16063190 5.329070518200751e-15
16076335 3.552713678800501e-15
16089480 5.329070518200751e-15
16102625 5.329070518200751e-15
16115770 3.552713678800501e-15
16128915 3.552713678800501e-15
16142060 3.552713678800501e-15
16155205 5.329070518200751e-15
16168350 5.329070518200751e-15
16181495 3.552713678800501e-15
16194640 3.552713678800501e-15
16207785 3.552713678800501e-15
16220930 5.329070518200751e-15
16234075 5.329070518200751e-15
16247220 3.552713678800501e-15
16260365 3.552713678800501e-15
16273510 3.552713678800501e-15
16286655 5.329070518200751e-15
16299800 5.329070518200751e-15
16312945 3.552713678800501e-15
