0 12.952771166460309
77632 1.928740582780169
155264 0.8727741146326453
232896 0.4640255735561354
310528 0.24497343258797954
388160 0.1742042308853966
465792 0.12543130881270326
543424 0.09031158345145407
621056 0.06584766618010374
698688 0.05154673462869663
776320 0.04087711995919463
853952 0.032338546224657705
931584 0.025581910960334575
1009216 0.02054064346071849
1086848 0.01681561837963974
1164480 0.013725731396894147
1242112 0.011184177447588262
1319744 0.00910532037477818
1397376 0.0074384617908656026
1475008 0.006093608394086125
1552640 0.005094128513882357
1630272 0.00425949612199128
1707904 0.003564029527250323
1785536 0.002985264134131249
1863168 0.0025039014626013767
1940800 0.0021035702052598637
2018432 0.0017844515429434882
2096064 0.0015246146902530011
2173696 0.0013047392608627195
2251328 0.0011186462383594442
2328960 0.0009610612277599628
2406592 0.0008275052939585859
2484224 0.0007169863592280112
2561856 0.0006274862367490197
2639488 0.0005503184270256867
2717120 0.00048371255106161026
2794752 0.000431011675826265
2872384 0.0003847413042256109
2950016 0.0003440698569751044
3027648 0.0003095086625668486
3105280 0.00027895922314818966
3182912 0.0002532952292245011
3260544 0.00023274851131731972
3338176 0.00021404009820251424
3415808 0.000197119627643072
3493440 0.0001835653287331554
3571072 0.00017110573410174246
3648704 0.00016019649838934502
3726336 0.0001500116080525582
3803968 0.0001404234246339675
3881600 0.00013141575707498188
3959232 0.00012305375114272932
4036864 0.0001152438735986562
4114496 0.00010794511765733691
4192128 0.00010125788451883361
4269760 9.495648095315598e-05
4347392 8.902262499316249e-05
4425024 8.343832604866715e-05
4502656 7.818597744586875e-05
4580288 7.324843026552431e-05
4657920 6.860905091261166e-05
4735552 6.425176462467215e-05
4813184 6.016108690611727e-05
4890816 5.6322144665501075e-05
4968448 5.272068863479938e-05
5046080 4.9343098466204244e-05
5123712 4.617638173276192e-05
5201344 4.32081679054442e-05
5278976 4.042669823979203e-05
5356608 3.782081238045375e-05
5434240 3.5379932379827304e-05
5511872 3.309404472804853e-05
5589504 3.095368090345364e-05
5667136 2.896407700587458e-05
5744768 2.7100943839970543e-05
5822400 2.5355971617440493e-05
5900032 2.3721894344548924e-05
5977664 2.2191861781751827e-05
6055296 2.0759419974633164e-05
6132928 1.9418492059897164e-05
6210560 1.8163359455293732e-05
6288192 1.6988643519641553e-05
6365824 1.5889287749641006e-05
6443456 1.4860540563671628e-05
6521088 1.38979387087195e-05
6598720 1.2997291314863994e-05
6676352 1.2154664611785805e-05
6753984 1.1366367313613783e-05
6831616 1.0628936671634644e-05
6909248 9.939125188833855e-06
6986880 9.293887985804158e-06
7064512 8.69037080392538e-06
7142144 8.125898628980033e-06
7219776 7.597964916253427e-06
7297408 7.104221396456037e-06
7375040 6.642468440871117e-06
7452672 6.210645963286316e-06
7530304 5.8068248358867855e-06
7607936 5.429198796186481e-06
7685568 5.076076822162147e-06
7763200 4.7458759530101145e-06
7840832 4.437114533361133e-06
7918464 4.148405859300637e-06
7996096 3.878452205183583e-06
8073728 3.626039210958545e-06
8151360 3.3900306102253256e-06
8228992 3.169363280361003e-06
8306624 2.963042596484857e-06
8384256 2.7701380720434113e-06
8461888 2.5897792694982123e-06
8539520 2.4211519653949756e-06
8617152 2.2634945548230534e-06
8694784 2.1160946812000866e-06
8772416 1.9785228232340607e-06
8850048 1.8499242946685285e-06
8927680 1.7296702769786787e-06
9005312 1.6172208402763857e-06
9082944 1.5120708199336391e-06
9160576 1.413747597718562e-06
9238208 1.3218090221967654e-06
9315840 1.2358414599967713e-06
9393472 1.1554579699398285e-06
9471104 1.0802965924637878e-06
9548736 1.010018747311936e-06
9626368 9.443077327534605e-07
9704000 8.828673200870704e-07
9781632 8.254204374386412e-07
9859264 7.717079374093203e-07
9936896 7.214874431981863e-07
10014528 6.745322683847366e-07
10092160 6.306304057082657e-07
10169792 5.8958358050646e-07
10247424 5.512063647513527e-07
10325056 5.153253478055314e-07
10402688 4.81778360429154e-07
10480320 4.5041374850673943e-07
10557952 4.21089693455369e-07
10635584 3.936735763166929e-07
10713216 3.6804138272162473e-07
10790848 3.4407714618028135e-07
10868480 3.2167242718789124e-07
10946112 3.007258259062756e-07
11023744 2.8114252628632513e-07
11101376 2.628338695411306e-07
11179008 2.457169551968799e-07
11256640 2.2971426785322463e-07
11334272 2.147533281022726e-07
11411904 2.0076636594867914e-07
11489536 1.876900153786193e-07
11567168 1.7546502866210706e-07
11644800 1.640360091439974e-07
11722432 1.5335116131890564e-07
11800064 1.433620570954336e-07
11877696 1.3402341715856164e-07
11955328 1.2529290655677316e-07
12032960 1.1713094347307745e-07
12110592 1.0950052040450964e-07
12188224 1.0236703695647165e-07
12265856 9.569814343485944e-08
12343488 8.946359462795594e-08
12421120 8.363511302261761e-08
12498752 7.818626094387854e-08
12576384 7.309232094836887e-08
12654016 6.833018400490692e-08
12731648 6.387824493143957e-08
12809280 5.971630460174099e-08
12886912 5.5825478523750804e-08
12964544 5.2188111357605316e-08
13042176 4.878769694401791e-08
13119808 4.560880359234104e-08
13197440 4.2637004165138603e-08
13275072 3.9858810740693584e-08
13352704 3.726161350390417e-08
13430336 3.483362361056397e-08
13507968 3.2563819782165104e-08
13585600 3.044189834846417e-08
13663232 2.8458226545256815e-08
13740864 2.660379887133718e-08
13818496 2.4870196240964204e-08
13896128 2.3249547832088213e-08
13973760 2.1734495397884857e-08
14051392 2.031815988807334e-08
14129024 1.8994110274200837e-08
14206656 1.7756334369858906e-08
14284288 1.659921157123878e-08
14361920 1.551748735149211e-08
14439552 1.4506249446447073e-08
14517184 1.3560905543462398e-08
14594816 1.2677162469082459e-08
14672448 1.1851006702888467e-08
14750080 1.1078686168106144e-08
14827712 1.0356693200090639e-08
14905344 9.681748641514332e-09
14982976 9.050786946296352e-09
15060608 8.460942282732808e-09
15138240 7.909535519601274e-09
15215872 7.394062060545048e-09
15293504 6.91218049204273e-09
15371136 6.461701929603991e-09
15448768 6.040580111631166e-09
15526400 5.646902087423633e-09
15604032 5.2788795452951565e-09
15681664 4.934840684527042e-09
15759296 4.61322264156544e-09
15836928 4.312564369848837e-09
15914560 4.0315000305116144e-09
15992192 3.768752774267747e-09
16069824 3.5231289500364804e-09
16147456 3.293512684798827e-09
16225088 3.078860815602935e-09
16302720 2.8781981529016343e-09
16380352 2.6906130518034033e-09
16457984 2.515253271287432e-09
16535616 2.3513221049029087e-09
16613248 2.1980747604011253e-09
16690880 2.0548149830962315e-09
16768512 1.9208918882601678e-09
16846144 1.7956969990823302e-09
16923776 1.6786615014696693e-09
17001408 1.5692536393593914e-09
17079040 1.466976309524859e-09
17156672 1.3713648151086888e-09
17234304 1.2819847275760687e-09
17311936 1.1984299351508465e-09
17389568 1.1203207944676663e-09
17467200 1.0473023958484928e-09
17544832 9.790429656222899e-10
17622464 9.152323482419789e-10
17700096 8.555806002910615e-10
17777728 7.998166738285017e-10
17855360 7.476871942760366e-10
17932992 6.989552790714892e-10
18010624 6.533995055083008e-10
18088256 6.108128672993596e-10
18165888 5.710018543061968e-10
18243520 5.337855686973758e-10
18321152 4.989948948833089e-10
18398784 4.664717518504391e-10
18476416 4.360683498322304e-10
18554048 4.076465311142474e-10
18631680 3.810771559420445e-10
18709312 3.562394771533528e-10
18786944 3.330206405777192e-10
18864576 3.113151351291643e-10
18942208 2.910243279002911e-10
19019840 2.7205601313418093e-10
19097472 2.543239984928447e-10
19175104 2.377477060708233e-10
19252736 2.2225181070534283e-10
19330368 2.0776589563370473e-10
19408000 1.9422413417152784e-10
19485632 1.815649896055871e-10
19563264 1.6973093590333388e-10
19640896 1.586681957696512e-10
19718528 1.4832649778556695e-10
19796160 1.3865884915947868e-10
19873792 1.2962131454991033e-10
19951424 1.2117282524592987e-10
20029056 1.1327498921492873e-10
20106688 1.0589192023235938e-10
20184320 9.8990063542026e-11
20261952 9.253805447612118e-11
20339584 8.65065736058157e-11
20417216 8.086821403491262e-11
20494848 7.559734956086306e-11
20572480 7.067003145871942e-11
20650112 6.606386705049205e-11
20727744 6.175792342799635e-11
20805376 5.773263117569982e-11
20883008 5.396970544080393e-11
20960640 5.0452034910941634e-11
21038272 4.7163642782899196e-11
21115904 4.408958441393107e-11
21193536 4.121588660643827e-11
21271168 3.852949122945537e-11
21348800 3.601819016652019e-11
21426432 3.3670577610778185e-11
21504064 3.1475970267702547e-11
21581696 2.942440648773248e-11
21659328 2.7506564734269823e-11
21736960 2.571372108295389e-11
21814592 2.4037731874426704e-11
21892224 2.247098253999047e-11
21969856 2.100635117241456e-11
22047488 1.963718423980687e-11
22125120 1.8357257554335593e-11
22202752 1.7160752853462302e-11
22280384 1.6042233513813287e-11
22358016 1.4996621999774362e-11
22435648 1.401915736276571e-11
22513280 1.3105407384306211e-11
22590912 1.2251211330138734e-11
22668544 1.1452690358570994e-11
22746176 1.0706218030176462e-11
22823808 1.0008397756389176e-11
22901440 9.356063666865477e-12
22979072 8.746246782376232e-12
23056704 8.176172412721616e-12
23134336 7.643260156731113e-12
23211968 7.145080534176618e-12
23289600 6.679371465645456e-12
23367232 6.244019190582151e-12
23444864 5.83704092005366e-12
23522496 5.4565865714728545e-12
23600128 5.1009326970663516e-12
23677760 4.768458197745851e-12
23755392 4.457656466172466e-12
23833024 4.1671111006280626e-12
23910656 3.895501976547422e-12
23988288 3.6415983076243386e-12
24065920 3.404242165938598e-12
24143552 3.1823562882116185e-12
24221184 2.9749345348273337e-12
24298816 2.78102974676786e-12
24376448 2.5997658886778297e-12
24454080 2.430318966906153e-12
24531712 2.271909223250379e-12
24609344 2.123829757894047e-12
24686976 1.9854031613197876e-12
24764608 1.8559945247353937e-12
24842240 1.735022715776413e-12
24919872 1.621936092377485e-12
24997504 1.5162203090279824e-12
25075136 1.4173931126015837e-12
25152768 1.325008679164963e-12
25230400 1.2386480729986715e-12
25308032 1.157911440341497e-12
25385664 1.082437958710436e-12
25463296 1.0118884896659353e-12
25540928 9.45935170471035e-13
25618560 8.842770266026534e-13
25696192 8.266443085602759e-13
25773824 7.727629300346983e-13
25851456 7.223969686331877e-13
25929088 6.753087672395353e-13
26006720 6.312936284835757e-13
26084352 5.901468549951439e-13
26161984 5.516828313623101e-13
26239616 5.157254831522629e-13
26317248 4.821091442730463e-13
26394880 4.5068462850572644e-13
26472512 4.213088211635352e-13
26550144 3.938507506240363e-13
26627776 3.6817857790305553e-13
26705408 3.4418301542160634e-13
26783040 3.217469693450603e-13
26860672 3.007767646057147e-13
26938304 2.811726546037008e-13
27015936 2.628453010800058e-13
27093568 2.4571317203125886e-13
27171200 2.29697337539303e-13
27248832 2.1472493921814717e-13
27326464 2.0073092493744227e-13
27404096 1.8764850784336318e-13
27481728 1.754178399759887e-13
27559360 1.6398341018408757e-13
27636992 1.5329491148685648e-13
27714624 1.4330550635044403e-13
27792256 1.3396402043230893e-13
27869888 1.2523142245424168e-13
27947520 1.1706781377629483e-13
28025152 1.0943849992894883e-13
28102784 1.023053169957322e-13
28180416 9.563617259233936e-14
28258048 8.94033111431547e-14
28335680 8.35763749873486e-14
28413312 7.813021063451941e-14
28490944 7.303706250905151e-14
28568576 6.827524656749517e-14
28646208 6.382654821335265e-14
28723840 5.966668131796027e-14
28801472 5.577743128482027e-14
28879104 5.214145087917288e-14
28956736 4.8742260227996326e-14
29034368 4.556598154348279e-14
29112000 4.259440022913452e-14
29189632 3.981884266757163e-14
29267264 3.7224563709248315e-14
29344896 3.479768556635676e-14
29422528 3.2530401983255075e-14
29500160 3.040883517213544e-14
29577792 2.8427780962569926e-14
29655424 2.657336156675072e-14
29733056 2.4841240175987878e-14
29810688 2.3221875811163528e-14
29888320 2.171006430184974e-14
29965952 2.0293662583714678e-14
30043584 1.897180329502035e-14
30121216 1.7734945456648887e-14
30198848 1.6579619621648334e-14
30276480 1.5498019534376795e-14
30354112 1.448927783309628e-14
30431744 1.3545588262164898e-14
30509376 1.2660879289416727e-14
30587008 1.1836885638327743e-14
30664640 1.1064933691518064e-14
30742272 1.0658141036401503e-14
30819904 9.6710833785707e-15
30897536 9.04051139505313e-15
30975168 8.881784197001252e-15
31052800 1.0658141036401503e-14
31130432 1.0658141036401503e-14
31208064 8.881784197001252e-15
31285696 1.0658141036401503e-14
31363328 1.0658141036401503e-14
31440960 1.0658141036401503e-14
31518592 8.881784197001252e-15
31596224 7.105427357601002e-15
31673856 1.0658141036401503e-14
31751488 7.105427357601002e-15
31829120 8.881784197001252e-15
31906752 1.0658141036401503e-14
31984384 8.881784197001252e-15
32062016 1.0658141036401503e-14
32139648 8.881784197001252e-15
32217280 7.105427357601002e-15
32294912 8.881784197001252e-15
32372544 8.881784197001252e-15
32450176 1.0658141036401503e-14
32527808 8.881784197001252e-15
32605440 8.881784197001252e-15
32683072 7.105427357601002e-15
32760704 7.105427357601002e-15
32838336 7.105427357601002e-15
32915968 8.881784197001252e-15
32993600 1.0658141036401503e-14
33071232 8.881784197001252e-15
33148864 8.881784197001252e-15
33226496 7.105427357601002e-15
33304128 8.881784197001252e-15
33381760 7.105427357601002e-15
33459392 7.105427357601002e-15
33537024 7.105427357601002e-15
33614656 8.881784197001252e-15
33692288 7.105427357601002e-15
33769920 7.105427357601002e-15
33847552 8.881784197001252e-15
33925184 5.329070518200751e-15
34002816 5.329070518200751e-15
34080448 7.105427357601002e-15
34158080 7.105427357601002e-15
34235712 5.329070518200751e-15
34313344 7.105427357601002e-15
34390976 5.329070518200751e-15
34468608 7.105427357601002e-15
34546240 7.105427357601002e-15
34623872 7.105427357601002e-15
34701504 7.105427357601002e-15
34779136 7.105427357601002e-15
34856768 7.105427357601002e-15
34934400 7.105427357601002e-15
35012032 7.105427357601002e-15
35089664 6.217248937900877e-15
35167296 7.105427357601002e-15
35244928 7.105427357601002e-15
35322560 7.105427357601002e-15
35400192 7.105427357601002e-15
35477824 5.329070518200751e-15
35555456 5.329070518200751e-15
35633088 5.329070518200751e-15
35710720 5.329070518200751e-15
35788352 5.329070518200751e-15
35865984 5.329070518200751e-15
35943616 5.329070518200751e-15
36021248 5.329070518200751e-15
36098880 5.329070518200751e-15
36176512 5.329070518200751e-15
36254144 5.329070518200751e-15
36331776 7.105427357601002e-15
36409408 7.105427357601002e-15
36487040 5.329070518200751e-15
36564672 5.329070518200751e-15
36642304 8.881784197001252e-15
36719936 4.440892098500626e-15
36797568 5.329070518200751e-15
36875200 5.329070518200751e-15
36952832 5.329070518200751e-15
37030464 5.329070518200751e-15
37108096 5.329070518200751e-15
37185728 7.105427357601002e-15
37263360 5.329070518200751e-15
37340992 5.329070518200751e-15
37418624 5.329070518200751e-15
37496256 5.329070518200751e-15
37573888 7.105427357601002e-15
37651520 7.105427357601002e-15
37729152 5.329070518200751e-15
37806784 5.329070518200751e-15
37884416 7.105427357601002e-15
37962048 5.329070518200751e-15
38039680 7.105427357601002e-15
38117312 5.329070518200751e-15
38194944 7.105427357601002e-15
38272576 5.329070518200751e-15
38350208 7.105427357601002e-15
38427840 5.329070518200751e-15
38505472 7.105427357601002e-15
38583104 5.329070518200751e-15
38660736 7.105427357601002e-15
38738368 5.329070518200751e-15
38816000 7.105427357601002e-15
38893632 5.329070518200751e-15
38971264 7.105427357601002e-15
39048896 5.329070518200751e-15
39126528 7.105427357601002e-15
39204160 5.329070518200751e-15
39281792 7.105427357601002e-15
39359424 5.329070518200751e-15
39437056 7.105427357601002e-15
39514688 5.329070518200751e-15
39592320 7.105427357601002e-15
39669952 5.329070518200751e-15
39747584 5.329070518200751e-15
39825216 5.329070518200751e-15
39902848 5.329070518200751e-15
39980480 5.329070518200751e-15
40058112 5.329070518200751e-15
40135744 5.329070518200751e-15
40213376 5.329070518200751e-15
40291008 5.329070518200751e-15
40368640 5.329070518200751e-15
40446272 5.329070518200751e-15
40523904 5.329070518200751e-15
40601536 5.329070518200751e-15
40679168 5.329070518200751e-15
40756800 7.105427357601002e-15
40834432 5.329070518200751e-15
40912064 7.105427357601002e-15
40989696 5.329070518200751e-15
41067328 7.105427357601002e-15
41144960 5.329070518200751e-15
41222592 7.105427357601002e-15
41300224 5.329070518200751e-15
41377856 7.105427357601002e-15
41455488 5.329070518200751e-15
41533120 7.105427357601002e-15
41610752 5.329070518200751e-15
41688384 7.105427357601002e-15
41766016 5.329070518200751e-15
41843648 7.105427357601002e-15
41921280 5.329070518200751e-15
41998912 7.105427357601002e-15
42076544 5.329070518200751e-15
42154176 7.105427357601002e-15
42231808 5.329070518200751e-15
42309440 7.105427357601002e-15
42387072 5.329070518200751e-15
42464704 7.105427357601002e-15
42542336 5.329070518200751e-15
42619968 7.105427357601002e-15
42697600 5.329070518200751e-15
42775232 7.105427357601002e-15
42852864 5.329070518200751e-15
42930496 7.105427357601002e-15
43008128 5.329070518200751e-15
43085760 7.105427357601002e-15
43163392 5.329070518200751e-15
43241024 7.105427357601002e-15
43318656 5.329070518200751e-15
43396288 7.105427357601002e-15
43473920 5.329070518200751e-15
43551552 7.105427357601002e-15
43629184 5.329070518200751e-15
43706816 7.105427357601002e-15
43784448 5.329070518200751e-15
43862080 7.105427357601002e-15
43939712 5.329070518200751e-15
44017344 7.105427357601002e-15
44094976 5.329070518200751e-15
44172608 7.105427357601002e-15
44250240 5.329070518200751e-15
44327872 7.105427357601002e-15
44405504 5.329070518200751e-15
44483136 7.105427357601002e-15
44560768 5.329070518200751e-15
44638400 7.105427357601002e-15
44716032 5.329070518200751e-15
44793664 7.105427357601002e-15
44871296 5.329070518200751e-15
44948928 7.105427357601002e-15
45026560 5.329070518200751e-15
45104192 7.105427357601002e-15
45181824 5.329070518200751e-15
45259456 7.105427357601002e-15
45337088 5.329070518200751e-15
45414720 7.105427357601002e-15
45492352 5.329070518200751e-15
45569984 7.105427357601002e-15
45647616 5.329070518200751e-15
45725248 7.105427357601002e-15
45802880 5.329070518200751e-15
45880512 7.105427357601002e-15
45958144 7.105427357601002e-15
46035776 7.105427357601002e-15
46113408 5.329070518200751e-15
46191040 7.105427357601002e-15
46268672 5.329070518200751e-15
46346304 7.105427357601002e-15
46423936 5.329070518200751e-15
46501568 7.105427357601002e-15
46579200 5.329070518200751e-15
46656832 7.105427357601002e-15
46734464 5.329070518200751e-15
46812096 7.105427357601002e-15
46889728 5.329070518200751e-15
46967360 7.105427357601002e-15
47044992 5.329070518200751e-15
47122624 7.105427357601002e-15
47200256 5.329070518200751e-15
47277888 7.105427357601002e-15
47355520 5.329070518200751e-15
47433152 7.105427357601002e-15
47510784 5.329070518200751e-15
47588416 7.105427357601002e-15
47666048 5.329070518200751e-15
47743680 7.105427357601002e-15
47821312 5.329070518200751e-15
47898944 7.105427357601002e-15
47976576 5.329070518200751e-15
48054208 7.105427357601002e-15
48131840 5.329070518200751e-15
48209472 7.105427357601002e-15
48287104 5.329070518200751e-15
48364736 7.105427357601002e-15
48442368 5.329070518200751e-15
48520000 7.105427357601002e-15
48597632 5.329070518200751e-15
48675264 7.105427357601002e-15
48752896 5.329070518200751e-15
48830528 7.105427357601002e-15
48908160 5.329070518200751e-15
48985792 7.105427357601002e-15
49063424 5.329070518200751e-15
49141056 7.105427357601002e-15
49218688 5.329070518200751e-15
49296320 7.105427357601002e-15
49373952 5.329070518200751e-15
49451584 7.105427357601002e-15
49529216 5.329070518200751e-15
49606848 7.105427357601002e-15
49684480 5.329070518200751e-15
49762112 7.105427357601002e-15
49839744 5.329070518200751e-15
49917376 7.105427357601002e-15
49995008 5.329070518200751e-15
50072640 7.105427357601002e-15
50150272 5.329070518200751e-15
50227904 7.105427357601002e-15
50305536 5.329070518200751e-15
50383168 7.105427357601002e-15
50460800 5.329070518200751e-15
50538432 7.105427357601002e-15
50616064 5.329070518200751e-15
50693696 7.105427357601002e-15
50771328 5.329070518200751e-15
50848960 7.105427357601002e-15
50926592 5.329070518200751e-15
51004224 7.105427357601002e-15
51081856 5.329070518200751e-15
51159488 7.105427357601002e-15
51237120 5.329070518200751e-15
51314752 7.105427357601002e-15
51392384 5.329070518200751e-15
51470016 7.105427357601002e-15
51547648 5.329070518200751e-15
51625280 7.105427357601002e-15
51702912 5.329070518200751e-15
51780544 7.105427357601002e-15
51858176 5.329070518200751e-15
51935808 7.105427357601002e-15
52013440 5.329070518200751e-15
52091072 7.105427357601002e-15
52168704 5.329070518200751e-15
52246336 7.105427357601002e-15
52323968 5.329070518200751e-15
52401600 7.105427357601002e-15
52479232 5.329070518200751e-15
52556864 7.105427357601002e-15
52634496 5.329070518200751e-15
52712128 7.105427357601002e-15
52789760 5.329070518200751e-15
52867392 7.105427357601002e-15
52945024 5.329070518200751e-15
53022656 7.105427357601002e-15
53100288 5.329070518200751e-15
53177920 7.105427357601002e-15
53255552 5.329070518200751e-15
53333184 7.105427357601002e-15
53410816 5.329070518200751e-15
53488448 7.105427357601002e-15
53566080 5.329070518200751e-15
53643712 7.105427357601002e-15
53721344 5.329070518200751e-15
53798976 7.105427357601002e-15
53876608 5.329070518200751e-15
53954240 7.105427357601002e-15
54031872 5.329070518200751e-15
54109504 7.105427357601002e-15
54187136 5.329070518200751e-15
54264768 7.105427357601002e-15
54342400 5.329070518200751e-15
54420032 7.105427357601002e-15
54497664 5.329070518200751e-15
54575296 7.105427357601002e-15
54652928 7.105427357601002e-15
54730560 7.105427357601002e-15
54808192 7.105427357601002e-15
54885824 7.105427357601002e-15
54963456 5.329070518200751e-15
55041088 7.105427357601002e-15
55118720 5.329070518200751e-15
55196352 7.105427357601002e-15
55273984 5.329070518200751e-15
55351616 7.105427357601002e-15
55429248 5.329070518200751e-15
55506880 7.105427357601002e-15
55584512 5.329070518200751e-15
55662144 7.105427357601002e-15
55739776 5.329070518200751e-15
55817408 7.105427357601002e-15
55895040 5.329070518200751e-15
55972672 7.105427357601002e-15
56050304 5.329070518200751e-15
56127936 7.105427357601002e-15
56205568 5.329070518200751e-15
56283200 7.105427357601002e-15
56360832 5.329070518200751e-15
56438464 7.105427357601002e-15
56516096 5.329070518200751e-15
56593728 7.105427357601002e-15
56671360 5.329070518200751e-15
56748992 7.105427357601002e-15
56826624 5.329070518200751e-15
56904256 7.105427357601002e-15
56981888 5.329070518200751e-15
57059520 7.105427357601002e-15
57137152 5.329070518200751e-15
57214784 7.105427357601002e-15
57292416 5.329070518200751e-15
57370048 7.105427357601002e-15
57447680 5.329070518200751e-15
57525312 7.105427357601002e-15
57602944 5.329070518200751e-15
57680576 7.105427357601002e-15
57758208 5.329070518200751e-15
57835840 7.105427357601002e-15
57913472 5.329070518200751e-15
57991104 7.105427357601002e-15
58068736 5.329070518200751e-15
58146368 7.105427357601002e-15
58224000 5.329070518200751e-15
58301632 7.105427357601002e-15
58379264 5.329070518200751e-15
58456896 7.105427357601002e-15
58534528 5.329070518200751e-15
58612160 7.105427357601002e-15
58689792 5.329070518200751e-15
58767424 7.105427357601002e-15
58845056 5.329070518200751e-15
58922688 7.105427357601002e-15
59000320 5.329070518200751e-15
59077952 7.105427357601002e-15
59155584 5.329070518200751e-15
59233216 7.105427357601002e-15
59310848 5.329070518200751e-15
59388480 7.105427357601002e-15
59466112 5.329070518200751e-15
59543744 7.105427357601002e-15
59621376 5.329070518200751e-15
59699008 7.105427357601002e-15
59776640 5.329070518200751e-15
59854272 7.105427357601002e-15
59931904 5.329070518200751e-15
60009536 7.105427357601002e-15
60087168 5.329070518200751e-15
60164800 7.105427357601002e-15
60242432 5.329070518200751e-15
60320064 7.105427357601002e-15
60397696 5.329070518200751e-15
60475328 7.105427357601002e-15
60552960 5.329070518200751e-15
60630592 7.105427357601002e-15
60708224 5.329070518200751e-15
60785856 7.105427357601002e-15
60863488 5.329070518200751e-15
60941120 7.105427357601002e-15
61018752 5.329070518200751e-15
61096384 7.105427357601002e-15
61174016 5.329070518200751e-15
61251648 7.105427357601002e-15
61329280 5.329070518200751e-15
61406912 7.105427357601002e-15
61484544 5.329070518200751e-15
61562176 7.105427357601002e-15
61639808 5.329070518200751e-15
61717440 7.105427357601002e-15
61795072 5.329070518200751e-15
61872704 7.105427357601002e-15
61950336 5.329070518200751e-15
62027968 7.105427357601002e-15
62105600 5.329070518200751e-15
62183232 7.105427357601002e-15
62260864 5.329070518200751e-15
62338496 7.105427357601002e-15
62416128 5.329070518200751e-15
62493760 7.105427357601002e-15
62571392 5.329070518200751e-15
62649024 7.105427357601002e-15
62726656 5.329070518200751e-15
62804288 7.105427357601002e-15
62881920 5.329070518200751e-15
62959552 7.105427357601002e-15
63037184 5.329070518200751e-15
63114816 7.105427357601002e-15
63192448 5.329070518200751e-15
63270080 7.105427357601002e-15
63347712 5.329070518200751e-15
63425344 7.105427357601002e-15
63502976 5.329070518200751e-15
63580608 7.105427357601002e-15
63658240 5.329070518200751e-15
63735872 7.105427357601002e-15
63813504 5.329070518200751e-15
63891136 7.105427357601002e-15
63968768 5.329070518200751e-15
64046400 7.105427357601002e-15
64124032 5.329070518200751e-15
64201664 7.105427357601002e-15
64279296 5.329070518200751e-15
64356928 7.105427357601002e-15
64434560 5.329070518200751e-15
64512192 7.105427357601002e-15
64589824 5.329070518200751e-15
64667456 7.105427357601002e-15
64745088 5.329070518200751e-15
64822720 7.105427357601002e-15
64900352 5.329070518200751e-15
64977984 7.105427357601002e-15
65055616 5.329070518200751e-15
65133248 7.105427357601002e-15
65210880 5.329070518200751e-15
65288512 7.105427357601002e-15
65366144 5.329070518200751e-15
65443776 7.105427357601002e-15
65521408 5.329070518200751e-15
65599040 7.105427357601002e-15
65676672 5.329070518200751e-15
65754304 7.105427357601002e-15
65831936 5.329070518200751e-15
65909568 7.105427357601002e-15
65987200 7.105427357601002e-15
66064832 7.105427357601002e-15
66142464 5.329070518200751e-15
66220096 7.105427357601002e-15
66297728 5.329070518200751e-15
66375360 7.105427357601002e-15
66452992 5.329070518200751e-15
66530624 7.105427357601002e-15
66608256 5.329070518200751e-15
66685888 7.105427357601002e-15
66763520 5.329070518200751e-15
66841152 7.105427357601002e-15
66918784 5.329070518200751e-15
66996416 7.105427357601002e-15
67074048 5.329070518200751e-15
67151680 7.105427357601002e-15
67229312 5.329070518200751e-15
67306944 7.105427357601002e-15
67384576 5.329070518200751e-15
67462208 7.105427357601002e-15
67539840 5.329070518200751e-15
67617472 7.105427357601002e-15
67695104 5.329070518200751e-15
67772736 7.105427357601002e-15
67850368 5.329070518200751e-15
67928000 7.105427357601002e-15
68005632 5.329070518200751e-15
68083264 7.105427357601002e-15
68160896 5.329070518200751e-15
68238528 7.105427357601002e-15
68316160 5.329070518200751e-15
68393792 7.105427357601002e-15
68471424 5.329070518200751e-15
68549056 7.105427357601002e-15
68626688 5.329070518200751e-15
68704320 7.105427357601002e-15
68781952 5.329070518200751e-15
68859584 7.105427357601002e-15
68937216 5.329070518200751e-15
69014848 7.105427357601002e-15
69092480 5.329070518200751e-15
69170112 7.105427357601002e-15
69247744 5.329070518200751e-15
69325376 7.105427357601002e-15
69403008 5.329070518200751e-15
69480640 7.105427357601002e-15
69558272 5.329070518200751e-15
69635904 7.105427357601002e-15
69713536 5.329070518200751e-15
69791168 7.105427357601002e-15
69868800 5.329070518200751e-15
69946432 7.105427357601002e-15
70024064 5.329070518200751e-15
70101696 7.105427357601002e-15
70179328 5.329070518200751e-15
70256960 7.105427357601002e-15
70334592 5.329070518200751e-15
70412224 7.105427357601002e-15
70489856 5.329070518200751e-15
70567488 7.105427357601002e-15
70645120 5.329070518200751e-15
70722752 7.105427357601002e-15
70800384 5.329070518200751e-15
70878016 7.105427357601002e-15
70955648 5.329070518200751e-15
71033280 7.105427357601002e-15
71110912 5.329070518200751e-15
71188544 7.105427357601002e-15
71266176 5.329070518200751e-15
71343808 7.105427357601002e-15
71421440 5.329070518200751e-15
71499072 7.105427357601002e-15
71576704 5.329070518200751e-15
71654336 7.105427357601002e-15
71731968 5.329070518200751e-15
71809600 7.105427357601002e-15
71887232 5.329070518200751e-15
71964864 7.105427357601002e-15
72042496 5.329070518200751e-15
72120128 7.105427357601002e-15
72197760 5.329070518200751e-15
72275392 7.105427357601002e-15
72353024 5.329070518200751e-15
72430656 7.105427357601002e-15
72508288 5.329070518200751e-15
72585920 7.105427357601002e-15
72663552 5.329070518200751e-15
72741184 7.105427357601002e-15
72818816 5.329070518200751e-15
72896448 7.105427357601002e-15
72974080 5.329070518200751e-15
73051712 7.105427357601002e-15
73129344 5.329070518200751e-15
73206976 7.105427357601002e-15
73284608 5.329070518200751e-15
73362240 7.105427357601002e-15
73439872 5.329070518200751e-15
73517504 7.105427357601002e-15
73595136 5.329070518200751e-15
73672768 7.105427357601002e-15
73750400 5.329070518200751e-15
73828032 7.105427357601002e-15
73905664 5.329070518200751e-15
73983296 7.105427357601002e-15
74060928 5.329070518200751e-15
74138560 7.105427357601002e-15
74216192 5.329070518200751e-15
74293824 7.105427357601002e-15
74371456 5.329070518200751e-15
74449088 7.105427357601002e-15
74526720 5.329070518200751e-15
74604352 7.105427357601002e-15
74681984 5.329070518200751e-15
74759616 7.105427357601002e-15
74837248 5.329070518200751e-15
74914880 7.105427357601002e-15
74992512 5.329070518200751e-15
75070144 7.105427357601002e-15
75147776 5.329070518200751e-15
75225408 7.105427357601002e-15
75303040 5.329070518200751e-15
75380672 7.105427357601002e-15
75458304 5.329070518200751e-15
75535936 7.105427357601002e-15
75613568 5.329070518200751e-15
75691200 7.105427357601002e-15
75768832 5.329070518200751e-15
75846464 7.105427357601002e-15
75924096 5.329070518200751e-15
76001728 7.105427357601002e-15
76079360 5.329070518200751e-15
76156992 7.105427357601002e-15
76234624 5.329070518200751e-15
76312256 7.105427357601002e-15
76389888 5.329070518200751e-15
76467520 7.105427357601002e-15
76545152 5.329070518200751e-15
76622784 7.105427357601002e-15
76700416 5.329070518200751e-15
76778048 7.105427357601002e-15
76855680 5.329070518200751e-15
76933312 7.105427357601002e-15
77010944 5.329070518200751e-15
77088576 7.105427357601002e-15
77166208 5.329070518200751e-15
77243840 7.105427357601002e-15
77321472 5.329070518200751e-15
77399104 7.105427357601002e-15
77476736 5.329070518200751e-15
77554368 7.105427357601002e-15
77632000 5.329070518200751e-15
77709632 7.105427357601002e-15
77787264 5.329070518200751e-15
77864896 7.105427357601002e-15
77942528 5.329070518200751e-15
78020160 7.105427357601002e-15
78097792 5.329070518200751e-15
78175424 7.105427357601002e-15
78253056 5.329070518200751e-15
78330688 7.105427357601002e-15
78408320 5.329070518200751e-15
78485952 7.105427357601002e-15
78563584 5.329070518200751e-15
78641216 7.105427357601002e-15
78718848 5.329070518200751e-15
78796480 7.105427357601002e-15
78874112 5.329070518200751e-15
78951744 7.105427357601002e-15
79029376 5.329070518200751e-15
79107008 7.105427357601002e-15
79184640 5.329070518200751e-15
79262272 7.105427357601002e-15
79339904 5.329070518200751e-15
79417536 7.105427357601002e-15
79495168 5.329070518200751e-15
79572800 7.105427357601002e-15
79650432 5.329070518200751e-15
79728064 7.105427357601002e-15
79805696 5.329070518200751e-15
79883328 7.105427357601002e-15
79960960 5.329070518200751e-15
80038592 7.105427357601002e-15
80116224 5.329070518200751e-15
80193856 7.105427357601002e-15
80271488 5.329070518200751e-15
80349120 7.105427357601002e-15
80426752 5.329070518200751e-15
80504384 7.105427357601002e-15
80582016 5.329070518200751e-15
80659648 7.105427357601002e-15
80737280 5.329070518200751e-15
80814912 7.105427357601002e-15
80892544 5.329070518200751e-15
80970176 7.105427357601002e-15
81047808 5.329070518200751e-15
81125440 7.105427357601002e-15
81203072 5.329070518200751e-15
81280704 7.105427357601002e-15
81358336 5.329070518200751e-15
81435968 7.105427357601002e-15
81513600 5.329070518200751e-15
81591232 7.105427357601002e-15
81668864 5.329070518200751e-15
81746496 7.105427357601002e-15
81824128 5.329070518200751e-15
81901760 7.105427357601002e-15
81979392 5.329070518200751e-15
82057024 7.105427357601002e-15
82134656 5.329070518200751e-15
82212288 7.105427357601002e-15
82289920 5.329070518200751e-15
82367552 7.105427357601002e-15
82445184 5.329070518200751e-15
82522816 7.105427357601002e-15
82600448 5.329070518200751e-15
82678080 7.105427357601002e-15
82755712 5.329070518200751e-15
82833344 7.105427357601002e-15
82910976 5.329070518200751e-15
82988608 7.105427357601002e-15
83066240 5.329070518200751e-15
83143872 7.105427357601002e-15
83221504 5.329070518200751e-15
83299136 7.105427357601002e-15
83376768 5.329070518200751e-15
83454400 7.105427357601002e-15
83532032 5.329070518200751e-15
83609664 7.105427357601002e-15
83687296 5.329070518200751e-15
83764928 7.105427357601002e-15
83842560 5.329070518200751e-15
83920192 7.105427357601002e-15
83997824 5.329070518200751e-15
84075456 7.105427357601002e-15
84153088 5.329070518200751e-15
84230720 7.105427357601002e-15
84308352 5.329070518200751e-15
84385984 7.105427357601002e-15
84463616 5.329070518200751e-15
84541248 7.105427357601002e-15
84618880 5.329070518200751e-15
84696512 7.105427357601002e-15
84774144 5.329070518200751e-15
84851776 7.105427357601002e-15
84929408 5.329070518200751e-15
85007040 7.105427357601002e-15
85084672 5.329070518200751e-15
85162304 7.105427357601002e-15
85239936 5.329070518200751e-15
85317568 7.105427357601002e-15
85395200 5.329070518200751e-15
85472832 7.105427357601002e-15
85550464 5.329070518200751e-15
85628096 7.105427357601002e-15
85705728 5.329070518200751e-15
85783360 7.105427357601002e-15
85860992 5.329070518200751e-15
85938624 7.105427357601002e-15
86016256 5.329070518200751e-15
86093888 7.105427357601002e-15
86171520 5.329070518200751e-15
86249152 7.105427357601002e-15
86326784 5.329070518200751e-15
86404416 7.105427357601002e-15
86482048 5.329070518200751e-15
86559680 7.105427357601002e-15
86637312 5.329070518200751e-15
86714944 7.105427357601002e-15
86792576 5.329070518200751e-15
86870208 7.105427357601002e-15
86947840 5.329070518200751e-15
87025472 7.105427357601002e-15
87103104 5.329070518200751e-15
87180736 7.105427357601002e-15
87258368 5.329070518200751e-15
87336000 7.105427357601002e-15
87413632 5.329070518200751e-15
87491264 7.105427357601002e-15
87568896 5.329070518200751e-15
87646528 7.105427357601002e-15
87724160 5.329070518200751e-15
87801792 7.105427357601002e-15
87879424 5.329070518200751e-15
87957056 7.105427357601002e-15
88034688 5.329070518200751e-15
88112320 7.105427357601002e-15
88189952 5.329070518200751e-15
88267584 7.105427357601002e-15
88345216 5.329070518200751e-15
88422848 7.105427357601002e-15
88500480 5.329070518200751e-15
88578112 7.105427357601002e-15
88655744 5.329070518200751e-15
88733376 7.105427357601002e-15
88811008 5.329070518200751e-15
88888640 7.105427357601002e-15
88966272 5.329070518200751e-15
89043904 7.105427357601002e-15
89121536 5.329070518200751e-15
89199168 7.105427357601002e-15
89276800 5.329070518200751e-15
89354432 7.105427357601002e-15
89432064 5.329070518200751e-15
89509696 7.105427357601002e-15
89587328 5.329070518200751e-15
89664960 7.105427357601002e-15
89742592 5.329070518200751e-15
89820224 7.105427357601002e-15
89897856 5.329070518200751e-15
89975488 7.105427357601002e-15
90053120 5.329070518200751e-15
90130752 7.105427357601002e-15
90208384 5.329070518200751e-15
90286016 7.105427357601002e-15
90363648 5.329070518200751e-15
90441280 7.105427357601002e-15
90518912 5.329070518200751e-15
90596544 7.105427357601002e-15
90674176 5.329070518200751e-15
90751808 7.105427357601002e-15
90829440 5.329070518200751e-15
90907072 7.105427357601002e-15
90984704 5.329070518200751e-15
91062336 7.105427357601002e-15
91139968 5.329070518200751e-15
91217600 7.105427357601002e-15
91295232 5.329070518200751e-15
91372864 7.105427357601002e-15
91450496 5.329070518200751e-15
91528128 7.105427357601002e-15
91605760 5.329070518200751e-15
91683392 7.105427357601002e-15
91761024 5.329070518200751e-15
91838656 7.105427357601002e-15
91916288 5.329070518200751e-15
91993920 7.105427357601002e-15
92071552 5.329070518200751e-15
92149184 7.105427357601002e-15
92226816 5.329070518200751e-15
92304448 7.105427357601002e-15
92382080 5.329070518200751e-15
92459712 7.105427357601002e-15
92537344 5.329070518200751e-15
92614976 7.105427357601002e-15
92692608 5.329070518200751e-15
92770240 7.105427357601002e-15
92847872 5.329070518200751e-15
92925504 7.105427357601002e-15
93003136 5.329070518200751e-15
93080768 7.105427357601002e-15
93158400 5.329070518200751e-15
93236032 7.105427357601002e-15
93313664 5.329070518200751e-15
93391296 7.105427357601002e-15
93468928 5.329070518200751e-15
93546560 7.105427357601002e-15
93624192 5.329070518200751e-15
93701824 7.105427357601002e-15
93779456 5.329070518200751e-15
93857088 7.105427357601002e-15
93934720 5.329070518200751e-15
94012352 7.105427357601002e-15
94089984 5.329070518200751e-15
94167616 7.105427357601002e-15
94245248 5.329070518200751e-15
94322880 7.105427357601002e-15
94400512 5.329070518200751e-15
94478144 7.105427357601002e-15
94555776 5.329070518200751e-15
94633408 7.105427357601002e-15
94711040 5.329070518200751e-15
94788672 7.105427357601002e-15
94866304 5.329070518200751e-15
94943936 7.105427357601002e-15
95021568 5.329070518200751e-15
95099200 7.105427357601002e-15
95176832 5.329070518200751e-15
95254464 7.105427357601002e-15
95332096 5.329070518200751e-15
95409728 7.105427357601002e-15
95487360 5.329070518200751e-15
95564992 7.105427357601002e-15
95642624 5.329070518200751e-15
95720256 7.105427357601002e-15
95797888 5.329070518200751e-15
95875520 7.105427357601002e-15
95953152 5.329070518200751e-15
96030784 7.105427357601002e-15
96108416 5.329070518200751e-15
96186048 7.105427357601002e-15
96263680 5.329070518200751e-15
96341312 7.105427357601002e-15
96418944 5.329070518200751e-15
96496576 7.105427357601002e-15
96574208 5.329070518200751e-15
96651840 7.105427357601002e-15
96729472 5.329070518200751e-15
96807104 7.105427357601002e-15
96884736 5.329070518200751e-15
96962368 7.105427357601002e-15
97040000 5.329070518200751e-15
97117632 7.105427357601002e-15
97195264 5.329070518200751e-15
97272896 7.105427357601002e-15
97350528 5.329070518200751e-15
97428160 7.105427357601002e-15
97505792 5.329070518200751e-15
97583424 7.105427357601002e-15
97661056 5.329070518200751e-15
97738688 7.105427357601002e-15
97816320 5.329070518200751e-15
97893952 7.105427357601002e-15
97971584 5.329070518200751e-15
98049216 7.105427357601002e-15
98126848 5.329070518200751e-15
98204480 7.105427357601002e-15
98282112 5.329070518200751e-15
98359744 7.105427357601002e-15
98437376 5.329070518200751e-15
98515008 7.105427357601002e-15
98592640 5.329070518200751e-15
98670272 7.105427357601002e-15
98747904 5.329070518200751e-15
98825536 7.105427357601002e-15
98903168 5.329070518200751e-15
98980800 7.105427357601002e-15
99058432 5.329070518200751e-15
99136064 7.105427357601002e-15
99213696 5.329070518200751e-15
99291328 7.105427357601002e-15
99368960 5.329070518200751e-15
99446592 7.105427357601002e-15
99524224 5.329070518200751e-15
99601856 7.105427357601002e-15
99679488 5.329070518200751e-15
99757120 7.105427357601002e-15
99834752 5.329070518200751e-15
99912384 7.105427357601002e-15
99990016 5.329070518200751e-15
100067648 7.105427357601002e-15
100145280 5.329070518200751e-15
100222912 7.105427357601002e-15
100300544 5.329070518200751e-15
100378176 7.105427357601002e-15
100455808 5.329070518200751e-15
100533440 7.105427357601002e-15
100611072 5.329070518200751e-15
100688704 7.105427357601002e-15
100766336 5.329070518200751e-15
100843968 7.105427357601002e-15
100921600 5.329070518200751e-15
100999232 7.105427357601002e-15
101076864 5.329070518200751e-15
101154496 7.105427357601002e-15
101232128 5.329070518200751e-15
101309760 7.105427357601002e-15
101387392 5.329070518200751e-15
101465024 7.105427357601002e-15
101542656 5.329070518200751e-15
101620288 7.105427357601002e-15
101697920 5.329070518200751e-15
101775552 7.105427357601002e-15
101853184 5.329070518200751e-15
101930816 7.105427357601002e-15
102008448 5.329070518200751e-15
102086080 7.105427357601002e-15
102163712 5.329070518200751e-15
102241344 7.105427357601002e-15
102318976 5.329070518200751e-15
102396608 7.105427357601002e-15
102474240 5.329070518200751e-15
102551872 7.105427357601002e-15
102629504 5.329070518200751e-15
102707136 7.105427357601002e-15
102784768 5.329070518200751e-15
102862400 7.105427357601002e-15
102940032 5.329070518200751e-15
103017664 7.105427357601002e-15
103095296 5.329070518200751e-15
103172928 7.105427357601002e-15
103250560 5.329070518200751e-15
103328192 7.105427357601002e-15
103405824 5.329070518200751e-15
103483456 7.105427357601002e-15
103561088 5.329070518200751e-15
103638720 7.105427357601002e-15
103716352 5.329070518200751e-15
103793984 7.105427357601002e-15
103871616 5.329070518200751e-15
103949248 7.105427357601002e-15
104026880 5.329070518200751e-15
104104512 7.105427357601002e-15
104182144 5.329070518200751e-15
104259776 7.105427357601002e-15
104337408 5.329070518200751e-15
104415040 7.105427357601002e-15
104492672 5.329070518200751e-15
104570304 7.105427357601002e-15
104647936 5.329070518200751e-15
104725568 7.105427357601002e-15
104803200 5.329070518200751e-15
104880832 7.105427357601002e-15
104958464 5.329070518200751e-15
105036096 7.105427357601002e-15
105113728 5.329070518200751e-15
105191360 7.105427357601002e-15
105268992 5.329070518200751e-15
105346624 7.105427357601002e-15
105424256 5.329070518200751e-15
105501888 7.105427357601002e-15
105579520 5.329070518200751e-15
105657152 7.105427357601002e-15
105734784 5.329070518200751e-15
105812416 7.105427357601002e-15
105890048 5.329070518200751e-15
105967680 7.105427357601002e-15
106045312 5.329070518200751e-15
106122944 7.105427357601002e-15
106200576 5.329070518200751e-15
106278208 7.105427357601002e-15
106355840 5.329070518200751e-15
106433472 7.105427357601002e-15
106511104 5.329070518200751e-15
106588736 7.105427357601002e-15
106666368 5.329070518200751e-15
106744000 7.105427357601002e-15
106821632 5.329070518200751e-15
106899264 7.105427357601002e-15
106976896 5.329070518200751e-15
107054528 7.105427357601002e-15
107132160 5.329070518200751e-15
107209792 7.105427357601002e-15
107287424 5.329070518200751e-15
107365056 7.105427357601002e-15
107442688 5.329070518200751e-15
107520320 7.105427357601002e-15
107597952 5.329070518200751e-15
107675584 7.105427357601002e-15
107753216 5.329070518200751e-15
107830848 7.105427357601002e-15
107908480 5.329070518200751e-15
107986112 7.105427357601002e-15
108063744 5.329070518200751e-15
108141376 7.105427357601002e-15
108219008 5.329070518200751e-15
108296640 7.105427357601002e-15
108374272 5.329070518200751e-15
108451904 7.105427357601002e-15
108529536 5.329070518200751e-15
108607168 7.105427357601002e-15
108684800 5.329070518200751e-15
108762432 7.105427357601002e-15
108840064 5.329070518200751e-15
108917696 7.105427357601002e-15
108995328 5.329070518200751e-15
109072960 7.105427357601002e-15
109150592 5.329070518200751e-15
109228224 7.105427357601002e-15
109305856 5.329070518200751e-15
109383488 7.105427357601002e-15
109461120 5.329070518200751e-15
109538752 7.105427357601002e-15
109616384 5.329070518200751e-15
109694016 7.105427357601002e-15
109771648 5.329070518200751e-15
109849280 7.105427357601002e-15
109926912 5.329070518200751e-15
110004544 7.105427357601002e-15
110082176 5.329070518200751e-15
110159808 7.105427357601002e-15
110237440 5.329070518200751e-15
110315072 7.105427357601002e-15
110392704 5.329070518200751e-15
110470336 7.105427357601002e-15
110547968 5.329070518200751e-15
110625600 7.105427357601002e-15
110703232 5.329070518200751e-15
110780864 7.105427357601002e-15
110858496 5.329070518200751e-15
110936128 7.105427357601002e-15
111013760 5.329070518200751e-15
111091392 7.105427357601002e-15
111169024 5.329070518200751e-15
111246656 7.105427357601002e-15
111324288 5.329070518200751e-15
111401920 7.105427357601002e-15
111479552 5.329070518200751e-15
111557184 7.105427357601002e-15
111634816 5.329070518200751e-15
111712448 7.105427357601002e-15
111790080 5.329070518200751e-15
111867712 7.105427357601002e-15
111945344 5.329070518200751e-15
112022976 7.105427357601002e-15
112100608 5.329070518200751e-15
112178240 7.105427357601002e-15
112255872 5.329070518200751e-15
112333504 7.105427357601002e-15
112411136 5.329070518200751e-15
112488768 7.105427357601002e-15
112566400 5.329070518200751e-15
112644032 7.105427357601002e-15
112721664 5.329070518200751e-15
112799296 7.105427357601002e-15
112876928 5.329070518200751e-15
112954560 7.105427357601002e-15
113032192 5.329070518200751e-15
113109824 7.105427357601002e-15
113187456 5.329070518200751e-15
113265088 7.105427357601002e-15
113342720 5.329070518200751e-15
113420352 7.105427357601002e-15
113497984 5.329070518200751e-15
113575616 7.105427357601002e-15
113653248 5.329070518200751e-15
113730880 7.105427357601002e-15
113808512 5.329070518200751e-15
113886144 7.105427357601002e-15
113963776 5.329070518200751e-15
114041408 7.105427357601002e-15
114119040 5.329070518200751e-15
114196672 7.105427357601002e-15
114274304 5.329070518200751e-15
114351936 7.105427357601002e-15
114429568 5.329070518200751e-15
114507200 7.105427357601002e-15
114584832 5.329070518200751e-15
114662464 7.105427357601002e-15
114740096 5.329070518200751e-15
114817728 7.105427357601002e-15
114895360 5.329070518200751e-15
114972992 7.105427357601002e-15
115050624 5.329070518200751e-15
115128256 7.105427357601002e-15
115205888 5.329070518200751e-15
115283520 7.105427357601002e-15
115361152 5.329070518200751e-15
115438784 7.105427357601002e-15
115516416 5.329070518200751e-15
115594048 7.105427357601002e-15
115671680 5.329070518200751e-15
115749312 7.105427357601002e-15
115826944 5.329070518200751e-15
115904576 7.105427357601002e-15
115982208 5.329070518200751e-15
116059840 7.105427357601002e-15
116137472 5.329070518200751e-15
116215104 7.105427357601002e-15
116292736 5.329070518200751e-15
116370368 7.105427357601002e-15
116448000 5.329070518200751e-15
116525632 7.105427357601002e-15
116603264 5.329070518200751e-15
116680896 7.105427357601002e-15
116758528 5.329070518200751e-15
116836160 7.105427357601002e-15
116913792 5.329070518200751e-15
116991424 7.105427357601002e-15
117069056 5.329070518200751e-15
117146688 7.105427357601002e-15
117224320 5.329070518200751e-15
117301952 7.105427357601002e-15
117379584 5.329070518200751e-15
117457216 7.105427357601002e-15
117534848 5.329070518200751e-15
117612480 7.105427357601002e-15
117690112 5.329070518200751e-15
117767744 7.105427357601002e-15
117845376 5.329070518200751e-15
117923008 7.105427357601002e-15
118000640 5.329070518200751e-15
118078272 7.105427357601002e-15
118155904 5.329070518200751e-15
118233536 7.105427357601002e-15
118311168 5.329070518200751e-15
118388800 7.105427357601002e-15
118466432 5.329070518200751e-15
118544064 7.105427357601002e-15
118621696 5.329070518200751e-15
118699328 7.105427357601002e-15
118776960 5.329070518200751e-15
118854592 7.105427357601002e-15
118932224 5.329070518200751e-15
119009856 7.105427357601002e-15
119087488 5.329070518200751e-15
119165120 7.105427357601002e-15
119242752 5.329070518200751e-15
119320384 7.105427357601002e-15
119398016 5.329070518200751e-15
119475648 7.105427357601002e-15
119553280 5.329070518200751e-15
119630912 7.105427357601002e-15
119708544 5.329070518200751e-15
119786176 7.105427357601002e-15
119863808 5.329070518200751e-15
119941440 7.105427357601002e-15
120019072 5.329070518200751e-15
120096704 7.105427357601002e-15
120174336 5.329070518200751e-15
120251968 7.105427357601002e-15
120329600 5.329070518200751e-15
120407232 7.105427357601002e-15
120484864 5.329070518200751e-15
120562496 7.105427357601002e-15
120640128 5.329070518200751e-15
120717760 7.105427357601002e-15
120795392 5.329070518200751e-15
120873024 7.105427357601002e-15
120950656 5.329070518200751e-15
121028288 7.105427357601002e-15
121105920 5.329070518200751e-15
121183552 7.105427357601002e-15
121261184 5.329070518200751e-15
121338816 7.105427357601002e-15
121416448 5.329070518200751e-15
121494080 7.105427357601002e-15
121571712 5.329070518200751e-15
121649344 7.105427357601002e-15
121726976 5.329070518200751e-15
121804608 7.105427357601002e-15
121882240 5.329070518200751e-15
121959872 7.105427357601002e-15
122037504 5.329070518200751e-15
122115136 7.105427357601002e-15
122192768 5.329070518200751e-15
122270400 7.105427357601002e-15
122348032 5.329070518200751e-15
122425664 7.105427357601002e-15
122503296 5.329070518200751e-15
122580928 7.105427357601002e-15
122658560 5.329070518200751e-15
122736192 7.105427357601002e-15
122813824 5.329070518200751e-15
122891456 7.105427357601002e-15
122969088 5.329070518200751e-15
123046720 7.105427357601002e-15
123124352 5.329070518200751e-15
123201984 7.105427357601002e-15
123279616 5.329070518200751e-15
123357248 7.105427357601002e-15
123434880 5.329070518200751e-15
123512512 7.105427357601002e-15
123590144 5.329070518200751e-15
123667776 7.105427357601002e-15
123745408 5.329070518200751e-15
123823040 7.105427357601002e-15
123900672 5.329070518200751e-15
123978304 7.105427357601002e-15
124055936 5.329070518200751e-15
124133568 7.105427357601002e-15
124211200 5.329070518200751e-15
124288832 7.105427357601002e-15
124366464 5.329070518200751e-15
124444096 7.105427357601002e-15
124521728 5.329070518200751e-15
124599360 7.105427357601002e-15
124676992 5.329070518200751e-15
124754624 7.105427357601002e-15
124832256 5.329070518200751e-15
124909888 7.105427357601002e-15
124987520 5.329070518200751e-15
125065152 7.105427357601002e-15
125142784 5.329070518200751e-15
125220416 7.105427357601002e-15
125298048 5.329070518200751e-15
125375680 7.105427357601002e-15
125453312 5.329070518200751e-15
125530944 7.105427357601002e-15
125608576 5.329070518200751e-15
125686208 7.105427357601002e-15
125763840 5.329070518200751e-15
125841472 7.105427357601002e-15
125919104 5.329070518200751e-15
125996736 7.105427357601002e-15
126074368 5.329070518200751e-15
126152000 7.105427357601002e-15
126229632 5.329070518200751e-15
126307264 7.105427357601002e-15
126384896 5.329070518200751e-15
126462528 7.105427357601002e-15
126540160 5.329070518200751e-15
126617792 7.105427357601002e-15
126695424 5.329070518200751e-15
126773056 7.105427357601002e-15
126850688 5.329070518200751e-15
126928320 7.105427357601002e-15
127005952 5.329070518200751e-15
127083584 7.105427357601002e-15
127161216 5.329070518200751e-15
127238848 7.105427357601002e-15
127316480 5.329070518200751e-15
127394112 7.105427357601002e-15
127471744 5.329070518200751e-15
127549376 7.105427357601002e-15
127627008 5.329070518200751e-15
127704640 7.105427357601002e-15
127782272 5.329070518200751e-15
127859904 7.105427357601002e-15
127937536 5.329070518200751e-15
128015168 7.105427357601002e-15
128092800 5.329070518200751e-15
128170432 7.105427357601002e-15
128248064 5.329070518200751e-15
128325696 7.105427357601002e-15
128403328 5.329070518200751e-15
128480960 7.105427357601002e-15
128558592 5.329070518200751e-15
128636224 7.105427357601002e-15
128713856 5.329070518200751e-15
128791488 7.105427357601002e-15
128869120 5.329070518200751e-15
128946752 7.105427357601002e-15
129024384 5.329070518200751e-15
129102016 7.105427357601002e-15
129179648 5.329070518200751e-15
129257280 7.105427357601002e-15
129334912 5.329070518200751e-15
129412544 7.105427357601002e-15
129490176 5.329070518200751e-15
129567808 7.105427357601002e-15
129645440 5.329070518200751e-15
129723072 7.105427357601002e-15
129800704 5.329070518200751e-15
129878336 7.105427357601002e-15
129955968 5.329070518200751e-15
130033600 7.105427357601002e-15
130111232 5.329070518200751e-15
130188864 7.105427357601002e-15
130266496 5.329070518200751e-15
130344128 7.105427357601002e-15
130421760 5.329070518200751e-15
130499392 7.105427357601002e-15
130577024 5.329070518200751e-15
130654656 7.105427357601002e-15
130732288 5.329070518200751e-15
130809920 7.105427357601002e-15
130887552 5.329070518200751e-15
130965184 7.105427357601002e-15
131042816 5.329070518200751e-15
131120448 7.105427357601002e-15
131198080 5.329070518200751e-15
131275712 7.105427357601002e-15
131353344 5.329070518200751e-15
131430976 7.105427357601002e-15
131508608 5.329070518200751e-15
131586240 7.105427357601002e-15
131663872 5.329070518200751e-15
131741504 7.105427357601002e-15
131819136 5.329070518200751e-15
131896768 7.105427357601002e-15
131974400 5.329070518200751e-15
132052032 7.105427357601002e-15
132129664 5.329070518200751e-15
132207296 7.105427357601002e-15
132284928 5.329070518200751e-15
132362560 7.105427357601002e-15
132440192 5.329070518200751e-15
132517824 7.105427357601002e-15
132595456 5.329070518200751e-15
132673088 7.105427357601002e-15
132750720 5.329070518200751e-15
132828352 7.105427357601002e-15
132905984 5.329070518200751e-15
132983616 7.105427357601002e-15
133061248 5.329070518200751e-15
133138880 7.105427357601002e-15
133216512 5.329070518200751e-15
133294144 7.105427357601002e-15
133371776 5.329070518200751e-15
133449408 7.105427357601002e-15
133527040 5.329070518200751e-15
133604672 7.105427357601002e-15
133682304 5.329070518200751e-15
133759936 7.105427357601002e-15
133837568 5.329070518200751e-15
133915200 7.105427357601002e-15
133992832 5.329070518200751e-15
134070464 7.105427357601002e-15
134148096 5.329070518200751e-15
134225728 7.105427357601002e-15
134303360 5.329070518200751e-15
134380992 7.105427357601002e-15
134458624 5.329070518200751e-15
134536256 7.105427357601002e-15
134613888 5.329070518200751e-15
134691520 7.105427357601002e-15
134769152 5.329070518200751e-15
134846784 7.105427357601002e-15
134924416 5.329070518200751e-15
135002048 7.105427357601002e-15
135079680 5.329070518200751e-15
135157312 7.105427357601002e-15
135234944 5.329070518200751e-15
135312576 7.105427357601002e-15
135390208 5.329070518200751e-15
135467840 7.105427357601002e-15
135545472 5.329070518200751e-15
135623104 7.105427357601002e-15
135700736 5.329070518200751e-15
135778368 7.105427357601002e-15
135856000 5.329070518200751e-15
135933632 7.105427357601002e-15
136011264 5.329070518200751e-15
136088896 7.105427357601002e-15
136166528 5.329070518200751e-15
136244160 7.105427357601002e-15
136321792 5.329070518200751e-15
136399424 7.105427357601002e-15
136477056 5.329070518200751e-15
136554688 7.105427357601002e-15
136632320 5.329070518200751e-15
136709952 7.105427357601002e-15
136787584 5.329070518200751e-15
136865216 7.105427357601002e-15
136942848 5.329070518200751e-15
137020480 7.105427357601002e-15
137098112 5.329070518200751e-15
137175744 7.105427357601002e-15
137253376 5.329070518200751e-15
137331008 7.105427357601002e-15
137408640 5.329070518200751e-15
137486272 7.105427357601002e-15
137563904 5.329070518200751e-15
137641536 7.105427357601002e-15
137719168 5.329070518200751e-15
137796800 7.105427357601002e-15
137874432 5.329070518200751e-15
137952064 7.105427357601002e-15
138029696 5.329070518200751e-15
138107328 7.105427357601002e-15
138184960 5.329070518200751e-15
138262592 7.105427357601002e-15
138340224 5.329070518200751e-15
138417856 7.105427357601002e-15
138495488 5.329070518200751e-15
138573120 7.105427357601002e-15
138650752 5.329070518200751e-15
138728384 7.105427357601002e-15
138806016 5.329070518200751e-15
138883648 7.105427357601002e-15
138961280 5.329070518200751e-15
139038912 7.105427357601002e-15
139116544 5.329070518200751e-15
139194176 7.105427357601002e-15
139271808 5.329070518200751e-15
139349440 7.105427357601002e-15
139427072 5.329070518200751e-15
139504704 7.105427357601002e-15
139582336 5.329070518200751e-15
139659968 7.105427357601002e-15
139737600 5.329070518200751e-15
139815232 7.105427357601002e-15
139892864 5.329070518200751e-15
139970496 7.105427357601002e-15
140048128 5.329070518200751e-15
140125760 7.105427357601002e-15
140203392 5.329070518200751e-15
140281024 7.105427357601002e-15
140358656 5.329070518200751e-15
140436288 7.105427357601002e-15
140513920 5.329070518200751e-15
140591552 7.105427357601002e-15
140669184 5.329070518200751e-15
140746816 7.105427357601002e-15
140824448 5.329070518200751e-15
140902080 7.105427357601002e-15
140979712 5.329070518200751e-15
141057344 7.105427357601002e-15
141134976 5.329070518200751e-15
141212608 7.105427357601002e-15
141290240 5.329070518200751e-15
141367872 7.105427357601002e-15
141445504 5.329070518200751e-15
141523136 7.105427357601002e-15
141600768 5.329070518200751e-15
141678400 7.105427357601002e-15
141756032 5.329070518200751e-15
141833664 7.105427357601002e-15
141911296 5.329070518200751e-15
141988928 7.105427357601002e-15
142066560 5.329070518200751e-15
142144192 7.105427357601002e-15
142221824 5.329070518200751e-15
142299456 7.105427357601002e-15
142377088 5.329070518200751e-15
142454720 7.105427357601002e-15
142532352 5.329070518200751e-15
142609984 7.105427357601002e-15
142687616 5.329070518200751e-15
142765248 7.105427357601002e-15
142842880 5.329070518200751e-15
142920512 7.105427357601002e-15
142998144 5.329070518200751e-15
143075776 7.105427357601002e-15
143153408 5.329070518200751e-15
143231040 7.105427357601002e-15
143308672 5.329070518200751e-15
143386304 7.105427357601002e-15
143463936 5.329070518200751e-15
143541568 7.105427357601002e-15
143619200 5.329070518200751e-15
143696832 7.105427357601002e-15
143774464 5.329070518200751e-15
143852096 7.105427357601002e-15
143929728 5.329070518200751e-15
144007360 7.105427357601002e-15
144084992 5.329070518200751e-15
144162624 7.105427357601002e-15
144240256 5.329070518200751e-15
144317888 7.105427357601002e-15
144395520 5.329070518200751e-15
144473152 7.105427357601002e-15
144550784 5.329070518200751e-15
144628416 7.105427357601002e-15
144706048 5.329070518200751e-15
144783680 7.105427357601002e-15
144861312 5.329070518200751e-15
144938944 7.105427357601002e-15
145016576 5.329070518200751e-15
145094208 7.105427357601002e-15
145171840 5.329070518200751e-15
145249472 7.105427357601002e-15
145327104 5.329070518200751e-15
145404736 7.105427357601002e-15
145482368 5.329070518200751e-15
145560000 7.105427357601002e-15
145637632 5.329070518200751e-15
145715264 7.105427357601002e-15
145792896 5.329070518200751e-15
145870528 7.105427357601002e-15
145948160 5.329070518200751e-15
146025792 7.105427357601002e-15
146103424 5.329070518200751e-15
146181056 7.105427357601002e-15
146258688 5.329070518200751e-15
146336320 7.105427357601002e-15
146413952 5.329070518200751e-15
146491584 7.105427357601002e-15
146569216 5.329070518200751e-15
146646848 7.105427357601002e-15
146724480 5.329070518200751e-15
146802112 7.105427357601002e-15
146879744 5.329070518200751e-15
146957376 7.105427357601002e-15
147035008 5.329070518200751e-15
147112640 7.105427357601002e-15
147190272 5.329070518200751e-15
147267904 7.105427357601002e-15
147345536 5.329070518200751e-15
147423168 7.105427357601002e-15
147500800 5.329070518200751e-15
147578432 7.105427357601002e-15
147656064 5.329070518200751e-15
147733696 7.105427357601002e-15
147811328 5.329070518200751e-15
147888960 7.105427357601002e-15
147966592 5.329070518200751e-15
148044224 7.105427357601002e-15
148121856 5.329070518200751e-15
148199488 7.105427357601002e-15
148277120 5.329070518200751e-15
148354752 7.105427357601002e-15
148432384 5.329070518200751e-15
148510016 7.105427357601002e-15
148587648 5.329070518200751e-15
148665280 7.105427357601002e-15
148742912 5.329070518200751e-15
148820544 7.105427357601002e-15
148898176 5.329070518200751e-15
148975808 7.105427357601002e-15
149053440 5.329070518200751e-15
149131072 7.105427357601002e-15
149208704 5.329070518200751e-15
149286336 7.105427357601002e-15
149363968 5.329070518200751e-15
149441600 7.105427357601002e-15
149519232 5.329070518200751e-15
149596864 7.105427357601002e-15
149674496 5.329070518200751e-15
149752128 7.105427357601002e-15
149829760 5.329070518200751e-15
149907392 7.105427357601002e-15
149985024 5.329070518200751e-15
150062656 7.105427357601002e-15
150140288 5.329070518200751e-15
150217920 7.105427357601002e-15
150295552 5.329070518200751e-15
150373184 7.105427357601002e-15
150450816 5.329070518200751e-15
150528448 7.105427357601002e-15
150606080 5.329070518200751e-15
150683712 7.105427357601002e-15
150761344 5.329070518200751e-15
150838976 7.105427357601002e-15
150916608 5.329070518200751e-15
150994240 7.105427357601002e-15
151071872 5.329070518200751e-15
151149504 7.105427357601002e-15
151227136 5.329070518200751e-15
151304768 7.105427357601002e-15
151382400 5.329070518200751e-15
151460032 7.105427357601002e-15
151537664 5.329070518200751e-15
151615296 7.105427357601002e-15
151692928 5.329070518200751e-15
151770560 7.105427357601002e-15
151848192 5.329070518200751e-15
151925824 7.105427357601002e-15
152003456 5.329070518200751e-15
152081088 7.105427357601002e-15
152158720 5.329070518200751e-15
152236352 7.105427357601002e-15
152313984 5.329070518200751e-15
152391616 7.105427357601002e-15
152469248 5.329070518200751e-15
152546880 7.105427357601002e-15
152624512 5.329070518200751e-15
152702144 7.105427357601002e-15
152779776 5.329070518200751e-15
152857408 7.105427357601002e-15
152935040 5.329070518200751e-15
153012672 7.105427357601002e-15
153090304 5.329070518200751e-15
153167936 7.105427357601002e-15
153245568 5.329070518200751e-15
153323200 7.105427357601002e-15
153400832 5.329070518200751e-15
153478464 7.105427357601002e-15
153556096 5.329070518200751e-15
153633728 7.105427357601002e-15
153711360 5.329070518200751e-15
153788992 7.105427357601002e-15
153866624 5.329070518200751e-15
153944256 7.105427357601002e-15
154021888 5.329070518200751e-15
154099520 7.105427357601002e-15
154177152 5.329070518200751e-15
154254784 7.105427357601002e-15
154332416 5.329070518200751e-15
154410048 7.105427357601002e-15
154487680 5.329070518200751e-15
154565312 7.105427357601002e-15
154642944 5.329070518200751e-15
154720576 7.105427357601002e-15
154798208 5.329070518200751e-15
154875840 7.105427357601002e-15
154953472 5.329070518200751e-15
155031104 7.105427357601002e-15
155108736 5.329070518200751e-15
155186368 7.105427357601002e-15
155264000 5.329070518200751e-15
155341632 7.105427357601002e-15
155419264 5.329070518200751e-15
155496896 7.105427357601002e-15
155574528 5.329070518200751e-15
155652160 7.105427357601002e-15
155729792 5.329070518200751e-15
155807424 7.105427357601002e-15
155885056 5.329070518200751e-15
155962688 7.105427357601002e-15
156040320 5.329070518200751e-15
156117952 7.105427357601002e-15
156195584 5.329070518200751e-15
156273216 7.105427357601002e-15
156350848 5.329070518200751e-15
156428480 7.105427357601002e-15
156506112 5.329070518200751e-15
156583744 7.105427357601002e-15
156661376 5.329070518200751e-15
156739008 7.105427357601002e-15
156816640 5.329070518200751e-15
156894272 7.105427357601002e-15
156971904 5.329070518200751e-15
157049536 7.105427357601002e-15
157127168 5.329070518200751e-15
157204800 7.105427357601002e-15
157282432 5.329070518200751e-15
157360064 7.105427357601002e-15
157437696 5.329070518200751e-15
157515328 7.105427357601002e-15
157592960 5.329070518200751e-15
157670592 7.105427357601002e-15
157748224 5.329070518200751e-15
157825856 7.105427357601002e-15
157903488 5.329070518200751e-15
157981120 7.105427357601002e-15
158058752 5.329070518200751e-15
158136384 7.105427357601002e-15
158214016 5.329070518200751e-15
158291648 7.105427357601002e-15
158369280 5.329070518200751e-15
158446912 7.105427357601002e-15
158524544 5.329070518200751e-15
158602176 7.105427357601002e-15
158679808 5.329070518200751e-15
158757440 7.105427357601002e-15
158835072 5.329070518200751e-15
158912704 7.105427357601002e-15
158990336 5.329070518200751e-15
159067968 7.105427357601002e-15
159145600 5.329070518200751e-15
159223232 7.105427357601002e-15
159300864 5.329070518200751e-15
159378496 7.105427357601002e-15
159456128 5.329070518200751e-15
159533760 7.105427357601002e-15
159611392 5.329070518200751e-15
159689024 7.105427357601002e-15
159766656 5.329070518200751e-15
159844288 7.105427357601002e-15
159921920 5.329070518200751e-15
159999552 7.105427357601002e-15
160077184 5.329070518200751e-15
160154816 7.105427357601002e-15
160232448 5.329070518200751e-15
160310080 7.105427357601002e-15
160387712 5.329070518200751e-15
160465344 7.105427357601002e-15
160542976 5.329070518200751e-15
160620608 7.105427357601002e-15
160698240 5.329070518200751e-15
160775872 7.105427357601002e-15
160853504 5.329070518200751e-15
160931136 7.105427357601002e-15
161008768 5.329070518200751e-15
161086400 7.105427357601002e-15
161164032 5.329070518200751e-15
161241664 7.105427357601002e-15
161319296 5.329070518200751e-15
161396928 7.105427357601002e-15
161474560 5.329070518200751e-15
161552192 7.105427357601002e-15
161629824 5.329070518200751e-15
161707456 7.105427357601002e-15
161785088 5.329070518200751e-15
161862720 7.105427357601002e-15
161940352 5.329070518200751e-15
162017984 7.105427357601002e-15
162095616 5.329070518200751e-15
162173248 7.105427357601002e-15
162250880 5.329070518200751e-15
162328512 7.105427357601002e-15
162406144 5.329070518200751e-15
162483776 7.105427357601002e-15
162561408 5.329070518200751e-15
162639040 7.105427357601002e-15
162716672 5.329070518200751e-15
162794304 7.105427357601002e-15
162871936 5.329070518200751e-15
162949568 7.105427357601002e-15
163027200 5.329070518200751e-15
