0 12.870599940370687
18592 2.0215955803577152
37184 0.8691295715209906
55776 0.4474808215079995
74368 0.23718928224945568
92960 0.14955488783443815
111552 0.1007044235163077
130144 0.06649392615567962
148736 0.04355247520681926
167328 0.028492890458271525
185920 0.018707952873228795
204512 0.013040412514130795
223104 0.009249820217743121
241696 0.006691185062562388
260288 0.004874599760964937
278880 0.003582656711366372
297472 0.0026743922541295206
316064 0.0021003340818184224
334656 0.0016614046184598164
353248 0.0013258372639116944
371840 0.0010873694121119395
390432 0.0009091344402160223
409024 0.0007733419221841314
427616 0.0006709023631092971
446208 0.0005857145419033288
464800 0.0005131142869960054
483392 0.00044890476050271286
501984 0.00039489992446875566
520576 0.00034710397012696625
539168 0.0003047371586270102
557760 0.0002672803113808204
576352 0.00023423609135899554
594944 0.00020513730276509184
613536 0.00017955146109431813
632128 0.00015708271904242652
650720 0.0001373719682319476
669312 0.00012009572683280203
687904 0.00010496426014220198
706496 9.171925640698991e-05
725088 8.013128586541185e-05
743680 6.999720056307095e-05
762272 6.113758054003505e-05
780864 5.339429413488638e-05
799456 4.662821296646299e-05
818048 4.071710295161057e-05
836640 3.555369943044099e-05
855232 3.104396552242245e-05
873824 2.712206845139828e-05
892416 2.370872936834946e-05
911008 2.0723005635015293e-05
929600 1.811174594922721e-05
948192 1.5828313183237006e-05
966784 1.3831806981064176e-05
985376 1.2086374206412079e-05
1003968 1.0560598520659853e-05
1022560 9.226960920098032e-06
1041152 8.061363671575672e-06
1059744 7.04271071708118e-06
1078336 6.152538245082773e-06
1096928 5.374689732121074e-06
1115520 4.695030331854089e-06
1134112 4.101196023091266e-06
1152704 3.582373421830154e-06
1171296 3.1291066127751843e-06
1189888 2.733127764692478e-06
1208480 2.38720866313491e-06
1227072 2.0850306252061246e-06
1245664 1.821070557704585e-06
1264256 1.5905011840084554e-06
1282848 1.3891037004623574e-06
1301440 1.2131913313690595e-06
1320032 1.0595424364163997e-06
1338624 9.253419877815541e-07
1357216 8.081303780596225e-07
1375808 7.057586475919461e-07
1394400 6.163493312776047e-07
1412992 5.382622239435281e-07
1431584 4.7006444958436894e-07
1450176 4.105042960009589e-07
1468768 3.584883433507824e-07
1487360 3.130614734418377e-07
1505952 2.733893984113722e-07
1524544 2.3874339218077356e-07
1543136 2.084869479383744e-07
1561728 1.8206411925812682e-07
1580320 1.5898933305308338e-07
1598912 1.3883848884888722e-07
1617504 1.2124118247292676e-07
1636096 1.0587391221974357e-07
1654688 9.245414371323452e-08
1673280 8.073512503415509e-08
1691872 7.050135751324876e-08
1710464 6.156463922598471e-08
1729056 5.376060907297947e-08
1747648 4.694572801333674e-08
1766240 4.0994642309249985e-08
1784832 3.57978804446657e-08
1803424 3.125984159198236e-08
1822016 2.729703868671607e-08
1840608 2.3836563887644213e-08
1859200 2.081474844220499e-08
1877792 1.8175992128922902e-08
1896384 1.5871741068131107e-08
1914976 1.3859594851992063e-08
1933568 1.2102526905123645e-08
1952160 1.0568203488540984e-08
1970752 9.228389060735032e-09
1989344 8.058426899729132e-09
2007936 7.036785563095671e-09
2026528 6.14466284885179e-09
2045120 5.365639838689207e-09
2063712 4.685378884351776e-09
2082304 4.091359770072578e-09
2100896 3.5726494054810765e-09
2119488 3.119700626302846e-09
2138080 2.72417653018886e-09
2156672 2.3787970629754462e-09
2175264 2.0772050668069197e-09
2193856 1.813849289517e-09
2212448 1.5838822085487148e-09
2231040 1.3830708540246706e-09
2249632 1.2077188788969795e-09
2268224 1.0545985369703192e-09
2286816 9.208913067867974e-10
2305408 8.041359470661869e-10
2324000 7.021832915468651e-10
2342592 6.13156621830091e-10
2361184 5.35417145515471e-10
2379776 4.675338432374998e-10
2398368 4.0825711648123653e-10
2416960 3.5649579815943966e-10
2435552 3.112970454327568e-10
2454144 2.718288493602783e-10
2472736 2.373646418307729e-10
2491328 2.0727000844822374e-10
2509920 1.8099095139278987e-10
2528512 1.5804371006344908e-10
2547104 1.3800586541601323e-10
2565696 1.205085389116567e-10
2584288 1.052296383710627e-10
2602880 9.188789572983636e-11
2621472 8.023770536880193e-11
2640064 7.006459822045397e-11
2658656 6.118131869181642e-11
2677248 5.342431184940377e-11
2695840 4.665079086918489e-11
2714432 4.0736069899238725e-11
2733024 3.5571257744893003e-11
2751616 3.106127074298248e-11
2770208 2.712309890573472e-11
2788800 2.368423512866258e-11
2807392 2.0681371545872018e-11
2825984 1.8059232928524516e-11
2844576 1.5769552330624492e-11
2863168 1.3770169900173546e-11
2881760 1.2024286080714042e-11
2900352 1.0499753844150916e-11
2918944 9.168522711877625e-12
2937536 8.006062826582117e-12
2956128 6.990998058231668e-12
2974720 6.10462722039351e-12
2993312 5.3306361061378205e-12
3011904 4.6547791662798765e-12
3030496 4.064611494603021e-12
3049088 3.549267650615473e-12
3067680 3.0992673705210194e-12
3086272 2.706311737210587e-12
3104864 2.3631886378328026e-12
3123456 2.0635628622533986e-12
3142048 1.8019318676065765e-12
3160640 1.573469653182169e-12
3179232 1.3739747187213602e-12
3197824 1.1997703178168173e-12
3216416 1.047655018293625e-12
3235008 9.14822037567653e-13
3253600 7.988366912403677e-13
3272192 6.975548610954618e-13
3290784 6.091151888432123e-13
3309376 5.318852996927248e-13
3327968 4.644470572023884e-13
3346560 4.0556707298078365e-13
3365152 3.541429302589272e-13
3383744 3.0923874572152954e-13
3402336 2.700357298879297e-13
3420928 2.3579489055736147e-13
3439520 2.058960640871632e-13
3458112 1.797936799441402e-13
3476704 1.5699681138459098e-13
3495296 1.370925942212331e-13
3513888 1.1970806290673153e-13
3532480 1.0453530402410038e-13
3551072 9.127941458242361e-14
3569664 7.97096763593963e-14
3588256 6.96049121118314e-14
3606848 6.077516961910945e-14
3625440 5.307126266229645e-14
3644032 4.63431376607204e-14
3662624 4.046936397106293e-14
3681216 3.533631720564756e-14
3699808 3.085552646719947e-14
3718400 2.694285766713378e-14
3736992 2.3532391313363377e-14
3755584 2.0544330125993326e-14
3774176 1.793964282681415e-14
3792768 1.5666287711546545e-14
3811360 1.3675692522863159e-14
3829952 1.1944438493838305e-14
3848544 1.0432626984524518e-14
3867136 9.104696163664272e-15
3885728 7.94850296692573e-15
3904320 7.105427357601002e-15
3922912 7.105427357601002e-15
3941504 7.105427357601002e-15
3960096 7.105427357601002e-15
3978688 5.329070518200751e-15
3997280 7.105427357601002e-15
4015872 5.329070518200751e-15
4034464 7.105427357601002e-15
4053056 7.105427357601002e-15
4071648 7.105427357601002e-15
4090240 3.552713678800501e-15
4108832 7.105427357601002e-15
4127424 7.105427357601002e-15
4146016 8.881784197001252e-15
4164608 7.105427357601002e-15
4183200 7.105427357601002e-15
4201792 5.329070518200751e-15
4220384 7.105427357601002e-15
4238976 5.329070518200751e-15
4257568 7.105427357601002e-15
4276160 5.329070518200751e-15
4294752 5.329070518200751e-15
4313344 5.329070518200751e-15
4331936 5.329070518200751e-15
4350528 5.329070518200751e-15
4369120 5.329070518200751e-15
4387712 5.329070518200751e-15
4406304 5.329070518200751e-15
4424896 3.552713678800501e-15
4443488 3.552713678800501e-15
4462080 3.552713678800501e-15
4480672 5.329070518200751e-15
4499264 5.329070518200751e-15
4517856 3.552713678800501e-15
4536448 3.552713678800501e-15
4555040 5.329070518200751e-15
4573632 5.329070518200751e-15
4592224 3.552713678800501e-15
4610816 5.329070518200751e-15
4629408 5.329070518200751e-15
4648000 3.552713678800501e-15
4666592 5.329070518200751e-15
4685184 5.329070518200751e-15
4703776 5.329070518200751e-15
4722368 5.329070518200751e-15
4740960 3.552713678800501e-15
4759552 3.552713678800501e-15
4778144 3.552713678800501e-15
4796736 5.329070518200751e-15
4815328 3.552713678800501e-15
4833920 3.552713678800501e-15
4852512 5.329070518200751e-15
4871104 3.552713678800501e-15
4889696 3.552713678800501e-15
4908288 3.552713678800501e-15
4926880 3.552713678800501e-15
4945472 3.552713678800501e-15
4964064 3.552713678800501e-15
4982656 3.552713678800501e-15
5001248 5.329070518200751e-15
5019840 3.552713678800501e-15
5038432 5.329070518200751e-15
5057024 5.329070518200751e-15
5075616 3.552713678800501e-15
5094208 3.552713678800501e-15
5112800 3.552713678800501e-15
5131392 3.552713678800501e-15
5149984 3.552713678800501e-15
5168576 3.552713678800501e-15
5187168 3.552713678800501e-15
5205760 3.552713678800501e-15
5224352 3.552713678800501e-15
5242944 3.552713678800501e-15
5261536 3.552713678800501e-15
5280128 3.552713678800501e-15
5298720 3.552713678800501e-15
5317312 3.552713678800501e-15
5335904 3.552713678800501e-15
5354496 3.552713678800501e-15
5373088 3.552713678800501e-15
5391680 3.552713678800501e-15
5410272 3.552713678800501e-15
5428864 3.552713678800501e-15
5447456 3.552713678800501e-15
5466048 3.552713678800501e-15
5484640 3.552713678800501e-15
5503232 3.552713678800501e-15
5521824 3.552713678800501e-15
5540416 3.552713678800501e-15
5559008 3.552713678800501e-15
5577600 3.552713678800501e-15
5596192 3.552713678800501e-15
5614784 3.552713678800501e-15
5633376 3.552713678800501e-15
5651968 3.552713678800501e-15
5670560 3.552713678800501e-15
5689152 3.552713678800501e-15
5707744 3.552713678800501e-15
5726336 3.552713678800501e-15
5744928 3.552713678800501e-15
5763520 3.552713678800501e-15
5782112 3.552713678800501e-15
5800704 5.329070518200751e-15
5819296 3.552713678800501e-15
5837888 3.552713678800501e-15
5856480 3.552713678800501e-15
5875072 3.552713678800501e-15
5893664 3.552713678800501e-15
5912256 3.552713678800501e-15
5930848 5.329070518200751e-15
5949440 5.329070518200751e-15
5968032 5.329070518200751e-15
5986624 3.552713678800501e-15
6005216 3.552713678800501e-15
6023808 3.552713678800501e-15
6042400 5.329070518200751e-15
6060992 3.552713678800501e-15
6079584 3.552713678800501e-15
6098176 3.552713678800501e-15
6116768 3.552713678800501e-15
6135360 5.329070518200751e-15
6153952 3.552713678800501e-15
6172544 3.552713678800501e-15
6191136 3.552713678800501e-15
6209728 5.329070518200751e-15
6228320 3.552713678800501e-15
6246912 3.552713678800501e-15
6265504 5.329070518200751e-15
6284096 3.552713678800501e-15
6302688 3.552713678800501e-15
6321280 5.329070518200751e-15
6339872 3.552713678800501e-15
6358464 3.552713678800501e-15
6377056 5.329070518200751e-15
6395648 3.552713678800501e-15
6414240 3.552713678800501e-15
6432832 3.552713678800501e-15
6451424 3.552713678800501e-15
6470016 3.552713678800501e-15
6488608 3.552713678800501e-15
6507200 3.552713678800501e-15
6525792 3.552713678800501e-15
6544384 3.552713678800501e-15
6562976 3.552713678800501e-15
6581568 3.552713678800501e-15
6600160 3.552713678800501e-15
6618752 3.552713678800501e-15
6637344 3.552713678800501e-15
6655936 3.552713678800501e-15
6674528 3.552713678800501e-15
6693120 3.552713678800501e-15
6711712 3.552713678800501e-15
6730304 3.552713678800501e-15
6748896 3.552713678800501e-15
6767488 3.552713678800501e-15
6786080 3.552713678800501e-15
6804672 5.329070518200751e-15
6823264 3.552713678800501e-15
6841856 3.552713678800501e-15
6860448 3.552713678800501e-15
6879040 3.552713678800501e-15
6897632 3.552713678800501e-15
6916224 3.552713678800501e-15
6934816 3.552713678800501e-15
6953408 3.552713678800501e-15
6972000 3.552713678800501e-15
6990592 5.329070518200751e-15
7009184 3.552713678800501e-15
7027776 5.329070518200751e-15
7046368 5.329070518200751e-15
7064960 3.552713678800501e-15
7083552 3.552713678800501e-15
7102144 3.552713678800501e-15
7120736 3.552713678800501e-15
7139328 3.552713678800501e-15
7157920 3.552713678800501e-15
7176512 3.552713678800501e-15
7195104 3.552713678800501e-15
7213696 3.552713678800501e-15
7232288 5.329070518200751e-15
7250880 3.552713678800501e-15
7269472 5.329070518200751e-15
7288064 5.329070518200751e-15
7306656 3.552713678800501e-15
7325248 5.329070518200751e-15
7343840 3.552713678800501e-15
7362432 3.552713678800501e-15
7381024 5.329070518200751e-15
7399616 3.552713678800501e-15
7418208 3.552713678800501e-15
7436800 5.329070518200751e-15
7455392 3.552713678800501e-15
7473984 3.552713678800501e-15
7492576 3.552713678800501e-15
7511168 3.552713678800501e-15
7529760 3.552713678800501e-15
7548352 3.552713678800501e-15
7566944 5.329070518200751e-15
7585536 3.552713678800501e-15
7604128 3.552713678800501e-15
7622720 5.329070518200751e-15
7641312 3.552713678800501e-15
7659904 3.552713678800501e-15
7678496 3.552713678800501e-15
7697088 5.329070518200751e-15
7715680 3.552713678800501e-15
7734272 3.552713678800501e-15
7752864 3.552713678800501e-15
7771456 3.552713678800501e-15
7790048 3.552713678800501e-15
7808640 3.552713678800501e-15
7827232 3.552713678800501e-15
7845824 3.552713678800501e-15
7864416 3.552713678800501e-15
7883008 3.552713678800501e-15
7901600 3.552713678800501e-15
7920192 3.552713678800501e-15
7938784 3.552713678800501e-15
7957376 3.552713678800501e-15
7975968 3.552713678800501e-15
7994560 3.552713678800501e-15
8013152 3.552713678800501e-15
8031744 3.552713678800501e-15
8050336 3.552713678800501e-15
8068928 3.552713678800501e-15
8087520 3.552713678800501e-15
8106112 3.552713678800501e-15
8124704 3.552713678800501e-15
8143296 5.329070518200751e-15
8161888 3.552713678800501e-15
8180480 3.552713678800501e-15
8199072 3.552713678800501e-15
8217664 3.552713678800501e-15
8236256 3.552713678800501e-15
8254848 3.552713678800501e-15
8273440 3.552713678800501e-15
8292032 3.552713678800501e-15
8310624 3.552713678800501e-15
8329216 3.552713678800501e-15
8347808 3.552713678800501e-15
8366400 3.552713678800501e-15
8384992 3.552713678800501e-15
8403584 3.552713678800501e-15
8422176 3.552713678800501e-15
8440768 3.552713678800501e-15
8459360 3.552713678800501e-15
8477952 3.552713678800501e-15
8496544 3.552713678800501e-15
8515136 3.552713678800501e-15
8533728 3.552713678800501e-15
8552320 3.552713678800501e-15
8570912 3.552713678800501e-15
8589504 3.552713678800501e-15
8608096 3.552713678800501e-15
8626688 3.552713678800501e-15
8645280 3.552713678800501e-15
8663872 5.329070518200751e-15
8682464 3.552713678800501e-15
8701056 3.552713678800501e-15
8719648 3.552713678800501e-15
8738240 3.552713678800501e-15
8756832 3.552713678800501e-15
8775424 3.552713678800501e-15
8794016 3.552713678800501e-15
8812608 3.552713678800501e-15
8831200 3.552713678800501e-15
8849792 3.552713678800501e-15
8868384 3.552713678800501e-15
8886976 3.552713678800501e-15
8905568 3.552713678800501e-15
8924160 3.552713678800501e-15
8942752 3.552713678800501e-15
8961344 3.552713678800501e-15
8979936 3.552713678800501e-15
8998528 3.552713678800501e-15
9017120 3.552713678800501e-15
9035712 3.552713678800501e-15
9054304 5.329070518200751e-15
9072896 3.552713678800501e-15
9091488 3.552713678800501e-15
9110080 3.552713678800501e-15
9128672 3.552713678800501e-15
9147264 3.552713678800501e-15
9165856 3.552713678800501e-15
9184448 3.552713678800501e-15
9203040 3.552713678800501e-15
9221632 3.552713678800501e-15
9240224 3.552713678800501e-15
9258816 3.552713678800501e-15
9277408 3.552713678800501e-15
9296000 3.552713678800501e-15
9314592 3.552713678800501e-15
9333184 3.552713678800501e-15
9351776 3.552713678800501e-15
9370368 3.552713678800501e-15
9388960 3.552713678800501e-15
9407552 3.552713678800501e-15
9426144 3.552713678800501e-15
9444736 3.552713678800501e-15
9463328 3.552713678800501e-15
9481920 3.552713678800501e-15
9500512 3.552713678800501e-15
9519104 3.552713678800501e-15
9537696 3.552713678800501e-15
9556288 3.552713678800501e-15
9574880 3.552713678800501e-15
9593472 3.552713678800501e-15
9612064 3.552713678800501e-15
9630656 3.552713678800501e-15
9649248 3.552713678800501e-15
9667840 3.552713678800501e-15
9686432 3.552713678800501e-15
9705024 3.552713678800501e-15
9723616 3.552713678800501e-15
9742208 3.552713678800501e-15
9760800 3.552713678800501e-15
9779392 3.552713678800501e-15
9797984 3.552713678800501e-15
9816576 3.552713678800501e-15
9835168 3.552713678800501e-15
9853760 3.552713678800501e-15
9872352 3.552713678800501e-15
9890944 3.552713678800501e-15
9909536 3.552713678800501e-15
9928128 3.552713678800501e-15
9946720 3.552713678800501e-15
9965312 3.552713678800501e-15
9983904 3.552713678800501e-15
10002496 3.552713678800501e-15
10021088 3.552713678800501e-15
10039680 3.552713678800501e-15
10058272 3.552713678800501e-15
10076864 3.552713678800501e-15
10095456 3.552713678800501e-15
10114048 3.552713678800501e-15
10132640 3.552713678800501e-15
10151232 3.552713678800501e-15
10169824 3.552713678800501e-15
10188416 3.552713678800501e-15
10207008 3.552713678800501e-15
10225600 3.552713678800501e-15
10244192 3.552713678800501e-15
10262784 3.552713678800501e-15
10281376 3.552713678800501e-15
10299968 3.552713678800501e-15
10318560 3.552713678800501e-15
10337152 3.552713678800501e-15
10355744 3.552713678800501e-15
10374336 3.552713678800501e-15
10392928 3.552713678800501e-15
10411520 3.552713678800501e-15
10430112 3.552713678800501e-15
10448704 3.552713678800501e-15
10467296 3.552713678800501e-15
10485888 3.552713678800501e-15
10504480 3.552713678800501e-15
10523072 3.552713678800501e-15
10541664 3.552713678800501e-15
10560256 3.552713678800501e-15
10578848 3.552713678800501e-15
10597440 3.552713678800501e-15
10616032 3.552713678800501e-15
10634624 3.552713678800501e-15
10653216 3.552713678800501e-15
10671808 3.552713678800501e-15
10690400 3.552713678800501e-15
10708992 3.552713678800501e-15
10727584 3.552713678800501e-15
10746176 3.552713678800501e-15
10764768 3.552713678800501e-15
10783360 3.552713678800501e-15
10801952 3.552713678800501e-15
10820544 3.552713678800501e-15
10839136 3.552713678800501e-15
10857728 3.552713678800501e-15
10876320 3.552713678800501e-15
10894912 5.329070518200751e-15
10913504 5.329070518200751e-15
10932096 3.552713678800501e-15
10950688 3.552713678800501e-15
10969280 3.552713678800501e-15
10987872 3.552713678800501e-15
11006464 3.552713678800501e-15
11025056 3.552713678800501e-15
11043648 3.552713678800501e-15
11062240 3.552713678800501e-15
11080832 3.552713678800501e-15
11099424 3.552713678800501e-15
11118016 3.552713678800501e-15
11136608 3.552713678800501e-15
11155200 3.552713678800501e-15
11173792 3.552713678800501e-15
11192384 3.552713678800501e-15
11210976 3.552713678800501e-15
11229568 3.552713678800501e-15
11248160 3.552713678800501e-15
11266752 3.552713678800501e-15
11285344 3.552713678800501e-15
11303936 3.552713678800501e-15
11322528 3.552713678800501e-15
11341120 3.552713678800501e-15
11359712 3.552713678800501e-15
11378304 3.552713678800501e-15
11396896 3.552713678800501e-15
11415488 3.552713678800501e-15
11434080 3.552713678800501e-15
11452672 3.552713678800501e-15
11471264 3.552713678800501e-15
11489856 3.552713678800501e-15
11508448 5.329070518200751e-15
11527040 5.329070518200751e-15
11545632 3.552713678800501e-15
11564224 3.552713678800501e-15
11582816 3.552713678800501e-15
11601408 3.552713678800501e-15
11620000 3.552713678800501e-15
11638592 3.552713678800501e-15
11657184 3.552713678800501e-15
11675776 3.552713678800501e-15
11694368 3.552713678800501e-15
11712960 3.552713678800501e-15
11731552 3.552713678800501e-15
11750144 3.552713678800501e-15
11768736 3.552713678800501e-15
11787328 3.552713678800501e-15
11805920 3.552713678800501e-15
11824512 3.552713678800501e-15
11843104 3.552713678800501e-15
11861696 3.552713678800501e-15
11880288 3.552713678800501e-15
11898880 5.329070518200751e-15
11917472 5.329070518200751e-15
11936064 3.552713678800501e-15
11954656 3.552713678800501e-15
11973248 3.552713678800501e-15
11991840 3.552713678800501e-15
12010432 3.552713678800501e-15
12029024 3.552713678800501e-15
12047616 3.552713678800501e-15
12066208 3.552713678800501e-15
12084800 5.329070518200751e-15
12103392 3.552713678800501e-15
12121984 3.552713678800501e-15
12140576 3.552713678800501e-15
12159168 3.552713678800501e-15
12177760 3.552713678800501e-15
12196352 3.552713678800501e-15
12214944 3.552713678800501e-15
12233536 3.552713678800501e-15
12252128 3.552713678800501e-15
12270720 3.552713678800501e-15
12289312 3.552713678800501e-15
12307904 3.552713678800501e-15
12326496 3.552713678800501e-15
12345088 3.552713678800501e-15
12363680 3.552713678800501e-15
12382272 3.552713678800501e-15
12400864 3.552713678800501e-15
12419456 3.552713678800501e-15
12438048 3.552713678800501e-15
12456640 3.552713678800501e-15
12475232 3.552713678800501e-15
12493824 3.552713678800501e-15
12512416 3.552713678800501e-15
12531008 3.552713678800501e-15
12549600 3.552713678800501e-15
12568192 3.552713678800501e-15
12586784 3.552713678800501e-15
12605376 3.552713678800501e-15
12623968 3.552713678800501e-15
12642560 3.552713678800501e-15
12661152 3.552713678800501e-15
12679744 3.552713678800501e-15
12698336 3.552713678800501e-15
12716928 3.552713678800501e-15
12735520 3.552713678800501e-15
12754112 5.329070518200751e-15
12772704 3.552713678800501e-15
12791296 3.552713678800501e-15
12809888 3.552713678800501e-15
12828480 3.552713678800501e-15
12847072 3.552713678800501e-15
12865664 3.552713678800501e-15
12884256 3.552713678800501e-15
12902848 3.552713678800501e-15
12921440 3.552713678800501e-15
12940032 3.552713678800501e-15
12958624 3.552713678800501e-15
12977216 3.552713678800501e-15
12995808 3.552713678800501e-15
13014400 3.552713678800501e-15
13032992 3.552713678800501e-15
13051584 3.552713678800501e-15
13070176 3.552713678800501e-15
13088768 3.552713678800501e-15
13107360 3.552713678800501e-15
13125952 3.552713678800501e-15
13144544 3.552713678800501e-15
13163136 3.552713678800501e-15
13181728 3.552713678800501e-15
13200320 3.552713678800501e-15
13218912 3.552713678800501e-15
13237504 3.552713678800501e-15
13256096 3.552713678800501e-15
13274688 3.552713678800501e-15
13293280 3.552713678800501e-15
13311872 3.552713678800501e-15
13330464 3.552713678800501e-15
13349056 3.552713678800501e-15
13367648 3.552713678800501e-15
13386240 3.552713678800501e-15
13404832 3.552713678800501e-15
13423424 3.552713678800501e-15
13442016 3.552713678800501e-15
13460608 3.552713678800501e-15
13479200 3.552713678800501e-15
13497792 3.552713678800501e-15
13516384 3.552713678800501e-15
13534976 3.552713678800501e-15
13553568 3.552713678800501e-15
13572160 5.329070518200751e-15
13590752 5.329070518200751e-15
13609344 3.552713678800501e-15
13627936 3.552713678800501e-15
13646528 3.552713678800501e-15
13665120 3.552713678800501e-15
13683712 3.552713678800501e-15
13702304 3.552713678800501e-15
13720896 3.552713678800501e-15
13739488 3.552713678800501e-15
13758080 3.552713678800501e-15
13776672 3.552713678800501e-15
13795264 3.552713678800501e-15
13813856 3.552713678800501e-15
13832448 3.552713678800501e-15
13851040 3.552713678800501e-15
13869632 5.329070518200751e-15
13888224 3.552713678800501e-15
13906816 3.552713678800501e-15
13925408 3.552713678800501e-15
13944000 3.552713678800501e-15
13962592 3.552713678800501e-15
13981184 3.552713678800501e-15
13999776 3.552713678800501e-15
14018368 3.552713678800501e-15
14036960 5.329070518200751e-15
14055552 3.552713678800501e-15
14074144 3.552713678800501e-15
14092736 3.552713678800501e-15
14111328 3.552713678800501e-15
14129920 5.329070518200751e-15
14148512 3.552713678800501e-15
14167104 3.552713678800501e-15
14185696 3.552713678800501e-15
14204288 3.552713678800501e-15
14222880 3.552713678800501e-15
14241472 3.552713678800501e-15
14260064 3.552713678800501e-15
14278656 3.552713678800501e-15
14297248 3.552713678800501e-15
14315840 3.552713678800501e-15
14334432 3.552713678800501e-15
14353024 3.552713678800501e-15
14371616 3.552713678800501e-15
14390208 3.552713678800501e-15
14408800 3.552713678800501e-15
14427392 3.552713678800501e-15
14445984 3.552713678800501e-15
14464576 3.552713678800501e-15
14483168 3.552713678800501e-15
14501760 3.552713678800501e-15
14520352 3.552713678800501e-15
14538944 3.552713678800501e-15
14557536 3.552713678800501e-15
14576128 3.552713678800501e-15
14594720 3.552713678800501e-15
14613312 3.552713678800501e-15
14631904 3.552713678800501e-15
14650496 3.552713678800501e-15
14669088 3.552713678800501e-15
14687680 3.552713678800501e-15
14706272 3.552713678800501e-15
14724864 3.552713678800501e-15
14743456 3.552713678800501e-15
14762048 3.552713678800501e-15
14780640 3.552713678800501e-15
14799232 3.552713678800501e-15
14817824 3.552713678800501e-15
14836416 3.552713678800501e-15
14855008 5.329070518200751e-15
14873600 5.329070518200751e-15
14892192 3.552713678800501e-15
14910784 3.552713678800501e-15
14929376 5.329070518200751e-15
14947968 3.552713678800501e-15
14966560 3.552713678800501e-15
14985152 3.552713678800501e-15
15003744 3.552713678800501e-15
15022336 3.552713678800501e-15
15040928 3.552713678800501e-15
15059520 3.552713678800501e-15
15078112 3.552713678800501e-15
15096704 3.552713678800501e-15
15115296 3.552713678800501e-15
15133888 3.552713678800501e-15
15152480 3.552713678800501e-15
15171072 3.552713678800501e-15
15189664 3.552713678800501e-15
15208256 3.552713678800501e-15
15226848 3.552713678800501e-15
15245440 3.552713678800501e-15
15264032 3.552713678800501e-15
15282624 3.552713678800501e-15
15301216 3.552713678800501e-15
15319808 3.552713678800501e-15
15338400 3.552713678800501e-15
15356992 3.552713678800501e-15
15375584 3.552713678800501e-15
15394176 3.552713678800501e-15
15412768 3.552713678800501e-15
15431360 3.552713678800501e-15
15449952 3.552713678800501e-15
15468544 3.552713678800501e-15
15487136 3.552713678800501e-15
15505728 3.552713678800501e-15
15524320 3.552713678800501e-15
15542912 3.552713678800501e-15
15561504 3.552713678800501e-15
15580096 3.552713678800501e-15
15598688 3.552713678800501e-15
15617280 3.552713678800501e-15
15635872 3.552713678800501e-15
15654464 3.552713678800501e-15
15673056 3.552713678800501e-15
15691648 3.552713678800501e-15
15710240 3.552713678800501e-15
15728832 3.552713678800501e-15
15747424 3.552713678800501e-15
15766016 3.552713678800501e-15
15784608 3.552713678800501e-15
15803200 3.552713678800501e-15
15821792 3.552713678800501e-15
15840384 3.552713678800501e-15
15858976 3.552713678800501e-15
15877568 3.552713678800501e-15
15896160 3.552713678800501e-15
15914752 3.552713678800501e-15
15933344 3.552713678800501e-15
15951936 3.552713678800501e-15
15970528 3.552713678800501e-15
15989120 3.552713678800501e-15
16007712 3.552713678800501e-15
16026304 3.552713678800501e-15
16044896 3.552713678800501e-15
16063488 3.552713678800501e-15
16082080 5.329070518200751e-15
16100672 5.329070518200751e-15
16119264 3.552713678800501e-15
16137856 3.552713678800501e-15
16156448 3.552713678800501e-15
16175040 3.552713678800501e-15
16193632 3.552713678800501e-15
16212224 3.552713678800501e-15
16230816 3.552713678800501e-15
16249408 3.552713678800501e-15
16268000 3.552713678800501e-15
16286592 3.552713678800501e-15
16305184 3.552713678800501e-15
