0 12.765903980262319
18592 1.8329483145159777
37184 0.8678263044512469
55776 0.4577583171878641
74368 0.23607431010613134
92960 0.14691172329246838
111552 0.09883456708869076
130144 0.06518160036303122
148736 0.042608641394862534
167328 0.028290472486890206
185920 0.018967145860404155
204512 0.01330229823351603
223104 0.009605818051221737
241696 0.00696912270729233
260288 0.005092149834864612
278880 0.0037535018107137663
297472 0.0028384890619224667
316064 0.0022327211507502387
334656 0.0017683274875762156
353248 0.0014164182788886925
371840 0.001166982699741713
390432 0.0009745032355581648
409024 0.0008284361728920775
427616 0.0007164774667789281
446208 0.0006252315445811896
464800 0.0005461002835162876
483392 0.0004764337156345916
501984 0.0004160944858909929
520576 0.0003643858873863346
539168 0.00031915447626848677
557760 0.0002795181831834175
576352 0.00024464836558634254
594944 0.00021401558347086853
613536 0.00018713693896875092
632128 0.00016357560745110938
650720 0.00014293904930844092
669312 0.00012487640455092954
687904 0.00010907543200830514
706496 9.525924834901354e-05
725088 8.318304233336047e-05
743680 7.263088074310796e-05
762272 6.341267946169014e-05
780864 5.5361382359616056e-05
799456 4.833036893863536e-05
818048 4.2191096755799136e-05
836640 3.683097468434556e-05
855232 3.215145670386159e-05
873824 2.8093458770042656e-05
892416 2.4552434939990875e-05
911008 2.1456107157116072e-05
929600 1.8748979902911272e-05
948192 1.638240552940054e-05
966784 1.4313756920198567e-05
985376 1.250569597066771e-05
1003968 1.0925527795213955e-05
1022560 9.544631375339382e-06
1041152 8.337958175914234e-06
1059744 7.283591052651556e-06
1078336 6.3623565329500725e-06
1096928 5.5574842651329864e-06
1115520 4.854308090994006e-06
1134112 4.240003802403677e-06
1152704 3.7033591936165566e-06
1171296 3.2345725192884506e-06
1189888 2.825075916288583e-06
1208480 2.467380749255829e-06
1227072 2.154942197832646e-06
1245664 1.882040722734138e-06
1264256 1.6436783310241204e-06
1282848 1.4354878115239653e-06
1301440 1.2536533335206351e-06
1320032 1.0948409975624837e-06
1338624 9.561380999219965e-07
1357216 8.350000245708686e-07
1375808 7.292038102365769e-07
1394400 6.368075580152899e-07
1412992 5.561149482944533e-07
1431584 4.856442265780553e-07
1450176 4.2410109767684195e-07
1468768 3.703550372985767e-07
1487360 3.234185916526494e-07
1505952 2.8242928920823446e-07
1524544 2.4663383585248055e-07
1543136 2.1537430593739776e-07
1561728 1.8807607758686284e-07
1580320 1.6423729256014735e-07
1598912 1.4341964822521536e-07
1617504 1.2524035368933345e-07
1636096 1.0936510294167617e-07
1654688 9.550193688125097e-08
1673280 8.339588167260992e-08
1691872 7.282426551201426e-08
1710464 6.359262798728144e-08
1729056 5.553114718406804e-08
1747648 4.849151900507276e-08
1766240 4.234423156730671e-08
1784832 3.6976184618515984e-08
1803424 3.2288610498851233e-08
1822016 2.8195258267027512e-08
1840608 2.4620807836071845e-08
1859200 2.1499485010866015e-08
1877792 1.8773851845517442e-08
1896384 1.6393750360693682e-08
1914976 1.4315379959564667e-08
1933568 1.2500491794464885e-08
1952160 1.0915685183868207e-08
1970752 9.531793165526437e-09
1989344 8.32334592915096e-09
2007936 7.268102223366435e-09
2026528 6.346640140514337e-09
2045120 5.541999773157891e-09
2063712 4.839371153808614e-09
2082304 4.225821732470325e-09
2100896 3.690058393394924e-09
2119488 3.2222196707717976e-09
2138080 2.8136942316001057e-09
2156672 2.4569624433937176e-09
2175264 2.145457951921448e-09
2193856 1.873446854247507e-09
2212448 1.635922165094117e-09
2231040 1.4285116787388086e-09
2249632 1.2473974630999862e-09
2268224 1.0892456433347908e-09
2286816 9.511449839544328e-10
2305408 8.305533595945325e-10
2324000 7.252509122770978e-10
2342592 6.332992298976881e-10
2361184 5.530056681676832e-10
2379776 4.828921524799301e-10
2398368 4.2166800866966225e-10
2416960 3.682062207216452e-10
2435552 3.215226218947209e-10
2454144 2.807578544650191e-10
2472736 2.4516148919989655e-10
2491328 2.140782568577082e-10
2509920 1.8693595109364747e-10
2528512 1.6323492037229048e-10
2547104 1.4253886352483258e-10
2565696 1.2446678496896846e-10
2584288 1.0868600377328397e-10
2602880 9.490601707295987e-11
2621472 8.287315538674234e-11
2640064 7.236589886355782e-11
2658656 6.319082930528186e-11
2677248 5.517903321761164e-11
2695840 4.818303481896047e-11
2714432 4.207403783013097e-11
2733024 3.673958099553731e-11
2751616 3.2081465088651395e-11
2770208 2.8013942728055685e-11
2788800 2.4462125033930526e-11
2807392 2.136064068680721e-11
2825984 1.865237565096267e-11
2844576 1.6287480912591246e-11
2863168 1.4222439198574577e-11
2881760 1.2419207155722756e-11
2900352 1.084461079964294e-11
2918944 9.469642084369845e-12
2937536 8.269011343708943e-12
2956128 7.220612129044124e-12
2974720 6.305119620853006e-12
2993312 5.505713940312518e-12
3011904 4.8076594788559746e-12
3030496 4.198106272335078e-12
3049088 3.6658428029245904e-12
3067680 3.2010566072826485e-12
3086272 2.7951981007579008e-12
3104864 2.440804502956695e-12
3123456 2.1313428452685024e-12
3142048 1.8611171631599532e-12
3160640 1.6251461981697801e-12
3179232 1.4191018152254209e-12
3197824 1.2391754289353685e-12
3216416 1.082060656354411e-12
3235008 9.448726523419992e-13
3253600 8.250735164527789e-13
3272192 7.204627519574736e-13
3290784 6.291182852447008e-13
3309376 5.493444241166934e-13
3327968 4.797022154501285e-13
3346560 4.1888020829716766e-13
3365152 3.6576991435666173e-13
3383744 3.1939641903511173e-13
3402336 2.7890190157364714e-13
3420928 2.4353782879238395e-13
3439520 2.1265714883478282e-13
3458112 1.8569694393288927e-13
3476704 1.62156746363884e-13
3495296 1.4159853845008286e-13
3513888 1.2364154838850894e-13
3532480 1.0796571969784452e-13
3551072 9.427875147238751e-14
3569664 8.23273740846453e-14
3588256 7.188780820621687e-14
3606848 6.277010161648278e-14
3625440 5.481379239391515e-14
3644032 4.786362278741407e-14
3662624 4.1799896877137144e-14
3681216 3.64925104023861e-14
3699808 3.186947233890791e-14
3718400 2.7829301363357928e-14
3736992 2.4300873813221102e-14
3755584 2.1220004919886293e-14
3774176 1.8528581446908277e-14
3792768 1.617889849869769e-14
3811360 1.4126720626617129e-14
3829952 1.2339955446361017e-14
3848544 1.0776969594505914e-14
3867136 9.410874857174178e-15
3885728 8.217385105702135e-15
3904320 7.173948934902086e-15
3922912 7.105427357601002e-15
3941504 7.105427357601002e-15
3960096 7.105427357601002e-15
3978688 7.105427357601002e-15
3997280 7.105427357601002e-15
4015872 7.105427357601002e-15
4034464 7.105427357601002e-15
4053056 7.105427357601002e-15
4071648 7.105427357601002e-15
4090240 8.881784197001252e-15
4108832 7.105427357601002e-15
4127424 8.881784197001252e-15
4146016 5.329070518200751e-15
4164608 5.329070518200751e-15
4183200 5.329070518200751e-15
4201792 7.105427357601002e-15
4220384 7.105427357601002e-15
4238976 7.105427357601002e-15
4257568 5.329070518200751e-15
4276160 5.329070518200751e-15
4294752 7.105427357601002e-15
4313344 5.329070518200751e-15
4331936 8.881784197001252e-15
4350528 7.105427357601002e-15
4369120 5.329070518200751e-15
4387712 5.329070518200751e-15
4406304 5.329070518200751e-15
4424896 3.552713678800501e-15
4443488 3.552713678800501e-15
4462080 7.105427357601002e-15
4480672 5.329070518200751e-15
4499264 5.329070518200751e-15
4517856 5.329070518200751e-15
4536448 5.329070518200751e-15
4555040 5.329070518200751e-15
4573632 3.552713678800501e-15
4592224 3.552713678800501e-15
4610816 5.329070518200751e-15
4629408 5.329070518200751e-15
4648000 3.552713678800501e-15
4666592 3.552713678800501e-15
4685184 3.552713678800501e-15
4703776 5.329070518200751e-15
4722368 3.552713678800501e-15
4740960 5.329070518200751e-15
4759552 3.552713678800501e-15
4778144 3.552713678800501e-15
4796736 3.552713678800501e-15
4815328 3.552713678800501e-15
4833920 3.552713678800501e-15
4852512 5.329070518200751e-15
4871104 5.329070518200751e-15
4889696 3.552713678800501e-15
4908288 3.552713678800501e-15
4926880 3.552713678800501e-15
4945472 3.552713678800501e-15
4964064 5.329070518200751e-15
4982656 3.552713678800501e-15
5001248 3.552713678800501e-15
5019840 5.329070518200751e-15
5038432 3.552713678800501e-15
5057024 3.552713678800501e-15
5075616 3.552713678800501e-15
5094208 3.552713678800501e-15
5112800 3.552713678800501e-15
5131392 3.552713678800501e-15
5149984 3.552713678800501e-15
5168576 3.552713678800501e-15
5187168 3.552713678800501e-15
5205760 5.329070518200751e-15
5224352 3.552713678800501e-15
5242944 3.552713678800501e-15
5261536 3.552713678800501e-15
5280128 3.552713678800501e-15
5298720 3.552713678800501e-15
5317312 3.552713678800501e-15
5335904 3.552713678800501e-15
5354496 3.552713678800501e-15
5373088 3.552713678800501e-15
5391680 3.552713678800501e-15
5410272 3.552713678800501e-15
5428864 3.552713678800501e-15
5447456 3.552713678800501e-15
5466048 3.552713678800501e-15
5484640 3.552713678800501e-15
5503232 3.552713678800501e-15
5521824 3.552713678800501e-15
5540416 3.552713678800501e-15
5559008 3.552713678800501e-15
5577600 3.552713678800501e-15
5596192 3.552713678800501e-15
5614784 3.552713678800501e-15
5633376 3.552713678800501e-15
5651968 3.552713678800501e-15
5670560 3.552713678800501e-15
5689152 3.552713678800501e-15
5707744 3.552713678800501e-15
5726336 3.552713678800501e-15
5744928 3.552713678800501e-15
5763520 3.552713678800501e-15
5782112 3.552713678800501e-15
5800704 3.552713678800501e-15
5819296 3.552713678800501e-15
5837888 3.552713678800501e-15
5856480 3.552713678800501e-15
5875072 3.552713678800501e-15
5893664 3.552713678800501e-15
5912256 3.552713678800501e-15
5930848 3.552713678800501e-15
5949440 3.552713678800501e-15
5968032 3.552713678800501e-15
5986624 3.552713678800501e-15
6005216 3.552713678800501e-15
6023808 3.552713678800501e-15
6042400 3.552713678800501e-15
6060992 3.552713678800501e-15
6079584 3.552713678800501e-15
6098176 3.552713678800501e-15
6116768 3.552713678800501e-15
6135360 3.552713678800501e-15
6153952 3.552713678800501e-15
6172544 3.552713678800501e-15
6191136 3.552713678800501e-15
6209728 3.552713678800501e-15
6228320 3.552713678800501e-15
6246912 3.552713678800501e-15
6265504 3.552713678800501e-15
6284096 3.552713678800501e-15
6302688 3.552713678800501e-15
6321280 3.552713678800501e-15
6339872 3.552713678800501e-15
6358464 3.552713678800501e-15
6377056 5.329070518200751e-15
6395648 5.329070518200751e-15
6414240 3.552713678800501e-15
6432832 3.552713678800501e-15
6451424 3.552713678800501e-15
6470016 3.552713678800501e-15
6488608 3.552713678800501e-15
6507200 3.552713678800501e-15
6525792 3.552713678800501e-15
6544384 3.552713678800501e-15
6562976 3.552713678800501e-15
6581568 3.552713678800501e-15
6600160 3.552713678800501e-15
6618752 3.552713678800501e-15
6637344 3.552713678800501e-15
6655936 3.552713678800501e-15
6674528 3.552713678800501e-15
6693120 3.552713678800501e-15
6711712 3.552713678800501e-15
6730304 3.552713678800501e-15
6748896 3.552713678800501e-15
6767488 3.552713678800501e-15
6786080 3.552713678800501e-15
6804672 3.552713678800501e-15
6823264 3.552713678800501e-15
6841856 3.552713678800501e-15
6860448 3.552713678800501e-15
6879040 3.552713678800501e-15
6897632 5.329070518200751e-15
6916224 3.552713678800501e-15
6934816 3.552713678800501e-15
6953408 3.552713678800501e-15
6972000 3.552713678800501e-15
6990592 3.552713678800501e-15
7009184 3.552713678800501e-15
7027776 3.552713678800501e-15
7046368 3.552713678800501e-15
7064960 3.552713678800501e-15
7083552 3.552713678800501e-15
7102144 3.552713678800501e-15
7120736 5.329070518200751e-15
7139328 3.552713678800501e-15
7157920 3.552713678800501e-15
7176512 3.552713678800501e-15
7195104 3.552713678800501e-15
7213696 3.552713678800501e-15
7232288 3.552713678800501e-15
7250880 3.552713678800501e-15
7269472 3.552713678800501e-15
7288064 3.552713678800501e-15
7306656 3.552713678800501e-15
7325248 3.552713678800501e-15
7343840 3.552713678800501e-15
7362432 3.552713678800501e-15
7381024 3.552713678800501e-15
7399616 3.552713678800501e-15
7418208 3.552713678800501e-15
7436800 3.552713678800501e-15
7455392 3.552713678800501e-15
7473984 3.552713678800501e-15
7492576 3.552713678800501e-15
7511168 3.552713678800501e-15
7529760 3.552713678800501e-15
7548352 3.552713678800501e-15
7566944 3.552713678800501e-15
7585536 3.552713678800501e-15
7604128 3.552713678800501e-15
7622720 5.329070518200751e-15
7641312 3.552713678800501e-15
7659904 5.329070518200751e-15
7678496 5.329070518200751e-15
7697088 3.552713678800501e-15
7715680 3.552713678800501e-15
7734272 3.552713678800501e-15
7752864 3.552713678800501e-15
7771456 3.552713678800501e-15
7790048 3.552713678800501e-15
7808640 3.552713678800501e-15
7827232 3.552713678800501e-15
7845824 3.552713678800501e-15
7864416 3.552713678800501e-15
7883008 3.552713678800501e-15
7901600 3.552713678800501e-15
7920192 3.552713678800501e-15
7938784 3.552713678800501e-15
7957376 3.552713678800501e-15
7975968 5.329070518200751e-15
7994560 3.552713678800501e-15
8013152 3.552713678800501e-15
8031744 3.552713678800501e-15
8050336 3.552713678800501e-15
8068928 3.552713678800501e-15
8087520 3.552713678800501e-15
8106112 3.552713678800501e-15
8124704 3.552713678800501e-15
8143296 3.552713678800501e-15
8161888 3.552713678800501e-15
8180480 5.329070518200751e-15
8199072 3.552713678800501e-15
8217664 3.552713678800501e-15
8236256 3.552713678800501e-15
8254848 3.552713678800501e-15
8273440 5.329070518200751e-15
8292032 3.552713678800501e-15
8310624 3.552713678800501e-15
8329216 3.552713678800501e-15
8347808 3.552713678800501e-15
8366400 5.329070518200751e-15
8384992 3.552713678800501e-15
8403584 3.552713678800501e-15
8422176 3.552713678800501e-15
8440768 5.329070518200751e-15
8459360 3.552713678800501e-15
8477952 3.552713678800501e-15
8496544 5.329070518200751e-15
8515136 3.552713678800501e-15
8533728 3.552713678800501e-15
8552320 3.552713678800501e-15
8570912 5.329070518200751e-15
8589504 3.552713678800501e-15
8608096 3.552713678800501e-15
8626688 3.552713678800501e-15
8645280 5.329070518200751e-15
8663872 3.552713678800501e-15
8682464 3.552713678800501e-15
8701056 3.552713678800501e-15
8719648 3.552713678800501e-15
8738240 3.552713678800501e-15
8756832 3.552713678800501e-15
8775424 3.552713678800501e-15
8794016 3.552713678800501e-15
8812608 3.552713678800501e-15
8831200 3.552713678800501e-15
8849792 3.552713678800501e-15
8868384 3.552713678800501e-15
8886976 3.552713678800501e-15
8905568 3.552713678800501e-15
8924160 3.552713678800501e-15
8942752 3.552713678800501e-15
8961344 3.552713678800501e-15
8979936 3.552713678800501e-15
8998528 3.552713678800501e-15
9017120 3.552713678800501e-15
9035712 3.552713678800501e-15
9054304 3.552713678800501e-15
9072896 3.552713678800501e-15
9091488 3.552713678800501e-15
9110080 3.552713678800501e-15
9128672 3.552713678800501e-15
9147264 3.552713678800501e-15
9165856 3.552713678800501e-15
9184448 3.552713678800501e-15
9203040 3.552713678800501e-15
9221632 3.552713678800501e-15
9240224 3.552713678800501e-15
9258816 3.552713678800501e-15
9277408 3.552713678800501e-15
9296000 3.552713678800501e-15
9314592 3.552713678800501e-15
9333184 3.552713678800501e-15
9351776 3.552713678800501e-15
9370368 3.552713678800501e-15
9388960 3.552713678800501e-15
9407552 3.552713678800501e-15
9426144 3.552713678800501e-15
9444736 3.552713678800501e-15
9463328 3.552713678800501e-15
9481920 3.552713678800501e-15
9500512 3.552713678800501e-15
9519104 3.552713678800501e-15
9537696 3.552713678800501e-15
9556288 3.552713678800501e-15
9574880 3.552713678800501e-15
9593472 3.552713678800501e-15
9612064 3.552713678800501e-15
9630656 3.552713678800501e-15
9649248 3.552713678800501e-15
9667840 3.552713678800501e-15
9686432 3.552713678800501e-15
9705024 3.552713678800501e-15
9723616 3.552713678800501e-15
9742208 3.552713678800501e-15
9760800 3.552713678800501e-15
9779392 3.552713678800501e-15
9797984 3.552713678800501e-15
9816576 3.552713678800501e-15
9835168 3.552713678800501e-15
9853760 3.552713678800501e-15
9872352 3.552713678800501e-15
9890944 3.552713678800501e-15
9909536 3.552713678800501e-15
9928128 3.552713678800501e-15
9946720 3.552713678800501e-15
9965312 3.552713678800501e-15
9983904 3.552713678800501e-15
10002496 3.552713678800501e-15
10021088 3.552713678800501e-15
10039680 3.552713678800501e-15
10058272 3.552713678800501e-15
10076864 3.552713678800501e-15
10095456 3.552713678800501e-15
10114048 3.552713678800501e-15
10132640 3.552713678800501e-15
10151232 3.552713678800501e-15
10169824 3.552713678800501e-15
10188416 3.552713678800501e-15
10207008 3.552713678800501e-15
10225600 3.552713678800501e-15
10244192 3.552713678800501e-15
10262784 3.552713678800501e-15
10281376 3.552713678800501e-15
10299968 3.552713678800501e-15
10318560 3.552713678800501e-15
10337152 5.329070518200751e-15
10355744 3.552713678800501e-15
10374336 3.552713678800501e-15
10392928 3.552713678800501e-15
10411520 3.552713678800501e-15
10430112 3.552713678800501e-15
10448704 3.552713678800501e-15
10467296 3.552713678800501e-15
10485888 3.552713678800501e-15
10504480 5.329070518200751e-15
10523072 3.552713678800501e-15
10541664 3.552713678800501e-15
10560256 3.552713678800501e-15
10578848 3.552713678800501e-15
10597440 3.552713678800501e-15
10616032 3.552713678800501e-15
10634624 3.552713678800501e-15
10653216 3.552713678800501e-15
10671808 3.552713678800501e-15
10690400 3.552713678800501e-15
10708992 3.552713678800501e-15
10727584 3.552713678800501e-15
10746176 5.329070518200751e-15
10764768 3.552713678800501e-15
10783360 3.552713678800501e-15
10801952 3.552713678800501e-15
10820544 3.552713678800501e-15
10839136 3.552713678800501e-15
10857728 3.552713678800501e-15
10876320 3.552713678800501e-15
10894912 3.552713678800501e-15
10913504 3.552713678800501e-15
10932096 3.552713678800501e-15
10950688 3.552713678800501e-15
10969280 3.552713678800501e-15
10987872 3.552713678800501e-15
11006464 3.552713678800501e-15
11025056 3.552713678800501e-15
11043648 3.552713678800501e-15
11062240 5.329070518200751e-15
11080832 3.552713678800501e-15
11099424 3.552713678800501e-15
11118016 3.552713678800501e-15
11136608 3.552713678800501e-15
11155200 3.552713678800501e-15
11173792 3.552713678800501e-15
11192384 3.552713678800501e-15
11210976 3.552713678800501e-15
11229568 3.552713678800501e-15
11248160 3.552713678800501e-15
11266752 3.552713678800501e-15
11285344 3.552713678800501e-15
11303936 3.552713678800501e-15
11322528 3.552713678800501e-15
11341120 3.552713678800501e-15
11359712 3.552713678800501e-15
11378304 3.552713678800501e-15
11396896 3.552713678800501e-15
11415488 3.552713678800501e-15
11434080 3.552713678800501e-15
11452672 3.552713678800501e-15
11471264 3.552713678800501e-15
11489856 3.552713678800501e-15
11508448 3.552713678800501e-15
11527040 3.552713678800501e-15
11545632 3.552713678800501e-15
11564224 3.552713678800501e-15
11582816 3.552713678800501e-15
11601408 3.552713678800501e-15
11620000 3.552713678800501e-15
11638592 3.552713678800501e-15
11657184 3.552713678800501e-15
11675776 3.552713678800501e-15
11694368 3.552713678800501e-15
11712960 3.552713678800501e-15
11731552 3.552713678800501e-15
11750144 3.552713678800501e-15
11768736 5.329070518200751e-15
11787328 3.552713678800501e-15
11805920 3.552713678800501e-15
11824512 3.552713678800501e-15
11843104 3.552713678800501e-15
11861696 3.552713678800501e-15
11880288 3.552713678800501e-15
11898880 3.552713678800501e-15
11917472 3.552713678800501e-15
11936064 3.552713678800501e-15
11954656 3.552713678800501e-15
11973248 3.552713678800501e-15
11991840 3.552713678800501e-15
12010432 3.552713678800501e-15
12029024 3.552713678800501e-15
12047616 3.552713678800501e-15
12066208 3.552713678800501e-15
12084800 3.552713678800501e-15
12103392 3.552713678800501e-15
12121984 3.552713678800501e-15
12140576 3.552713678800501e-15
12159168 7.105427357601002e-15
12177760 3.552713678800501e-15
12196352 5.329070518200751e-15
12214944 3.552713678800501e-15
12233536 5.329070518200751e-15
12252128 3.552713678800501e-15
12270720 3.552713678800501e-15
12289312 5.329070518200751e-15
12307904 3.552713678800501e-15
12326496 3.552713678800501e-15
12345088 3.552713678800501e-15
12363680 3.552713678800501e-15
12382272 3.552713678800501e-15
12400864 3.552713678800501e-15
12419456 3.552713678800501e-15
12438048 5.329070518200751e-15
12456640 3.552713678800501e-15
12475232 3.552713678800501e-15
12493824 5.329070518200751e-15
12512416 3.552713678800501e-15
12531008 3.552713678800501e-15
12549600 3.552713678800501e-15
12568192 3.552713678800501e-15
12586784 3.552713678800501e-15
12605376 3.552713678800501e-15
12623968 3.552713678800501e-15
12642560 3.552713678800501e-15
12661152 3.552713678800501e-15
12679744 3.552713678800501e-15
12698336 3.552713678800501e-15
12716928 3.552713678800501e-15
12735520 3.552713678800501e-15
12754112 3.552713678800501e-15
12772704 3.552713678800501e-15
12791296 3.552713678800501e-15
12809888 3.552713678800501e-15
12828480 3.552713678800501e-15
12847072 3.552713678800501e-15
12865664 3.552713678800501e-15
12884256 3.552713678800501e-15
12902848 3.552713678800501e-15
12921440 3.552713678800501e-15
12940032 3.552713678800501e-15
12958624 3.552713678800501e-15
12977216 3.552713678800501e-15
12995808 3.552713678800501e-15
13014400 3.552713678800501e-15
13032992 3.552713678800501e-15
13051584 3.552713678800501e-15
13070176 3.552713678800501e-15
13088768 3.552713678800501e-15
13107360 3.552713678800501e-15
13125952 3.552713678800501e-15
13144544 3.552713678800501e-15
13163136 3.552713678800501e-15
13181728 3.552713678800501e-15
13200320 3.552713678800501e-15
13218912 3.552713678800501e-15
13237504 3.552713678800501e-15
13256096 3.552713678800501e-15
13274688 3.552713678800501e-15
13293280 3.552713678800501e-15
13311872 3.552713678800501e-15
13330464 5.329070518200751e-15
13349056 3.552713678800501e-15
13367648 3.552713678800501e-15
13386240 3.552713678800501e-15
13404832 3.552713678800501e-15
13423424 3.552713678800501e-15
13442016 3.552713678800501e-15
13460608 3.552713678800501e-15
13479200 3.552713678800501e-15
13497792 3.552713678800501e-15
13516384 3.552713678800501e-15
13534976 3.552713678800501e-15
13553568 3.552713678800501e-15
13572160 3.552713678800501e-15
13590752 3.552713678800501e-15
13609344 3.552713678800501e-15
13627936 3.552713678800501e-15
13646528 3.552713678800501e-15
13665120 3.552713678800501e-15
13683712 3.552713678800501e-15
13702304 3.552713678800501e-15
13720896 3.552713678800501e-15
13739488 3.552713678800501e-15
13758080 3.552713678800501e-15
13776672 3.552713678800501e-15
13795264 3.552713678800501e-15
13813856 3.552713678800501e-15
13832448 3.552713678800501e-15
13851040 3.552713678800501e-15
13869632 3.552713678800501e-15
13888224 3.552713678800501e-15
13906816 3.552713678800501e-15
13925408 3.552713678800501e-15
13944000 3.552713678800501e-15
13962592 3.552713678800501e-15
13981184 3.552713678800501e-15
13999776 3.552713678800501e-15
14018368 3.552713678800501e-15
14036960 3.552713678800501e-15
14055552 3.552713678800501e-15
14074144 3.552713678800501e-15
14092736 3.552713678800501e-15
14111328 3.552713678800501e-15
14129920 3.552713678800501e-15
14148512 3.552713678800501e-15
14167104 3.552713678800501e-15
14185696 3.552713678800501e-15
14204288 3.552713678800501e-15
14222880 3.552713678800501e-15
14241472 3.552713678800501e-15
14260064 3.552713678800501e-15
14278656 3.552713678800501e-15
14297248 3.552713678800501e-15
14315840 3.552713678800501e-15
14334432 3.552713678800501e-15
14353024 3.552713678800501e-15
14371616 3.552713678800501e-15
14390208 3.552713678800501e-15
14408800 3.552713678800501e-15
14427392 3.552713678800501e-15
14445984 3.552713678800501e-15
14464576 3.552713678800501e-15
14483168 3.552713678800501e-15
14501760 3.552713678800501e-15
14520352 3.552713678800501e-15
14538944 3.552713678800501e-15
14557536 3.552713678800501e-15
14576128 3.552713678800501e-15
14594720 3.552713678800501e-15
14613312 3.552713678800501e-15
14631904 3.552713678800501e-15
14650496 3.552713678800501e-15
14669088 3.552713678800501e-15
14687680 3.552713678800501e-15
14706272 3.552713678800501e-15
14724864 3.552713678800501e-15
14743456 3.552713678800501e-15
14762048 3.552713678800501e-15
14780640 3.552713678800501e-15
14799232 3.552713678800501e-15
14817824 3.552713678800501e-15
14836416 3.552713678800501e-15
14855008 3.552713678800501e-15
14873600 3.552713678800501e-15
14892192 3.552713678800501e-15
14910784 3.552713678800501e-15
14929376 3.552713678800501e-15
14947968 3.552713678800501e-15
14966560 3.552713678800501e-15
14985152 3.552713678800501e-15
15003744 3.552713678800501e-15
15022336 3.552713678800501e-15
15040928 3.552713678800501e-15
15059520 3.552713678800501e-15
15078112 3.552713678800501e-15
15096704 3.552713678800501e-15
15115296 3.552713678800501e-15
15133888 3.552713678800501e-15
15152480 3.552713678800501e-15
15171072 3.552713678800501e-15
15189664 3.552713678800501e-15
15208256 3.552713678800501e-15
15226848 3.552713678800501e-15
15245440 3.552713678800501e-15
15264032 3.552713678800501e-15
15282624 3.552713678800501e-15
15301216 3.552713678800501e-15
15319808 3.552713678800501e-15
15338400 3.552713678800501e-15
15356992 3.552713678800501e-15
15375584 3.552713678800501e-15
15394176 3.552713678800501e-15
15412768 3.552713678800501e-15
15431360 3.552713678800501e-15
15449952 3.552713678800501e-15
15468544 3.552713678800501e-15
15487136 3.552713678800501e-15
15505728 3.552713678800501e-15
15524320 3.552713678800501e-15
15542912 3.552713678800501e-15
15561504 3.552713678800501e-15
15580096 3.552713678800501e-15
15598688 3.552713678800501e-15
15617280 3.552713678800501e-15
15635872 3.552713678800501e-15
15654464 3.552713678800501e-15
15673056 3.552713678800501e-15
15691648 3.552713678800501e-15
15710240 3.552713678800501e-15
15728832 3.552713678800501e-15
15747424 3.552713678800501e-15
15766016 3.552713678800501e-15
15784608 3.552713678800501e-15
15803200 3.552713678800501e-15
15821792 3.552713678800501e-15
15840384 3.552713678800501e-15
15858976 3.552713678800501e-15
15877568 3.552713678800501e-15
15896160 3.552713678800501e-15
15914752 3.552713678800501e-15
15933344 3.552713678800501e-15
15951936 3.552713678800501e-15
15970528 3.552713678800501e-15
15989120 3.552713678800501e-15
16007712 3.552713678800501e-15
16026304 3.552713678800501e-15
16044896 3.552713678800501e-15
16063488 3.552713678800501e-15
16082080 3.552713678800501e-15
16100672 3.552713678800501e-15
16119264 3.552713678800501e-15
16137856 3.552713678800501e-15
16156448 3.552713678800501e-15
16175040 3.552713678800501e-15
16193632 3.552713678800501e-15
16212224 3.552713678800501e-15
16230816 3.552713678800501e-15
16249408 3.552713678800501e-15
16268000 3.552713678800501e-15
16286592 3.552713678800501e-15
16305184 3.552713678800501e-15
