0 12.750255683027092
77632 1.8912007951867496
155264 0.8668978634864599
232896 0.4599524833175188
310528 0.24208516620578546
388160 0.17708041620745973
465792 0.1268891145342348
543424 0.09125041184051597
621056 0.06639940497296237
698688 0.0516887997944373
776320 0.04094015614829871
853952 0.03237262350392989
931584 0.025599707670131977
1009216 0.02051487301028887
1086848 0.016795319090280536
1164480 0.013709981557495254
1242112 0.011172092083318041
1319744 0.009104500556166517
1397376 0.007446893805787891
1475008 0.00609505830505519
1552640 0.005095048757778109
1630272 0.004259813468587392
1707904 0.0035637428185464337
1785536 0.002984415598398016
1863168 0.002502557124061333
1940800 0.002101806818553431
2018432 0.001781933567750027
2096064 0.0015215589122803408
2173696 0.001301310256905941
2251328 0.0011149761894382326
2328960 0.0009572554474321926
2406592 0.000823646892193608
2484224 0.0007119132871673539
2561856 0.0006225422858614493
2639488 0.0005455453839593449
2717120 0.00047913456115811215
2794752 0.00042555547385947357
2872384 0.0003796136247820048
2950016 0.00033926765773539813
3027648 0.0003047481028439214
3105280 0.000274544827003842
3182912 0.000248151302783519
3260544 0.00022803672464916797
3338176 0.0002097255148477556
3415808 0.0001930404665403812
3493440 0.00017966463240946112
3571072 0.00016739938681088057
3648704 0.0001566901145301225
3726336 0.00014683296636855414
3803968 0.00013768835152276962
3881600 0.00012913269466783076
3959232 0.00012106239384564177
4036864 0.00011351905657771069
4114496 0.00010656150819150431
4192128 9.999511035617761e-05
4269760 9.380284565173314e-05
4347392 8.79676979410049e-05
4425024 8.247278984309728e-05
4502656 7.7301495474736e-05
4580288 7.243753161841927e-05
4657920 6.786503017718569e-05
4735552 6.356859448577654e-05
4813184 5.953334177323001e-05
4890816 5.57449338151033e-05
4968448 5.218959757553182e-05
5046080 4.885413742223427e-05
5123712 4.5725940300146706e-05
5201344 4.2792975070914466e-05
5278976 4.00437870665335e-05
5356608 3.7467488762623485e-05
5434240 3.505374735077865e-05
5511872 3.279943022374467e-05
5589504 3.0696834437381366e-05
5667136 2.8726646137115352e-05
5744768 2.6880848278208053e-05
5822400 2.5151865321728067e-05
5900032 2.3532545107714763e-05
5977664 2.2016140526951757e-05
6055296 2.0596291180363137e-05
6132928 1.9267005181064023e-05
6210560 1.8022641224909458e-05
6288192 1.6857891030365056e-05
6365824 1.57677622270216e-05
6443456 1.4747561753910817e-05
6521088 1.3792879813260108e-05
6598720 1.2899574412296943e-05
6676352 1.2063756514771112e-05
6753984 1.1281775814654628e-05
6831616 1.055020713703971e-05
6909248 9.865837464836507e-06
6986880 9.225653584980415e-06
7064512 8.626830343686057e-06
7142144 8.0667194970187e-06
7219776 7.5428391406106524e-06
7297408 7.0528637003600516e-06
7375040 6.594614464602421e-06
7452672 6.16605063719067e-06
7530304 5.765260890393622e-06
7607936 5.390455396136681e-06
7685568 5.0399583140140576e-06
7763200 4.712200714720159e-06
7840832 4.405713917706605e-06
7918464 4.119123222355407e-06
7996096 3.8511420124951075e-06
8073728 3.6005662145900588e-06
8151360 3.3662690906610844e-06
8228992 3.1471963476638245e-06
8306624 2.942361545720364e-06
8384256 2.7508417884342454e-06
8461888 2.571773679175887e-06
8539520 2.404349527980465e-06
8617152 2.247887055953357e-06
8694784 2.1018265244704057e-06
8772416 1.9652385224869576e-06
8850048 1.8375107031180088e-06
8927680 1.7180700812363323e-06
9005312 1.6063805291432684e-06
9082944 1.5019404284999371e-06
9160576 1.404280469126211e-06
9238208 1.3129615858307672e-06
9315840 1.2275730248900371e-06
9393472 1.1477305323047415e-06
9471104 1.0730746563764396e-06
9548736 1.0032691575810604e-06
9626368 9.379995191309901e-07
9704000 8.769715520145355e-07
9781632 8.199100886407268e-07
9859264 7.665577595652312e-07
9936896 7.166738481435148e-07
10014528 6.700332182106583e-07
10092160 6.264253102315764e-07
10169792 5.856532015883001e-07
10247424 5.475327270092548e-07
10325056 5.118916553172037e-07
10402688 4.785689189249279e-07
10480320 4.4741389278873944e-07
10557952 4.18285719618397e-07
10635584 3.910526784759241e-07
10713216 3.6559159393659973e-07
10790848 3.417872832837607e-07
10868480 3.1953203927150703e-07
10946112 2.9872514623052737e-07
11023744 2.792724273321598e-07
11101376 2.610858210686656e-07
11179008 2.440829850354487e-07
11256640 2.2818692531605816e-07
11334272 2.1332564977168122e-07
11411904 1.9943184374326267e-07
11489536 1.8644256670734966e-07
11567168 1.742989685611998e-07
11644800 1.6294602421616095e-07
11722432 1.52332285409916e-07
11800064 1.424096485536444e-07
11877696 1.3313313761229711e-07
11955328 1.2446070104827484e-07
12032960 1.1635302192298386e-07
12110592 1.0877334028804031e-07
12188224 1.0168728710631403e-07
12265856 9.506272891091072e-08
12343488 8.886962258713299e-08
12421120 8.307987950286616e-08
12498752 7.766723851467677e-08
12576384 7.260714717828576e-08
12654016 6.7876650675959e-08
12731648 6.345428796381697e-08
12809280 5.931999463425902e-08
12886912 5.545501212660814e-08
12964544 5.184180278464123e-08
13042176 4.846397046349982e-08
13119808 4.530618629306621e-08
13197440 4.235411925172794e-08
13275072 3.959437124695375e-08
13352704 3.701441642946224e-08
13430336 3.460254444954958e-08
13507968 3.234780738669424e-08
13585600 3.023997014340446e-08
13663232 2.8269464059579863e-08
13740864 2.642734354268983e-08
13818496 2.470524551774489e-08
13896128 2.3095351510578344e-08
13973760 2.1590352197904672e-08
14051392 2.0183414279305312e-08
14129024 1.886814948118959e-08
14206656 1.7638585580841137e-08
14284288 1.6489139335190695e-08
14361920 1.5414591136506117e-08
14439552 1.4410061359437787e-08
14517184 1.3470988212069268e-08
14594816 1.2593107038931517e-08
14672448 1.1772430981438209e-08
14750080 1.1005232886454608e-08
14827712 1.0288028391008952e-08
14905344 9.617560102481715e-09
14982976 8.990782845649803e-09
15060608 8.404849816991133e-09
15138240 7.857099667933631e-09
15215872 7.34504443291456e-09
15293504 6.866358237198056e-09
15371136 6.41886673414388e-09
15448768 6.0005372389676515e-09
15526400 5.6094695026140395e-09
15604032 5.2438870763033e-09
15681664 4.902129258077537e-09
15759296 4.58264355455984e-09
15836928 4.283978618027651e-09
15914560 4.004777664871895e-09
15992192 3.743772322532812e-09
16069824 3.4997768580749544e-09
16147456 3.2716828040138535e-09
16225088 3.0584539102707087e-09
16302720 2.8591214682252564e-09
16380352 2.6727798724257568e-09
16457984 2.4985825344478463e-09
16535616 2.3357380335431444e-09
16613248 2.183506522292211e-09
16690880 2.0411963569041958e-09
16768512 1.908160971245132e-09
16846144 1.783795929542753e-09
16923776 1.6675361811865907e-09
17001408 1.558853500276125e-09
17079040 1.4572540856308547e-09
17156672 1.3622763099865876e-09
17234304 1.2734886365925457e-09
17311936 1.190487641626603e-09
17389568 1.1128961944703586e-09
17467200 1.0403617507412366e-09
17544832 9.72554727723951e-10
17622464 9.091670272534658e-10
17700096 8.499106314563409e-10
17777728 7.94516287830338e-10
17855360 7.427322914685397e-10
17932992 6.943233470807497e-10
18010624 6.490694873934055e-10
18088256 6.067650860919205e-10
18165888 5.672179141311129e-10
18243520 5.302482680366594e-10
18321152 4.956881641260402e-10
18398784 4.6338055528089006e-10
18476416 4.3317863879233087e-10
18554048 4.0494517634936944e-10
18631680 3.785518764773399e-10
18709312 3.538787995277515e-10
18786944 3.30813832924437e-10
18864576 3.0925216727706317e-10
18942208 2.8909582800579203e-10
19019840 2.702532121701129e-10
19097472 2.5263870596231586e-10
19175104 2.3617226143496373e-10
19252736 2.2077905562772893e-10
19330368 2.0638913408171922e-10
19408000 1.9293711159967808e-10
19485632 1.8036185479158862e-10
19563264 1.686062227335139e-10
19640896 1.576167902792025e-10
19718528 1.473436242807602e-10
19796160 1.3774004072736323e-10
19873792 1.2876239224163255e-10
19951424 1.2036988940311577e-10
20029056 1.1252438911202312e-10
20106688 1.0519024453564674e-10
20184320 9.833412036031053e-11
20261952 9.192486355447116e-11
20339584 8.593335158041393e-11
20417216 8.033235535109817e-11
20494848 7.509641866687566e-11
20572480 7.020174892791164e-11
20650112 6.562610871396757e-11
20727744 6.134869955792821e-11
20805376 5.735008128116004e-11
20883008 5.3612089594146095e-11
20960640 5.011772941099224e-11
21038272 4.6851128011893284e-11
21115904 4.3797436163894865e-11
21193536 4.09427812833596e-11
21271168 3.8274187638687174e-11
21348800 3.577952777805704e-11
21426432 3.344746441619195e-11
21504064 3.126740533154759e-11
21581696 2.9229436579458756e-11
21659328 2.7324299073372416e-11
21736960 2.5543338277866923e-11
21814592 2.3878453901671204e-11
21892224 2.232208688723869e-11
21969856 2.0867161297510872e-11
22047488 1.950706349923559e-11
22125120 1.8235617009476623e-11
22202752 1.7047041729612022e-11
22280384 1.5935936598099332e-11
22358016 1.4897250967538245e-11
22435648 1.3926266390074105e-11
22513280 1.3018568861822288e-11
22590912 1.2170033210356923e-11
22668544 1.1376804880114388e-11
22746176 1.0635278248349866e-11
22823808 9.942081012626058e-12
22901440 9.294068986642756e-12
22979072 8.688290538405585e-12
23056704 8.121998733290337e-12
23134336 7.59261490484997e-12
23211968 7.097737328431997e-12
23289600 6.63511346560286e-12
23367232 6.202642566233152e-12
23444864 5.798362658071543e-12
23522496 5.420430597424808e-12
23600128 5.0671324774986815e-12
23677760 4.736860209630933e-12
23755392 4.428120196908747e-12
23833024 4.139496904975726e-12
23910656 3.869691025948363e-12
23988288 3.617470038796977e-12
24065920 3.3816846892187336e-12
24143552 3.1612689896376445e-12
24221184 2.9552220046080713e-12
24298816 2.7626052487295105e-12
24376448 2.582539217199642e-12
24454080 2.4142129267934465e-12
24531712 2.2568570276493283e-12
24609344 2.109756813695185e-12
24686976 1.9722435490310275e-12
24764608 1.843697070014194e-12
24842240 1.7235249685776388e-12
24919872 1.6111886130820707e-12
24997504 1.5061710559316488e-12
25075136 1.4080013197026453e-12
25152768 1.3162292436530443e-12
25230400 1.2304384941486113e-12
25308032 1.1502413604924655e-12
25385664 1.0752683465842239e-12
25463296 1.0051837834312849e-12
25540928 9.396658798288549e-13
25618560 8.784206001477557e-13
25696192 8.211660518231412e-13
25773824 7.676428936953528e-13
25851456 7.176108665629677e-13
25929088 6.708357827567291e-13
26006720 6.271094754595197e-13
26084352 5.862376556420301e-13
26161984 5.48026901636689e-13
26239616 5.123072105428506e-13
26317248 4.78914650992035e-13
26394880 4.4770090412704633e-13
26472512 4.1852112053764046e-13
26550144 3.912399917926912e-13
26627776 3.657404240575701e-13
26705408 3.4190011932722086e-13
26783040 3.196167289165608e-13
26860672 2.987861694170313e-13
26938304 2.793095615905017e-13
27015936 2.611036387101251e-13
27093568 2.440868687725306e-13
27171200 2.281768524126093e-13
27248832 2.133024659678462e-13
27326464 1.9940386147832e-13
27404096 1.864055784728258e-13
27481728 1.7425297316187027e-13
27559360 1.6289834064986408e-13
27636992 1.5228096561514803e-13
27714624 1.4235401052387076e-13
27792256 1.330758420126088e-13
27869888 1.2440482671793873e-13
27947520 1.1629412710600917e-13
28025152 1.0871338551599052e-13
28102784 1.0162704011662527e-13
28180416 9.500299852360783e-14
28258048 8.881003571437063e-14
28335680 8.302213083677401e-14
28413312 7.761152831520235e-14
28490944 7.2551339935778e-14
28568576 6.782335110200322e-14
28646208 6.340240832347632e-14
28723840 5.927116436543756e-14
28801472 5.540793518443721e-14
28879104 5.179450618397752e-14
28956736 4.8422203746678605e-14
29034368 4.5265007020400816e-14
29112000 4.231250766428829e-14
29189632 3.955429733748517e-14
29267264 3.697736561392162e-14
29344896 3.4566967344051847e-14
29422528 3.231529627223395e-14
29500160 3.0210209334136096e-14
29577792 2.8238696103688454e-14
29655424 2.639988921915304e-14
29733056 2.4678176169246058e-14
29810688 2.306835278353958e-14
29888320 2.15634801681297e-14
29965952 2.0158354152588487e-14
30043584 1.8845168481274044e-14
30121216 1.7616984260282464e-14
30198848 1.6470332042661795e-14
30276480 1.5395670849294163e-14
30354112 1.4393868041917557e-14
30431744 1.3453647917938127e-14
30509376 1.2576745200831851e-14
30587008 1.1758823081908787e-14
30664640 1.2434497875801753e-14
30742272 1.0658141036401503e-14
30819904 9.605163886483581e-15
30897536 8.979796073393942e-15
30975168 8.881784197001252e-15
31052800 1.0658141036401503e-14
31130432 1.0658141036401503e-14
31208064 1.2434497875801753e-14
31285696 1.2434497875801753e-14
31363328 8.881784197001252e-15
31440960 8.881784197001252e-15
31518592 8.881784197001252e-15
31596224 8.881784197001252e-15
31673856 1.0658141036401503e-14
31751488 8.881784197001252e-15
31829120 8.881784197001252e-15
31906752 7.105427357601002e-15
31984384 7.105427357601002e-15
32062016 1.0658141036401503e-14
32139648 8.881784197001252e-15
32217280 1.0658141036401503e-14
32294912 8.881784197001252e-15
32372544 7.105427357601002e-15
32450176 7.105427357601002e-15
32527808 7.105427357601002e-15
32605440 8.881784197001252e-15
32683072 1.0658141036401503e-14
32760704 8.881784197001252e-15
32838336 8.881784197001252e-15
32915968 7.105427357601002e-15
32993600 7.105427357601002e-15
33071232 8.881784197001252e-15
33148864 8.881784197001252e-15
33226496 7.105427357601002e-15
33304128 7.105427357601002e-15
33381760 8.881784197001252e-15
33459392 7.993605777301127e-15
33537024 7.105427357601002e-15
33614656 7.105427357601002e-15
33692288 7.105427357601002e-15
33769920 7.105427357601002e-15
33847552 8.881784197001252e-15
33925184 7.993605777301127e-15
34002816 7.105427357601002e-15
34080448 7.105427357601002e-15
34158080 7.105427357601002e-15
34235712 7.105427357601002e-15
34313344 7.105427357601002e-15
34390976 8.881784197001252e-15
34468608 7.105427357601002e-15
34546240 7.105427357601002e-15
34623872 5.329070518200751e-15
34701504 7.105427357601002e-15
34779136 5.329070518200751e-15
34856768 5.329070518200751e-15
34934400 7.105427357601002e-15
35012032 6.217248937900877e-15
35089664 8.881784197001252e-15
35167296 7.105427357601002e-15
35244928 5.329070518200751e-15
35322560 8.881784197001252e-15
35400192 5.329070518200751e-15
35477824 5.329070518200751e-15
35555456 5.329070518200751e-15
35633088 7.105427357601002e-15
35710720 8.881784197001252e-15
35788352 7.105427357601002e-15
35865984 5.329070518200751e-15
35943616 5.329070518200751e-15
36021248 5.329070518200751e-15
36098880 7.105427357601002e-15
36176512 7.105427357601002e-15
36254144 7.105427357601002e-15
36331776 5.329070518200751e-15
36409408 7.105427357601002e-15
36487040 5.329070518200751e-15
36564672 7.105427357601002e-15
36642304 7.105427357601002e-15
36719936 8.881784197001252e-15
36797568 7.105427357601002e-15
36875200 5.329070518200751e-15
36952832 7.105427357601002e-15
37030464 5.329070518200751e-15
37108096 7.105427357601002e-15
37185728 5.329070518200751e-15
37263360 7.105427357601002e-15
37340992 5.329070518200751e-15
37418624 7.105427357601002e-15
37496256 5.329070518200751e-15
37573888 5.329070518200751e-15
37651520 7.105427357601002e-15
37729152 5.329070518200751e-15
37806784 7.105427357601002e-15
37884416 5.329070518200751e-15
37962048 7.105427357601002e-15
38039680 5.329070518200751e-15
38117312 5.329070518200751e-15
38194944 7.105427357601002e-15
38272576 5.329070518200751e-15
38350208 7.105427357601002e-15
38427840 5.329070518200751e-15
38505472 7.105427357601002e-15
38583104 5.329070518200751e-15
38660736 5.329070518200751e-15
38738368 7.105427357601002e-15
38816000 5.329070518200751e-15
38893632 5.329070518200751e-15
38971264 7.105427357601002e-15
39048896 5.329070518200751e-15
39126528 5.329070518200751e-15
39204160 5.329070518200751e-15
39281792 5.329070518200751e-15
39359424 5.329070518200751e-15
39437056 5.329070518200751e-15
39514688 5.329070518200751e-15
39592320 5.329070518200751e-15
39669952 5.329070518200751e-15
39747584 5.329070518200751e-15
39825216 5.329070518200751e-15
39902848 5.329070518200751e-15
39980480 5.329070518200751e-15
40058112 5.329070518200751e-15
40135744 5.329070518200751e-15
40213376 5.329070518200751e-15
40291008 5.329070518200751e-15
40368640 5.329070518200751e-15
40446272 5.329070518200751e-15
40523904 5.329070518200751e-15
40601536 5.329070518200751e-15
40679168 5.329070518200751e-15
40756800 5.329070518200751e-15
40834432 5.329070518200751e-15
40912064 5.329070518200751e-15
40989696 5.329070518200751e-15
41067328 5.329070518200751e-15
41144960 5.329070518200751e-15
41222592 5.329070518200751e-15
41300224 5.329070518200751e-15
41377856 5.329070518200751e-15
41455488 5.329070518200751e-15
41533120 5.329070518200751e-15
41610752 5.329070518200751e-15
41688384 5.329070518200751e-15
41766016 5.329070518200751e-15
41843648 5.329070518200751e-15
41921280 5.329070518200751e-15
41998912 5.329070518200751e-15
42076544 5.329070518200751e-15
42154176 5.329070518200751e-15
42231808 5.329070518200751e-15
42309440 5.329070518200751e-15
42387072 5.329070518200751e-15
42464704 5.329070518200751e-15
42542336 5.329070518200751e-15
42619968 5.329070518200751e-15
42697600 5.329070518200751e-15
42775232 5.329070518200751e-15
42852864 5.329070518200751e-15
42930496 5.329070518200751e-15
43008128 5.329070518200751e-15
43085760 5.329070518200751e-15
43163392 5.329070518200751e-15
43241024 5.329070518200751e-15
43318656 5.329070518200751e-15
43396288 5.329070518200751e-15
43473920 5.329070518200751e-15
43551552 5.329070518200751e-15
43629184 5.329070518200751e-15
43706816 5.329070518200751e-15
43784448 5.329070518200751e-15
43862080 5.329070518200751e-15
43939712 5.329070518200751e-15
44017344 5.329070518200751e-15
44094976 5.329070518200751e-15
44172608 5.329070518200751e-15
44250240 5.329070518200751e-15
44327872 5.329070518200751e-15
44405504 5.329070518200751e-15
44483136 5.329070518200751e-15
44560768 5.329070518200751e-15
44638400 5.329070518200751e-15
44716032 5.329070518200751e-15
44793664 5.329070518200751e-15
44871296 5.329070518200751e-15
44948928 5.329070518200751e-15
45026560 5.329070518200751e-15
45104192 5.329070518200751e-15
45181824 5.329070518200751e-15
45259456 5.329070518200751e-15
45337088 5.329070518200751e-15
45414720 5.329070518200751e-15
45492352 5.329070518200751e-15
45569984 5.329070518200751e-15
45647616 5.329070518200751e-15
45725248 5.329070518200751e-15
45802880 5.329070518200751e-15
45880512 5.329070518200751e-15
45958144 5.329070518200751e-15
46035776 5.329070518200751e-15
46113408 5.329070518200751e-15
46191040 5.329070518200751e-15
46268672 5.329070518200751e-15
46346304 5.329070518200751e-15
46423936 5.329070518200751e-15
46501568 5.329070518200751e-15
46579200 5.329070518200751e-15
46656832 5.329070518200751e-15
46734464 5.329070518200751e-15
46812096 5.329070518200751e-15
46889728 5.329070518200751e-15
46967360 5.329070518200751e-15
47044992 5.329070518200751e-15
47122624 5.329070518200751e-15
47200256 5.329070518200751e-15
47277888 5.329070518200751e-15
47355520 5.329070518200751e-15
47433152 5.329070518200751e-15
47510784 5.329070518200751e-15
47588416 5.329070518200751e-15
47666048 5.329070518200751e-15
47743680 5.329070518200751e-15
47821312 7.105427357601002e-15
47898944 5.329070518200751e-15
47976576 5.329070518200751e-15
48054208 5.329070518200751e-15
48131840 5.329070518200751e-15
48209472 5.329070518200751e-15
48287104 5.329070518200751e-15
48364736 5.329070518200751e-15
48442368 5.329070518200751e-15
48520000 5.329070518200751e-15
48597632 5.329070518200751e-15
48675264 5.329070518200751e-15
48752896 5.329070518200751e-15
48830528 5.329070518200751e-15
48908160 5.329070518200751e-15
48985792 5.329070518200751e-15
49063424 5.329070518200751e-15
49141056 5.329070518200751e-15
49218688 5.329070518200751e-15
49296320 5.329070518200751e-15
49373952 5.329070518200751e-15
49451584 5.329070518200751e-15
49529216 5.329070518200751e-15
49606848 5.329070518200751e-15
49684480 5.329070518200751e-15
49762112 5.329070518200751e-15
49839744 5.329070518200751e-15
49917376 5.329070518200751e-15
49995008 5.329070518200751e-15
50072640 5.329070518200751e-15
50150272 5.329070518200751e-15
50227904 5.329070518200751e-15
50305536 5.329070518200751e-15
50383168 5.329070518200751e-15
50460800 5.329070518200751e-15
50538432 5.329070518200751e-15
50616064 5.329070518200751e-15
50693696 5.329070518200751e-15
50771328 5.329070518200751e-15
50848960 5.329070518200751e-15
50926592 5.329070518200751e-15
51004224 5.329070518200751e-15
51081856 5.329070518200751e-15
51159488 5.329070518200751e-15
51237120 5.329070518200751e-15
51314752 5.329070518200751e-15
51392384 5.329070518200751e-15
51470016 5.329070518200751e-15
51547648 5.329070518200751e-15
51625280 5.329070518200751e-15
51702912 5.329070518200751e-15
51780544 5.329070518200751e-15
51858176 5.329070518200751e-15
51935808 5.329070518200751e-15
52013440 5.329070518200751e-15
52091072 5.329070518200751e-15
52168704 5.329070518200751e-15
52246336 5.329070518200751e-15
52323968 5.329070518200751e-15
52401600 5.329070518200751e-15
52479232 5.329070518200751e-15
52556864 5.329070518200751e-15
52634496 5.329070518200751e-15
52712128 5.329070518200751e-15
52789760 5.329070518200751e-15
52867392 5.329070518200751e-15
52945024 5.329070518200751e-15
53022656 5.329070518200751e-15
53100288 5.329070518200751e-15
53177920 5.329070518200751e-15
53255552 5.329070518200751e-15
53333184 5.329070518200751e-15
53410816 5.329070518200751e-15
53488448 5.329070518200751e-15
53566080 5.329070518200751e-15
53643712 5.329070518200751e-15
53721344 5.329070518200751e-15
53798976 5.329070518200751e-15
53876608 5.329070518200751e-15
53954240 5.329070518200751e-15
54031872 5.329070518200751e-15
54109504 5.329070518200751e-15
54187136 5.329070518200751e-15
54264768 5.329070518200751e-15
54342400 5.329070518200751e-15
54420032 5.329070518200751e-15
54497664 5.329070518200751e-15
54575296 5.329070518200751e-15
54652928 5.329070518200751e-15
54730560 5.329070518200751e-15
54808192 5.329070518200751e-15
54885824 5.329070518200751e-15
54963456 5.329070518200751e-15
55041088 5.329070518200751e-15
55118720 5.329070518200751e-15
55196352 5.329070518200751e-15
55273984 5.329070518200751e-15
55351616 5.329070518200751e-15
55429248 5.329070518200751e-15
55506880 5.329070518200751e-15
55584512 5.329070518200751e-15
55662144 5.329070518200751e-15
55739776 5.329070518200751e-15
55817408 5.329070518200751e-15
55895040 5.329070518200751e-15
55972672 5.329070518200751e-15
56050304 5.329070518200751e-15
56127936 5.329070518200751e-15
56205568 5.329070518200751e-15
56283200 5.329070518200751e-15
56360832 5.329070518200751e-15
56438464 5.329070518200751e-15
56516096 5.329070518200751e-15
56593728 5.329070518200751e-15
56671360 5.329070518200751e-15
56748992 5.329070518200751e-15
56826624 5.329070518200751e-15
56904256 7.105427357601002e-15
56981888 5.329070518200751e-15
57059520 5.329070518200751e-15
57137152 5.329070518200751e-15
57214784 5.329070518200751e-15
57292416 5.329070518200751e-15
57370048 5.329070518200751e-15
57447680 5.329070518200751e-15
57525312 5.329070518200751e-15
57602944 5.329070518200751e-15
57680576 5.329070518200751e-15
57758208 5.329070518200751e-15
57835840 5.329070518200751e-15
57913472 5.329070518200751e-15
57991104 5.329070518200751e-15
58068736 5.329070518200751e-15
58146368 5.329070518200751e-15
58224000 5.329070518200751e-15
58301632 5.329070518200751e-15
58379264 5.329070518200751e-15
58456896 5.329070518200751e-15
58534528 5.329070518200751e-15
58612160 5.329070518200751e-15
58689792 5.329070518200751e-15
58767424 5.329070518200751e-15
58845056 5.329070518200751e-15
58922688 5.329070518200751e-15
59000320 5.329070518200751e-15
59077952 5.329070518200751e-15
59155584 5.329070518200751e-15
59233216 5.329070518200751e-15
59310848 5.329070518200751e-15
59388480 5.329070518200751e-15
59466112 5.329070518200751e-15
59543744 5.329070518200751e-15
59621376 5.329070518200751e-15
59699008 5.329070518200751e-15
59776640 5.329070518200751e-15
59854272 7.105427357601002e-15
59931904 5.329070518200751e-15
60009536 5.329070518200751e-15
60087168 5.329070518200751e-15
60164800 5.329070518200751e-15
60242432 5.329070518200751e-15
60320064 5.329070518200751e-15
60397696 5.329070518200751e-15
60475328 5.329070518200751e-15
60552960 5.329070518200751e-15
60630592 5.329070518200751e-15
60708224 5.329070518200751e-15
60785856 5.329070518200751e-15
60863488 5.329070518200751e-15
60941120 7.105427357601002e-15
61018752 5.329070518200751e-15
61096384 5.329070518200751e-15
61174016 5.329070518200751e-15
61251648 5.329070518200751e-15
61329280 5.329070518200751e-15
61406912 5.329070518200751e-15
61484544 5.329070518200751e-15
61562176 5.329070518200751e-15
61639808 5.329070518200751e-15
61717440 5.329070518200751e-15
61795072 5.329070518200751e-15
61872704 5.329070518200751e-15
61950336 5.329070518200751e-15
62027968 5.329070518200751e-15
62105600 5.329070518200751e-15
62183232 5.329070518200751e-15
62260864 5.329070518200751e-15
62338496 5.329070518200751e-15
62416128 5.329070518200751e-15
62493760 5.329070518200751e-15
62571392 5.329070518200751e-15
62649024 5.329070518200751e-15
62726656 5.329070518200751e-15
62804288 5.329070518200751e-15
62881920 5.329070518200751e-15
62959552 5.329070518200751e-15
63037184 5.329070518200751e-15
63114816 5.329070518200751e-15
63192448 5.329070518200751e-15
63270080 5.329070518200751e-15
63347712 5.329070518200751e-15
63425344 5.329070518200751e-15
63502976 5.329070518200751e-15
63580608 5.329070518200751e-15
63658240 5.329070518200751e-15
63735872 5.329070518200751e-15
63813504 5.329070518200751e-15
63891136 5.329070518200751e-15
63968768 5.329070518200751e-15
64046400 5.329070518200751e-15
64124032 5.329070518200751e-15
64201664 5.329070518200751e-15
64279296 5.329070518200751e-15
64356928 5.329070518200751e-15
64434560 5.329070518200751e-15
64512192 5.329070518200751e-15
64589824 5.329070518200751e-15
64667456 5.329070518200751e-15
64745088 5.329070518200751e-15
64822720 5.329070518200751e-15
64900352 5.329070518200751e-15
64977984 5.329070518200751e-15
65055616 5.329070518200751e-15
65133248 5.329070518200751e-15
65210880 5.329070518200751e-15
65288512 7.105427357601002e-15
65366144 5.329070518200751e-15
65443776 5.329070518200751e-15
65521408 5.329070518200751e-15
65599040 5.329070518200751e-15
65676672 5.329070518200751e-15
65754304 5.329070518200751e-15
65831936 5.329070518200751e-15
65909568 5.329070518200751e-15
65987200 5.329070518200751e-15
66064832 5.329070518200751e-15
66142464 5.329070518200751e-15
66220096 5.329070518200751e-15
66297728 5.329070518200751e-15
66375360 5.329070518200751e-15
66452992 5.329070518200751e-15
66530624 5.329070518200751e-15
66608256 5.329070518200751e-15
66685888 5.329070518200751e-15
66763520 5.329070518200751e-15
66841152 5.329070518200751e-15
66918784 5.329070518200751e-15
66996416 5.329070518200751e-15
67074048 5.329070518200751e-15
67151680 5.329070518200751e-15
67229312 5.329070518200751e-15
67306944 5.329070518200751e-15
67384576 5.329070518200751e-15
67462208 5.329070518200751e-15
67539840 5.329070518200751e-15
67617472 5.329070518200751e-15
67695104 5.329070518200751e-15
67772736 5.329070518200751e-15
67850368 5.329070518200751e-15
67928000 5.329070518200751e-15
68005632 5.329070518200751e-15
68083264 5.329070518200751e-15
68160896 5.329070518200751e-15
68238528 5.329070518200751e-15
68316160 5.329070518200751e-15
68393792 5.329070518200751e-15
68471424 5.329070518200751e-15
68549056 5.329070518200751e-15
68626688 5.329070518200751e-15
68704320 5.329070518200751e-15
68781952 5.329070518200751e-15
68859584 5.329070518200751e-15
68937216 5.329070518200751e-15
69014848 5.329070518200751e-15
69092480 5.329070518200751e-15
69170112 5.329070518200751e-15
69247744 5.329070518200751e-15
69325376 5.329070518200751e-15
69403008 5.329070518200751e-15
69480640 5.329070518200751e-15
69558272 5.329070518200751e-15
69635904 5.329070518200751e-15
69713536 5.329070518200751e-15
69791168 5.329070518200751e-15
69868800 5.329070518200751e-15
69946432 5.329070518200751e-15
70024064 5.329070518200751e-15
70101696 5.329070518200751e-15
70179328 5.329070518200751e-15
70256960 5.329070518200751e-15
70334592 5.329070518200751e-15
70412224 5.329070518200751e-15
70489856 5.329070518200751e-15
70567488 5.329070518200751e-15
70645120 5.329070518200751e-15
70722752 5.329070518200751e-15
70800384 5.329070518200751e-15
70878016 5.329070518200751e-15
70955648 5.329070518200751e-15
71033280 5.329070518200751e-15
71110912 5.329070518200751e-15
71188544 5.329070518200751e-15
71266176 5.329070518200751e-15
71343808 5.329070518200751e-15
71421440 5.329070518200751e-15
71499072 5.329070518200751e-15
71576704 5.329070518200751e-15
71654336 5.329070518200751e-15
71731968 5.329070518200751e-15
71809600 5.329070518200751e-15
71887232 5.329070518200751e-15
71964864 5.329070518200751e-15
72042496 5.329070518200751e-15
72120128 5.329070518200751e-15
72197760 5.329070518200751e-15
72275392 5.329070518200751e-15
72353024 5.329070518200751e-15
72430656 5.329070518200751e-15
72508288 7.105427357601002e-15
72585920 5.329070518200751e-15
72663552 5.329070518200751e-15
72741184 5.329070518200751e-15
72818816 5.329070518200751e-15
72896448 5.329070518200751e-15
72974080 5.329070518200751e-15
73051712 5.329070518200751e-15
73129344 5.329070518200751e-15
73206976 5.329070518200751e-15
73284608 5.329070518200751e-15
73362240 5.329070518200751e-15
73439872 5.329070518200751e-15
73517504 5.329070518200751e-15
73595136 5.329070518200751e-15
73672768 5.329070518200751e-15
73750400 5.329070518200751e-15
73828032 5.329070518200751e-15
73905664 5.329070518200751e-15
73983296 5.329070518200751e-15
74060928 5.329070518200751e-15
74138560 5.329070518200751e-15
74216192 5.329070518200751e-15
74293824 5.329070518200751e-15
74371456 5.329070518200751e-15
74449088 5.329070518200751e-15
74526720 5.329070518200751e-15
74604352 5.329070518200751e-15
74681984 5.329070518200751e-15
74759616 5.329070518200751e-15
74837248 5.329070518200751e-15
74914880 5.329070518200751e-15
74992512 5.329070518200751e-15
75070144 5.329070518200751e-15
75147776 5.329070518200751e-15
75225408 5.329070518200751e-15
75303040 5.329070518200751e-15
75380672 5.329070518200751e-15
75458304 5.329070518200751e-15
75535936 7.105427357601002e-15
75613568 5.329070518200751e-15
75691200 5.329070518200751e-15
75768832 5.329070518200751e-15
75846464 5.329070518200751e-15
75924096 5.329070518200751e-15
76001728 5.329070518200751e-15
76079360 5.329070518200751e-15
76156992 5.329070518200751e-15
76234624 5.329070518200751e-15
76312256 5.329070518200751e-15
76389888 5.329070518200751e-15
76467520 5.329070518200751e-15
76545152 5.329070518200751e-15
76622784 5.329070518200751e-15
76700416 5.329070518200751e-15
76778048 5.329070518200751e-15
76855680 5.329070518200751e-15
76933312 5.329070518200751e-15
77010944 5.329070518200751e-15
77088576 5.329070518200751e-15
77166208 5.329070518200751e-15
77243840 5.329070518200751e-15
77321472 5.329070518200751e-15
77399104 5.329070518200751e-15
77476736 5.329070518200751e-15
77554368 5.329070518200751e-15
77632000 5.329070518200751e-15
77709632 5.329070518200751e-15
77787264 5.329070518200751e-15
77864896 5.329070518200751e-15
77942528 5.329070518200751e-15
78020160 5.329070518200751e-15
78097792 5.329070518200751e-15
78175424 5.329070518200751e-15
78253056 5.329070518200751e-15
78330688 5.329070518200751e-15
78408320 5.329070518200751e-15
78485952 5.329070518200751e-15
78563584 5.329070518200751e-15
78641216 5.329070518200751e-15
78718848 5.329070518200751e-15
78796480 5.329070518200751e-15
78874112 5.329070518200751e-15
78951744 5.329070518200751e-15
79029376 5.329070518200751e-15
79107008 5.329070518200751e-15
79184640 5.329070518200751e-15
79262272 5.329070518200751e-15
79339904 5.329070518200751e-15
79417536 5.329070518200751e-15
79495168 5.329070518200751e-15
79572800 7.105427357601002e-15
79650432 5.329070518200751e-15
79728064 5.329070518200751e-15
79805696 5.329070518200751e-15
79883328 5.329070518200751e-15
79960960 5.329070518200751e-15
80038592 5.329070518200751e-15
80116224 5.329070518200751e-15
80193856 5.329070518200751e-15
80271488 5.329070518200751e-15
80349120 5.329070518200751e-15
80426752 5.329070518200751e-15
80504384 5.329070518200751e-15
80582016 5.329070518200751e-15
80659648 5.329070518200751e-15
80737280 5.329070518200751e-15
80814912 5.329070518200751e-15
80892544 5.329070518200751e-15
80970176 5.329070518200751e-15
81047808 5.329070518200751e-15
81125440 5.329070518200751e-15
81203072 5.329070518200751e-15
81280704 5.329070518200751e-15
81358336 5.329070518200751e-15
81435968 5.329070518200751e-15
81513600 5.329070518200751e-15
81591232 5.329070518200751e-15
81668864 5.329070518200751e-15
81746496 5.329070518200751e-15
81824128 5.329070518200751e-15
81901760 5.329070518200751e-15
81979392 5.329070518200751e-15
82057024 5.329070518200751e-15
82134656 5.329070518200751e-15
82212288 5.329070518200751e-15
82289920 5.329070518200751e-15
82367552 5.329070518200751e-15
82445184 5.329070518200751e-15
82522816 5.329070518200751e-15
82600448 5.329070518200751e-15
82678080 5.329070518200751e-15
82755712 5.329070518200751e-15
82833344 5.329070518200751e-15
82910976 5.329070518200751e-15
82988608 5.329070518200751e-15
83066240 5.329070518200751e-15
83143872 5.329070518200751e-15
83221504 5.329070518200751e-15
83299136 5.329070518200751e-15
83376768 5.329070518200751e-15
83454400 5.329070518200751e-15
83532032 5.329070518200751e-15
83609664 5.329070518200751e-15
83687296 5.329070518200751e-15
83764928 5.329070518200751e-15
83842560 5.329070518200751e-15
83920192 5.329070518200751e-15
83997824 5.329070518200751e-15
84075456 5.329070518200751e-15
84153088 5.329070518200751e-15
84230720 5.329070518200751e-15
84308352 5.329070518200751e-15
84385984 5.329070518200751e-15
84463616 5.329070518200751e-15
84541248 5.329070518200751e-15
84618880 5.329070518200751e-15
84696512 5.329070518200751e-15
84774144 5.329070518200751e-15
84851776 5.329070518200751e-15
84929408 5.329070518200751e-15
85007040 5.329070518200751e-15
85084672 5.329070518200751e-15
85162304 5.329070518200751e-15
85239936 5.329070518200751e-15
85317568 5.329070518200751e-15
85395200 5.329070518200751e-15
85472832 5.329070518200751e-15
85550464 5.329070518200751e-15
85628096 5.329070518200751e-15
85705728 5.329070518200751e-15
85783360 5.329070518200751e-15
85860992 5.329070518200751e-15
85938624 5.329070518200751e-15
86016256 5.329070518200751e-15
86093888 5.329070518200751e-15
86171520 5.329070518200751e-15
86249152 5.329070518200751e-15
86326784 5.329070518200751e-15
86404416 5.329070518200751e-15
86482048 5.329070518200751e-15
86559680 5.329070518200751e-15
86637312 5.329070518200751e-15
86714944 5.329070518200751e-15
86792576 5.329070518200751e-15
86870208 5.329070518200751e-15
86947840 5.329070518200751e-15
87025472 5.329070518200751e-15
87103104 5.329070518200751e-15
87180736 5.329070518200751e-15
87258368 5.329070518200751e-15
87336000 5.329070518200751e-15
87413632 5.329070518200751e-15
87491264 5.329070518200751e-15
87568896 5.329070518200751e-15
87646528 5.329070518200751e-15
87724160 5.329070518200751e-15
87801792 5.329070518200751e-15
87879424 5.329070518200751e-15
87957056 5.329070518200751e-15
88034688 5.329070518200751e-15
88112320 5.329070518200751e-15
88189952 5.329070518200751e-15
88267584 5.329070518200751e-15
88345216 5.329070518200751e-15
88422848 5.329070518200751e-15
88500480 5.329070518200751e-15
88578112 5.329070518200751e-15
88655744 5.329070518200751e-15
88733376 5.329070518200751e-15
88811008 5.329070518200751e-15
88888640 5.329070518200751e-15
88966272 5.329070518200751e-15
89043904 5.329070518200751e-15
89121536 5.329070518200751e-15
89199168 5.329070518200751e-15
89276800 5.329070518200751e-15
89354432 5.329070518200751e-15
89432064 5.329070518200751e-15
89509696 5.329070518200751e-15
89587328 7.105427357601002e-15
89664960 5.329070518200751e-15
89742592 5.329070518200751e-15
89820224 5.329070518200751e-15
89897856 5.329070518200751e-15
89975488 5.329070518200751e-15
90053120 5.329070518200751e-15
90130752 5.329070518200751e-15
90208384 5.329070518200751e-15
90286016 5.329070518200751e-15
90363648 5.329070518200751e-15
90441280 5.329070518200751e-15
90518912 5.329070518200751e-15
90596544 5.329070518200751e-15
90674176 5.329070518200751e-15
90751808 5.329070518200751e-15
90829440 5.329070518200751e-15
90907072 5.329070518200751e-15
90984704 5.329070518200751e-15
91062336 5.329070518200751e-15
91139968 5.329070518200751e-15
91217600 5.329070518200751e-15
91295232 5.329070518200751e-15
91372864 5.329070518200751e-15
91450496 5.329070518200751e-15
91528128 5.329070518200751e-15
91605760 5.329070518200751e-15
91683392 5.329070518200751e-15
91761024 5.329070518200751e-15
91838656 5.329070518200751e-15
91916288 5.329070518200751e-15
91993920 5.329070518200751e-15
92071552 5.329070518200751e-15
92149184 5.329070518200751e-15
92226816 5.329070518200751e-15
92304448 5.329070518200751e-15
92382080 5.329070518200751e-15
92459712 5.329070518200751e-15
92537344 5.329070518200751e-15
92614976 5.329070518200751e-15
92692608 5.329070518200751e-15
92770240 5.329070518200751e-15
92847872 5.329070518200751e-15
92925504 5.329070518200751e-15
93003136 5.329070518200751e-15
93080768 5.329070518200751e-15
93158400 5.329070518200751e-15
93236032 5.329070518200751e-15
93313664 5.329070518200751e-15
93391296 5.329070518200751e-15
93468928 5.329070518200751e-15
93546560 5.329070518200751e-15
93624192 5.329070518200751e-15
93701824 5.329070518200751e-15
93779456 7.105427357601002e-15
93857088 5.329070518200751e-15
93934720 5.329070518200751e-15
94012352 5.329070518200751e-15
94089984 5.329070518200751e-15
94167616 5.329070518200751e-15
94245248 5.329070518200751e-15
94322880 5.329070518200751e-15
94400512 5.329070518200751e-15
94478144 5.329070518200751e-15
94555776 5.329070518200751e-15
94633408 5.329070518200751e-15
94711040 5.329070518200751e-15
94788672 5.329070518200751e-15
94866304 5.329070518200751e-15
94943936 5.329070518200751e-15
95021568 5.329070518200751e-15
95099200 5.329070518200751e-15
95176832 5.329070518200751e-15
95254464 5.329070518200751e-15
95332096 5.329070518200751e-15
95409728 5.329070518200751e-15
95487360 5.329070518200751e-15
95564992 5.329070518200751e-15
95642624 5.329070518200751e-15
95720256 5.329070518200751e-15
95797888 5.329070518200751e-15
95875520 5.329070518200751e-15
95953152 5.329070518200751e-15
96030784 5.329070518200751e-15
96108416 5.329070518200751e-15
96186048 5.329070518200751e-15
96263680 5.329070518200751e-15
96341312 5.329070518200751e-15
96418944 5.329070518200751e-15
96496576 5.329070518200751e-15
96574208 5.329070518200751e-15
96651840 5.329070518200751e-15
96729472 5.329070518200751e-15
96807104 5.329070518200751e-15
96884736 5.329070518200751e-15
96962368 5.329070518200751e-15
97040000 5.329070518200751e-15
97117632 5.329070518200751e-15
97195264 5.329070518200751e-15
97272896 5.329070518200751e-15
97350528 5.329070518200751e-15
97428160 5.329070518200751e-15
97505792 5.329070518200751e-15
97583424 5.329070518200751e-15
97661056 5.329070518200751e-15
97738688 5.329070518200751e-15
97816320 5.329070518200751e-15
97893952 5.329070518200751e-15
97971584 5.329070518200751e-15
98049216 5.329070518200751e-15
98126848 5.329070518200751e-15
98204480 5.329070518200751e-15
98282112 5.329070518200751e-15
98359744 5.329070518200751e-15
98437376 5.329070518200751e-15
98515008 5.329070518200751e-15
98592640 5.329070518200751e-15
98670272 5.329070518200751e-15
98747904 5.329070518200751e-15
98825536 5.329070518200751e-15
98903168 5.329070518200751e-15
98980800 5.329070518200751e-15
99058432 5.329070518200751e-15
99136064 5.329070518200751e-15
99213696 5.329070518200751e-15
99291328 5.329070518200751e-15
99368960 5.329070518200751e-15
99446592 5.329070518200751e-15
99524224 5.329070518200751e-15
99601856 5.329070518200751e-15
99679488 5.329070518200751e-15
99757120 5.329070518200751e-15
99834752 5.329070518200751e-15
99912384 5.329070518200751e-15
99990016 5.329070518200751e-15
100067648 5.329070518200751e-15
100145280 5.329070518200751e-15
100222912 5.329070518200751e-15
100300544 5.329070518200751e-15
100378176 5.329070518200751e-15
100455808 5.329070518200751e-15
100533440 5.329070518200751e-15
100611072 5.329070518200751e-15
100688704 5.329070518200751e-15
100766336 5.329070518200751e-15
100843968 5.329070518200751e-15
100921600 5.329070518200751e-15
100999232 5.329070518200751e-15
101076864 5.329070518200751e-15
101154496 5.329070518200751e-15
101232128 5.329070518200751e-15
101309760 5.329070518200751e-15
101387392 5.329070518200751e-15
101465024 5.329070518200751e-15
101542656 5.329070518200751e-15
101620288 5.329070518200751e-15
101697920 5.329070518200751e-15
101775552 5.329070518200751e-15
101853184 5.329070518200751e-15
101930816 5.329070518200751e-15
102008448 5.329070518200751e-15
102086080 5.329070518200751e-15
102163712 5.329070518200751e-15
102241344 5.329070518200751e-15
102318976 5.329070518200751e-15
102396608 5.329070518200751e-15
102474240 5.329070518200751e-15
102551872 5.329070518200751e-15
102629504 5.329070518200751e-15
102707136 5.329070518200751e-15
102784768 5.329070518200751e-15
102862400 5.329070518200751e-15
102940032 5.329070518200751e-15
103017664 5.329070518200751e-15
103095296 5.329070518200751e-15
103172928 5.329070518200751e-15
103250560 5.329070518200751e-15
103328192 5.329070518200751e-15
103405824 5.329070518200751e-15
103483456 5.329070518200751e-15
103561088 5.329070518200751e-15
103638720 5.329070518200751e-15
103716352 5.329070518200751e-15
103793984 5.329070518200751e-15
103871616 5.329070518200751e-15
103949248 5.329070518200751e-15
104026880 5.329070518200751e-15
104104512 5.329070518200751e-15
104182144 5.329070518200751e-15
104259776 5.329070518200751e-15
104337408 5.329070518200751e-15
104415040 5.329070518200751e-15
104492672 5.329070518200751e-15
104570304 5.329070518200751e-15
104647936 5.329070518200751e-15
104725568 5.329070518200751e-15
104803200 5.329070518200751e-15
104880832 5.329070518200751e-15
104958464 5.329070518200751e-15
105036096 5.329070518200751e-15
105113728 5.329070518200751e-15
105191360 5.329070518200751e-15
105268992 5.329070518200751e-15
105346624 5.329070518200751e-15
105424256 5.329070518200751e-15
105501888 5.329070518200751e-15
105579520 5.329070518200751e-15
105657152 5.329070518200751e-15
105734784 5.329070518200751e-15
105812416 5.329070518200751e-15
105890048 5.329070518200751e-15
105967680 5.329070518200751e-15
106045312 5.329070518200751e-15
106122944 5.329070518200751e-15
106200576 5.329070518200751e-15
106278208 7.105427357601002e-15
106355840 5.329070518200751e-15
106433472 5.329070518200751e-15
106511104 5.329070518200751e-15
106588736 5.329070518200751e-15
106666368 5.329070518200751e-15
106744000 5.329070518200751e-15
106821632 5.329070518200751e-15
106899264 5.329070518200751e-15
106976896 5.329070518200751e-15
107054528 5.329070518200751e-15
107132160 5.329070518200751e-15
107209792 5.329070518200751e-15
107287424 5.329070518200751e-15
107365056 5.329070518200751e-15
107442688 5.329070518200751e-15
107520320 5.329070518200751e-15
107597952 5.329070518200751e-15
107675584 5.329070518200751e-15
107753216 5.329070518200751e-15
107830848 5.329070518200751e-15
107908480 5.329070518200751e-15
107986112 5.329070518200751e-15
108063744 5.329070518200751e-15
108141376 5.329070518200751e-15
108219008 5.329070518200751e-15
108296640 5.329070518200751e-15
108374272 5.329070518200751e-15
108451904 5.329070518200751e-15
108529536 5.329070518200751e-15
108607168 5.329070518200751e-15
108684800 5.329070518200751e-15
108762432 5.329070518200751e-15
108840064 5.329070518200751e-15
108917696 5.329070518200751e-15
108995328 5.329070518200751e-15
109072960 5.329070518200751e-15
109150592 5.329070518200751e-15
109228224 5.329070518200751e-15
109305856 5.329070518200751e-15
109383488 5.329070518200751e-15
109461120 5.329070518200751e-15
109538752 5.329070518200751e-15
109616384 5.329070518200751e-15
109694016 5.329070518200751e-15
109771648 5.329070518200751e-15
109849280 5.329070518200751e-15
109926912 5.329070518200751e-15
110004544 5.329070518200751e-15
110082176 5.329070518200751e-15
110159808 5.329070518200751e-15
110237440 5.329070518200751e-15
110315072 5.329070518200751e-15
110392704 5.329070518200751e-15
110470336 5.329070518200751e-15
110547968 5.329070518200751e-15
110625600 5.329070518200751e-15
110703232 5.329070518200751e-15
110780864 5.329070518200751e-15
110858496 5.329070518200751e-15
110936128 5.329070518200751e-15
111013760 5.329070518200751e-15
111091392 5.329070518200751e-15
111169024 5.329070518200751e-15
111246656 5.329070518200751e-15
111324288 5.329070518200751e-15
111401920 5.329070518200751e-15
111479552 5.329070518200751e-15
111557184 5.329070518200751e-15
111634816 5.329070518200751e-15
111712448 5.329070518200751e-15
111790080 5.329070518200751e-15
111867712 5.329070518200751e-15
111945344 5.329070518200751e-15
112022976 5.329070518200751e-15
112100608 5.329070518200751e-15
112178240 5.329070518200751e-15
112255872 5.329070518200751e-15
112333504 5.329070518200751e-15
112411136 5.329070518200751e-15
112488768 5.329070518200751e-15
112566400 5.329070518200751e-15
112644032 5.329070518200751e-15
112721664 5.329070518200751e-15
112799296 5.329070518200751e-15
112876928 5.329070518200751e-15
112954560 5.329070518200751e-15
113032192 5.329070518200751e-15
113109824 5.329070518200751e-15
113187456 5.329070518200751e-15
113265088 5.329070518200751e-15
113342720 5.329070518200751e-15
113420352 5.329070518200751e-15
113497984 5.329070518200751e-15
113575616 5.329070518200751e-15
113653248 5.329070518200751e-15
113730880 5.329070518200751e-15
113808512 5.329070518200751e-15
113886144 5.329070518200751e-15
113963776 5.329070518200751e-15
114041408 5.329070518200751e-15
114119040 5.329070518200751e-15
114196672 5.329070518200751e-15
114274304 5.329070518200751e-15
114351936 5.329070518200751e-15
114429568 5.329070518200751e-15
114507200 5.329070518200751e-15
114584832 5.329070518200751e-15
114662464 5.329070518200751e-15
114740096 5.329070518200751e-15
114817728 5.329070518200751e-15
114895360 5.329070518200751e-15
114972992 5.329070518200751e-15
115050624 5.329070518200751e-15
115128256 5.329070518200751e-15
115205888 5.329070518200751e-15
115283520 5.329070518200751e-15
115361152 5.329070518200751e-15
115438784 5.329070518200751e-15
115516416 5.329070518200751e-15
115594048 5.329070518200751e-15
115671680 5.329070518200751e-15
115749312 5.329070518200751e-15
115826944 5.329070518200751e-15
115904576 5.329070518200751e-15
115982208 5.329070518200751e-15
116059840 5.329070518200751e-15
116137472 5.329070518200751e-15
116215104 5.329070518200751e-15
116292736 5.329070518200751e-15
116370368 5.329070518200751e-15
116448000 5.329070518200751e-15
116525632 5.329070518200751e-15
116603264 5.329070518200751e-15
116680896 5.329070518200751e-15
116758528 5.329070518200751e-15
116836160 5.329070518200751e-15
116913792 5.329070518200751e-15
116991424 5.329070518200751e-15
117069056 5.329070518200751e-15
117146688 5.329070518200751e-15
117224320 5.329070518200751e-15
117301952 5.329070518200751e-15
117379584 5.329070518200751e-15
117457216 5.329070518200751e-15
117534848 5.329070518200751e-15
117612480 5.329070518200751e-15
117690112 5.329070518200751e-15
117767744 5.329070518200751e-15
117845376 5.329070518200751e-15
117923008 5.329070518200751e-15
118000640 5.329070518200751e-15
118078272 5.329070518200751e-15
118155904 5.329070518200751e-15
118233536 5.329070518200751e-15
118311168 5.329070518200751e-15
118388800 5.329070518200751e-15
118466432 5.329070518200751e-15
118544064 5.329070518200751e-15
118621696 5.329070518200751e-15
118699328 5.329070518200751e-15
118776960 5.329070518200751e-15
118854592 5.329070518200751e-15
118932224 5.329070518200751e-15
119009856 7.105427357601002e-15
119087488 5.329070518200751e-15
119165120 5.329070518200751e-15
119242752 5.329070518200751e-15
119320384 5.329070518200751e-15
119398016 5.329070518200751e-15
119475648 5.329070518200751e-15
119553280 5.329070518200751e-15
119630912 5.329070518200751e-15
119708544 5.329070518200751e-15
119786176 5.329070518200751e-15
119863808 5.329070518200751e-15
119941440 5.329070518200751e-15
120019072 5.329070518200751e-15
120096704 5.329070518200751e-15
120174336 5.329070518200751e-15
120251968 5.329070518200751e-15
120329600 5.329070518200751e-15
120407232 5.329070518200751e-15
120484864 5.329070518200751e-15
120562496 5.329070518200751e-15
120640128 5.329070518200751e-15
120717760 5.329070518200751e-15
120795392 5.329070518200751e-15
120873024 5.329070518200751e-15
120950656 5.329070518200751e-15
121028288 5.329070518200751e-15
121105920 5.329070518200751e-15
121183552 5.329070518200751e-15
121261184 5.329070518200751e-15
121338816 5.329070518200751e-15
121416448 5.329070518200751e-15
121494080 5.329070518200751e-15
121571712 5.329070518200751e-15
121649344 5.329070518200751e-15
121726976 5.329070518200751e-15
121804608 5.329070518200751e-15
121882240 5.329070518200751e-15
121959872 5.329070518200751e-15
122037504 5.329070518200751e-15
122115136 5.329070518200751e-15
122192768 5.329070518200751e-15
122270400 5.329070518200751e-15
122348032 5.329070518200751e-15
122425664 5.329070518200751e-15
122503296 5.329070518200751e-15
122580928 5.329070518200751e-15
122658560 5.329070518200751e-15
122736192 5.329070518200751e-15
122813824 5.329070518200751e-15
122891456 5.329070518200751e-15
122969088 5.329070518200751e-15
123046720 5.329070518200751e-15
123124352 5.329070518200751e-15
123201984 5.329070518200751e-15
123279616 5.329070518200751e-15
123357248 5.329070518200751e-15
123434880 5.329070518200751e-15
123512512 5.329070518200751e-15
123590144 5.329070518200751e-15
123667776 5.329070518200751e-15
123745408 5.329070518200751e-15
123823040 5.329070518200751e-15
123900672 5.329070518200751e-15
123978304 5.329070518200751e-15
124055936 5.329070518200751e-15
124133568 5.329070518200751e-15
124211200 5.329070518200751e-15
124288832 5.329070518200751e-15
124366464 5.329070518200751e-15
124444096 5.329070518200751e-15
124521728 5.329070518200751e-15
124599360 5.329070518200751e-15
124676992 5.329070518200751e-15
124754624 5.329070518200751e-15
124832256 5.329070518200751e-15
124909888 5.329070518200751e-15
124987520 5.329070518200751e-15
125065152 5.329070518200751e-15
125142784 5.329070518200751e-15
125220416 5.329070518200751e-15
125298048 5.329070518200751e-15
125375680 5.329070518200751e-15
125453312 5.329070518200751e-15
125530944 5.329070518200751e-15
125608576 5.329070518200751e-15
125686208 5.329070518200751e-15
125763840 5.329070518200751e-15
125841472 5.329070518200751e-15
125919104 5.329070518200751e-15
125996736 5.329070518200751e-15
126074368 5.329070518200751e-15
126152000 5.329070518200751e-15
126229632 5.329070518200751e-15
126307264 5.329070518200751e-15
126384896 5.329070518200751e-15
126462528 5.329070518200751e-15
126540160 5.329070518200751e-15
126617792 5.329070518200751e-15
126695424 5.329070518200751e-15
126773056 5.329070518200751e-15
126850688 5.329070518200751e-15
126928320 5.329070518200751e-15
127005952 5.329070518200751e-15
127083584 5.329070518200751e-15
127161216 5.329070518200751e-15
127238848 5.329070518200751e-15
127316480 5.329070518200751e-15
127394112 5.329070518200751e-15
127471744 5.329070518200751e-15
127549376 5.329070518200751e-15
127627008 5.329070518200751e-15
127704640 5.329070518200751e-15
127782272 5.329070518200751e-15
127859904 5.329070518200751e-15
127937536 5.329070518200751e-15
128015168 5.329070518200751e-15
128092800 5.329070518200751e-15
128170432 5.329070518200751e-15
128248064 5.329070518200751e-15
128325696 5.329070518200751e-15
128403328 5.329070518200751e-15
128480960 5.329070518200751e-15
128558592 5.329070518200751e-15
128636224 5.329070518200751e-15
128713856 5.329070518200751e-15
128791488 5.329070518200751e-15
128869120 5.329070518200751e-15
128946752 5.329070518200751e-15
129024384 5.329070518200751e-15
129102016 5.329070518200751e-15
129179648 5.329070518200751e-15
129257280 5.329070518200751e-15
129334912 5.329070518200751e-15
129412544 5.329070518200751e-15
129490176 5.329070518200751e-15
129567808 5.329070518200751e-15
129645440 5.329070518200751e-15
129723072 5.329070518200751e-15
129800704 5.329070518200751e-15
129878336 5.329070518200751e-15
129955968 5.329070518200751e-15
130033600 5.329070518200751e-15
130111232 5.329070518200751e-15
130188864 5.329070518200751e-15
130266496 5.329070518200751e-15
130344128 5.329070518200751e-15
130421760 5.329070518200751e-15
130499392 5.329070518200751e-15
130577024 5.329070518200751e-15
130654656 5.329070518200751e-15
130732288 5.329070518200751e-15
130809920 5.329070518200751e-15
130887552 5.329070518200751e-15
130965184 5.329070518200751e-15
131042816 5.329070518200751e-15
131120448 5.329070518200751e-15
131198080 5.329070518200751e-15
131275712 5.329070518200751e-15
131353344 5.329070518200751e-15
131430976 5.329070518200751e-15
131508608 5.329070518200751e-15
131586240 5.329070518200751e-15
131663872 5.329070518200751e-15
131741504 5.329070518200751e-15
131819136 5.329070518200751e-15
131896768 5.329070518200751e-15
131974400 5.329070518200751e-15
132052032 5.329070518200751e-15
132129664 5.329070518200751e-15
132207296 5.329070518200751e-15
132284928 5.329070518200751e-15
132362560 5.329070518200751e-15
132440192 5.329070518200751e-15
132517824 5.329070518200751e-15
132595456 5.329070518200751e-15
132673088 5.329070518200751e-15
132750720 5.329070518200751e-15
132828352 5.329070518200751e-15
132905984 5.329070518200751e-15
132983616 5.329070518200751e-15
133061248 7.105427357601002e-15
133138880 5.329070518200751e-15
133216512 5.329070518200751e-15
133294144 5.329070518200751e-15
133371776 5.329070518200751e-15
133449408 5.329070518200751e-15
133527040 5.329070518200751e-15
133604672 5.329070518200751e-15
133682304 5.329070518200751e-15
133759936 5.329070518200751e-15
133837568 5.329070518200751e-15
133915200 5.329070518200751e-15
133992832 5.329070518200751e-15
134070464 5.329070518200751e-15
134148096 5.329070518200751e-15
134225728 5.329070518200751e-15
134303360 5.329070518200751e-15
134380992 5.329070518200751e-15
134458624 5.329070518200751e-15
134536256 5.329070518200751e-15
134613888 5.329070518200751e-15
134691520 5.329070518200751e-15
134769152 5.329070518200751e-15
134846784 5.329070518200751e-15
134924416 5.329070518200751e-15
135002048 5.329070518200751e-15
135079680 5.329070518200751e-15
135157312 5.329070518200751e-15
135234944 5.329070518200751e-15
135312576 5.329070518200751e-15
135390208 5.329070518200751e-15
135467840 5.329070518200751e-15
135545472 5.329070518200751e-15
135623104 5.329070518200751e-15
135700736 5.329070518200751e-15
135778368 5.329070518200751e-15
135856000 5.329070518200751e-15
135933632 5.329070518200751e-15
136011264 5.329070518200751e-15
136088896 5.329070518200751e-15
136166528 5.329070518200751e-15
136244160 5.329070518200751e-15
136321792 5.329070518200751e-15
136399424 5.329070518200751e-15
136477056 5.329070518200751e-15
136554688 5.329070518200751e-15
136632320 5.329070518200751e-15
136709952 5.329070518200751e-15
136787584 5.329070518200751e-15
136865216 5.329070518200751e-15
136942848 5.329070518200751e-15
137020480 5.329070518200751e-15
137098112 5.329070518200751e-15
137175744 5.329070518200751e-15
137253376 5.329070518200751e-15
137331008 5.329070518200751e-15
137408640 5.329070518200751e-15
137486272 5.329070518200751e-15
137563904 5.329070518200751e-15
137641536 5.329070518200751e-15
137719168 5.329070518200751e-15
137796800 5.329070518200751e-15
137874432 5.329070518200751e-15
137952064 5.329070518200751e-15
138029696 5.329070518200751e-15
138107328 5.329070518200751e-15
138184960 5.329070518200751e-15
138262592 5.329070518200751e-15
138340224 5.329070518200751e-15
138417856 5.329070518200751e-15
138495488 5.329070518200751e-15
138573120 5.329070518200751e-15
138650752 5.329070518200751e-15
138728384 5.329070518200751e-15
138806016 5.329070518200751e-15
138883648 5.329070518200751e-15
138961280 5.329070518200751e-15
139038912 5.329070518200751e-15
139116544 5.329070518200751e-15
139194176 5.329070518200751e-15
139271808 5.329070518200751e-15
139349440 5.329070518200751e-15
139427072 5.329070518200751e-15
139504704 5.329070518200751e-15
139582336 5.329070518200751e-15
139659968 5.329070518200751e-15
139737600 5.329070518200751e-15
139815232 5.329070518200751e-15
139892864 5.329070518200751e-15
139970496 5.329070518200751e-15
140048128 5.329070518200751e-15
140125760 5.329070518200751e-15
140203392 5.329070518200751e-15
140281024 5.329070518200751e-15
140358656 5.329070518200751e-15
140436288 5.329070518200751e-15
140513920 5.329070518200751e-15
140591552 5.329070518200751e-15
140669184 5.329070518200751e-15
140746816 5.329070518200751e-15
140824448 5.329070518200751e-15
140902080 5.329070518200751e-15
140979712 5.329070518200751e-15
141057344 5.329070518200751e-15
141134976 5.329070518200751e-15
141212608 5.329070518200751e-15
141290240 5.329070518200751e-15
141367872 5.329070518200751e-15
141445504 5.329070518200751e-15
141523136 5.329070518200751e-15
141600768 5.329070518200751e-15
141678400 5.329070518200751e-15
141756032 5.329070518200751e-15
141833664 5.329070518200751e-15
141911296 5.329070518200751e-15
141988928 5.329070518200751e-15
142066560 5.329070518200751e-15
142144192 5.329070518200751e-15
142221824 5.329070518200751e-15
142299456 5.329070518200751e-15
142377088 5.329070518200751e-15
142454720 5.329070518200751e-15
142532352 5.329070518200751e-15
142609984 5.329070518200751e-15
142687616 5.329070518200751e-15
142765248 5.329070518200751e-15
142842880 5.329070518200751e-15
142920512 5.329070518200751e-15
142998144 5.329070518200751e-15
143075776 5.329070518200751e-15
143153408 5.329070518200751e-15
143231040 5.329070518200751e-15
143308672 5.329070518200751e-15
143386304 5.329070518200751e-15
143463936 5.329070518200751e-15
143541568 5.329070518200751e-15
143619200 5.329070518200751e-15
143696832 5.329070518200751e-15
143774464 5.329070518200751e-15
143852096 5.329070518200751e-15
143929728 5.329070518200751e-15
144007360 5.329070518200751e-15
144084992 5.329070518200751e-15
144162624 5.329070518200751e-15
144240256 5.329070518200751e-15
144317888 5.329070518200751e-15
144395520 5.329070518200751e-15
144473152 5.329070518200751e-15
144550784 5.329070518200751e-15
144628416 5.329070518200751e-15
144706048 5.329070518200751e-15
144783680 5.329070518200751e-15
144861312 5.329070518200751e-15
144938944 5.329070518200751e-15
145016576 5.329070518200751e-15
145094208 5.329070518200751e-15
145171840 5.329070518200751e-15
145249472 5.329070518200751e-15
145327104 5.329070518200751e-15
145404736 5.329070518200751e-15
145482368 5.329070518200751e-15
145560000 5.329070518200751e-15
145637632 5.329070518200751e-15
145715264 5.329070518200751e-15
145792896 5.329070518200751e-15
145870528 5.329070518200751e-15
145948160 5.329070518200751e-15
146025792 5.329070518200751e-15
146103424 5.329070518200751e-15
146181056 5.329070518200751e-15
146258688 5.329070518200751e-15
146336320 5.329070518200751e-15
146413952 5.329070518200751e-15
146491584 5.329070518200751e-15
146569216 5.329070518200751e-15
146646848 5.329070518200751e-15
146724480 5.329070518200751e-15
146802112 5.329070518200751e-15
146879744 5.329070518200751e-15
146957376 5.329070518200751e-15
147035008 5.329070518200751e-15
147112640 5.329070518200751e-15
147190272 5.329070518200751e-15
147267904 5.329070518200751e-15
147345536 5.329070518200751e-15
147423168 5.329070518200751e-15
147500800 5.329070518200751e-15
147578432 5.329070518200751e-15
147656064 5.329070518200751e-15
147733696 5.329070518200751e-15
147811328 5.329070518200751e-15
147888960 5.329070518200751e-15
147966592 5.329070518200751e-15
148044224 5.329070518200751e-15
148121856 5.329070518200751e-15
148199488 5.329070518200751e-15
148277120 5.329070518200751e-15
148354752 5.329070518200751e-15
148432384 5.329070518200751e-15
148510016 5.329070518200751e-15
148587648 5.329070518200751e-15
148665280 5.329070518200751e-15
148742912 5.329070518200751e-15
148820544 5.329070518200751e-15
148898176 5.329070518200751e-15
148975808 5.329070518200751e-15
149053440 5.329070518200751e-15
149131072 5.329070518200751e-15
149208704 5.329070518200751e-15
149286336 5.329070518200751e-15
149363968 5.329070518200751e-15
149441600 5.329070518200751e-15
149519232 5.329070518200751e-15
149596864 5.329070518200751e-15
149674496 5.329070518200751e-15
149752128 5.329070518200751e-15
149829760 5.329070518200751e-15
149907392 5.329070518200751e-15
149985024 5.329070518200751e-15
150062656 5.329070518200751e-15
150140288 5.329070518200751e-15
150217920 5.329070518200751e-15
150295552 5.329070518200751e-15
150373184 5.329070518200751e-15
150450816 5.329070518200751e-15
150528448 5.329070518200751e-15
150606080 5.329070518200751e-15
150683712 5.329070518200751e-15
150761344 5.329070518200751e-15
150838976 5.329070518200751e-15
150916608 5.329070518200751e-15
150994240 5.329070518200751e-15
151071872 5.329070518200751e-15
151149504 5.329070518200751e-15
151227136 5.329070518200751e-15
151304768 5.329070518200751e-15
151382400 5.329070518200751e-15
151460032 5.329070518200751e-15
151537664 5.329070518200751e-15
151615296 5.329070518200751e-15
151692928 5.329070518200751e-15
151770560 5.329070518200751e-15
151848192 5.329070518200751e-15
151925824 5.329070518200751e-15
152003456 5.329070518200751e-15
152081088 5.329070518200751e-15
152158720 5.329070518200751e-15
152236352 5.329070518200751e-15
152313984 5.329070518200751e-15
152391616 5.329070518200751e-15
152469248 5.329070518200751e-15
152546880 5.329070518200751e-15
152624512 5.329070518200751e-15
152702144 5.329070518200751e-15
152779776 5.329070518200751e-15
152857408 5.329070518200751e-15
152935040 5.329070518200751e-15
153012672 5.329070518200751e-15
153090304 5.329070518200751e-15
153167936 5.329070518200751e-15
153245568 5.329070518200751e-15
153323200 5.329070518200751e-15
153400832 5.329070518200751e-15
153478464 5.329070518200751e-15
153556096 5.329070518200751e-15
153633728 5.329070518200751e-15
153711360 5.329070518200751e-15
153788992 5.329070518200751e-15
153866624 5.329070518200751e-15
153944256 5.329070518200751e-15
154021888 5.329070518200751e-15
154099520 5.329070518200751e-15
154177152 5.329070518200751e-15
154254784 5.329070518200751e-15
154332416 5.329070518200751e-15
154410048 5.329070518200751e-15
154487680 5.329070518200751e-15
154565312 5.329070518200751e-15
154642944 5.329070518200751e-15
154720576 5.329070518200751e-15
154798208 5.329070518200751e-15
154875840 5.329070518200751e-15
154953472 5.329070518200751e-15
155031104 5.329070518200751e-15
155108736 5.329070518200751e-15
155186368 5.329070518200751e-15
155264000 5.329070518200751e-15
155341632 5.329070518200751e-15
155419264 5.329070518200751e-15
155496896 5.329070518200751e-15
155574528 5.329070518200751e-15
155652160 5.329070518200751e-15
155729792 5.329070518200751e-15
155807424 5.329070518200751e-15
155885056 5.329070518200751e-15
155962688 5.329070518200751e-15
156040320 5.329070518200751e-15
156117952 5.329070518200751e-15
156195584 5.329070518200751e-15
156273216 5.329070518200751e-15
156350848 5.329070518200751e-15
156428480 5.329070518200751e-15
156506112 5.329070518200751e-15
156583744 5.329070518200751e-15
156661376 5.329070518200751e-15
156739008 5.329070518200751e-15
156816640 5.329070518200751e-15
156894272 5.329070518200751e-15
156971904 5.329070518200751e-15
157049536 5.329070518200751e-15
157127168 5.329070518200751e-15
157204800 5.329070518200751e-15
157282432 5.329070518200751e-15
157360064 5.329070518200751e-15
157437696 5.329070518200751e-15
157515328 5.329070518200751e-15
157592960 5.329070518200751e-15
157670592 5.329070518200751e-15
157748224 5.329070518200751e-15
157825856 5.329070518200751e-15
157903488 5.329070518200751e-15
157981120 5.329070518200751e-15
158058752 5.329070518200751e-15
158136384 5.329070518200751e-15
158214016 5.329070518200751e-15
158291648 5.329070518200751e-15
158369280 5.329070518200751e-15
158446912 5.329070518200751e-15
158524544 5.329070518200751e-15
158602176 5.329070518200751e-15
158679808 5.329070518200751e-15
158757440 5.329070518200751e-15
158835072 5.329070518200751e-15
158912704 5.329070518200751e-15
158990336 5.329070518200751e-15
159067968 5.329070518200751e-15
159145600 5.329070518200751e-15
159223232 5.329070518200751e-15
159300864 5.329070518200751e-15
159378496 5.329070518200751e-15
159456128 5.329070518200751e-15
159533760 5.329070518200751e-15
159611392 5.329070518200751e-15
159689024 5.329070518200751e-15
159766656 5.329070518200751e-15
159844288 5.329070518200751e-15
159921920 5.329070518200751e-15
159999552 5.329070518200751e-15
160077184 5.329070518200751e-15
160154816 5.329070518200751e-15
160232448 5.329070518200751e-15
160310080 5.329070518200751e-15
160387712 5.329070518200751e-15
160465344 5.329070518200751e-15
160542976 5.329070518200751e-15
160620608 5.329070518200751e-15
160698240 5.329070518200751e-15
160775872 5.329070518200751e-15
160853504 5.329070518200751e-15
160931136 5.329070518200751e-15
161008768 5.329070518200751e-15
161086400 5.329070518200751e-15
161164032 5.329070518200751e-15
161241664 5.329070518200751e-15
161319296 5.329070518200751e-15
161396928 5.329070518200751e-15
161474560 5.329070518200751e-15
161552192 5.329070518200751e-15
161629824 5.329070518200751e-15
161707456 5.329070518200751e-15
161785088 5.329070518200751e-15
161862720 5.329070518200751e-15
161940352 5.329070518200751e-15
162017984 5.329070518200751e-15
162095616 5.329070518200751e-15
162173248 5.329070518200751e-15
162250880 5.329070518200751e-15
162328512 5.329070518200751e-15
162406144 5.329070518200751e-15
162483776 5.329070518200751e-15
162561408 5.329070518200751e-15
162639040 5.329070518200751e-15
162716672 5.329070518200751e-15
162794304 5.329070518200751e-15
162871936 5.329070518200751e-15
162949568 5.329070518200751e-15
163027200 5.329070518200751e-15
