0 12.870599940370687
75340 1.674523988495606
150680 0.27801592945675857
226020 0.05252597096129641
301360 0.014548750052565396
376700 0.004950210686244461
452040 0.001795044950057445
527380 0.000666793875822691
602720 0.00025104647825635595
678060 9.728822490018274e-05
753400 3.8658365511423654e-05
828740 1.537190717915138e-05
904080 6.113525951700893e-06
979420 2.432269358365602e-06
1054760 9.678381500677347e-07
1130100 3.8519868184039296e-07
1205440 1.5332799563338995e-07
1280780 6.104002192586222e-08
1356120 2.4302290846378583e-08
1431460 9.67644986360483e-09
1506800 3.853119601160415e-09
1582140 1.5343788462018892e-09
1657480 6.110423278471444e-10
1732820 2.4334712023232896e-10
1808160 9.691580871162842e-11
1883500 3.859801367411819e-11
1958840 1.5373480266589468e-11
2034180 6.1239902038323635e-12
2109520 2.438493851286694e-12
2184860 9.707790127322369e-13
2260200 3.8680170177940454e-13
2335540 1.5276668818842154e-13
2410880 6.039613253960852e-14
2486220 2.4868995751603507e-14
2561560 1.4210854715202004e-14
2636900 1.0658141036401503e-14
2712240 7.105427357601002e-15
2787580 8.881784197001252e-15
2862920 7.105427357601002e-15
2938260 7.105427357601002e-15
3013600 5.329070518200751e-15
3088940 7.105427357601002e-15
3164280 5.329070518200751e-15
3239620 5.329070518200751e-15
3314960 7.105427357601002e-15
3390300 7.105427357601002e-15
3465640 5.329070518200751e-15
3540980 5.329070518200751e-15
3616320 3.552713678800501e-15
3691660 7.105427357601002e-15
3767000 5.329070518200751e-15
3842340 7.105427357601002e-15
3917680 7.105427357601002e-15
3993020 5.329070518200751e-15
4068360 5.329070518200751e-15
4143700 7.105427357601002e-15
4219040 8.881784197001252e-15
4294380 7.105427357601002e-15
4369720 7.105427357601002e-15
4445060 7.105427357601002e-15
4520400 7.105427357601002e-15
4595740 7.105427357601002e-15
4671080 3.552713678800501e-15
4746420 7.105427357601002e-15
4821760 5.329070518200751e-15
4897100 5.329070518200751e-15
4972440 8.881784197001252e-15
5047780 7.105427357601002e-15
5123120 7.105427357601002e-15
5198460 8.881784197001252e-15
5273800 7.105427357601002e-15
5349140 7.105427357601002e-15
5424480 3.9968028886505635e-15
5499820 7.105427357601002e-15
5575160 7.105427357601002e-15
5650500 7.105427357601002e-15
5725840 7.105427357601002e-15
5801180 7.105427357601002e-15
5876520 5.329070518200751e-15
5951860 5.329070518200751e-15
6027200 7.105427357601002e-15
6102540 5.329070518200751e-15
6177880 7.105427357601002e-15
6253220 7.105427357601002e-15
6328560 5.329070518200751e-15
6403900 7.105427357601002e-15
6479240 8.881784197001252e-15
6554580 7.105427357601002e-15
6629920 5.329070518200751e-15
6705260 7.105427357601002e-15
6780600 7.105427357601002e-15
6855940 5.329070518200751e-15
6931280 7.105427357601002e-15
7006620 7.105427357601002e-15
7081960 5.329070518200751e-15
7157300 7.105427357601002e-15
7232640 7.105427357601002e-15
7307980 5.329070518200751e-15
7383320 5.329070518200751e-15
7458660 5.329070518200751e-15
7534000 3.552713678800501e-15
7609340 7.105427357601002e-15
7684680 5.329070518200751e-15
7760020 4.440892098500626e-15
7835360 5.329070518200751e-15
7910700 7.105427357601002e-15
7986040 7.105427357601002e-15
8061380 8.881784197001252e-15
8136720 5.329070518200751e-15
8212060 5.329070518200751e-15
8287400 3.552713678800501e-15
8362740 8.881784197001252e-15
8438080 5.329070518200751e-15
8513420 5.329070518200751e-15
8588760 7.105427357601002e-15
8664100 3.552713678800501e-15
8739440 3.552713678800501e-15
8814780 3.552713678800501e-15
8890120 7.105427357601002e-15
8965460 7.105427357601002e-15
9040800 5.329070518200751e-15
9116140 5.329070518200751e-15
9191480 5.329070518200751e-15
9266820 5.329070518200751e-15
9342160 7.105427357601002e-15
9417500 7.105427357601002e-15
9492840 5.329070518200751e-15
9568180 7.105427357601002e-15
9643520 7.105427357601002e-15
9718860 7.105427357601002e-15
9794200 7.105427357601002e-15
9869540 7.105427357601002e-15
9944880 7.105427357601002e-15
10020220 5.329070518200751e-15
10095560 5.329070518200751e-15
10170900 7.105427357601002e-15
10246240 8.881784197001252e-15
10321580 7.105427357601002e-15
10396920 7.105427357601002e-15
10472260 5.329070518200751e-15
10547600 7.105427357601002e-15
10622940 5.329070518200751e-15
10698280 7.105427357601002e-15
10773620 7.105427357601002e-15
10848960 7.105427357601002e-15
10924300 5.329070518200751e-15
10999640 5.329070518200751e-15
11074980 8.881784197001252e-15
11150320 5.329070518200751e-15
11225660 7.105427357601002e-15
11301000 7.105427357601002e-15
11376340 7.105427357601002e-15
11451680 5.329070518200751e-15
11527020 7.105427357601002e-15
11602360 7.105427357601002e-15
11677700 7.105427357601002e-15
11753040 7.105427357601002e-15
11828380 7.105427357601002e-15
11903720 5.329070518200751e-15
11979060 7.105427357601002e-15
12054400 7.105427357601002e-15
12129740 5.329070518200751e-15
12205080 5.329070518200751e-15
12280420 4.440892098500626e-15
12355760 7.105427357601002e-15
12431100 7.105427357601002e-15
12506440 7.105427357601002e-15
12581780 7.105427357601002e-15
12657120 7.105427357601002e-15
12732460 5.329070518200751e-15
12807800 7.105427357601002e-15
12883140 7.105427357601002e-15
12958480 5.329070518200751e-15
13033820 8.881784197001252e-15
13109160 7.105427357601002e-15
13184500 4.440892098500626e-15
13259840 5.329070518200751e-15
13335180 7.105427357601002e-15
13410520 7.105427357601002e-15
13485860 5.329070518200751e-15
13561200 5.329070518200751e-15
13636540 5.329070518200751e-15
13711880 5.329070518200751e-15
13787220 5.329070518200751e-15
13862560 7.105427357601002e-15
13937900 5.329070518200751e-15
14013240 7.105427357601002e-15
14088580 7.105427357601002e-15
14163920 7.105427357601002e-15
14239260 5.329070518200751e-15
14314600 7.105427357601002e-15
14389940 7.105427357601002e-15
14465280 5.329070518200751e-15
14540620 7.105427357601002e-15
14615960 7.105427357601002e-15
14691300 3.552713678800501e-15
14766640 5.329070518200751e-15
14841980 7.105427357601002e-15
14917320 5.329070518200751e-15
14992660 7.105427357601002e-15
15068000 7.105427357601002e-15
15143340 8.881784197001252e-15
15218680 5.329070518200751e-15
15294020 7.105427357601002e-15
15369360 5.329070518200751e-15
15444700 3.552713678800501e-15
15520040 7.105427357601002e-15
15595380 7.105427357601002e-15
15670720 5.329070518200751e-15
15746060 5.329070518200751e-15
15821400 7.105427357601002e-15
15896740 7.105427357601002e-15
15972080 7.105427357601002e-15
16047420 7.105427357601002e-15
16122760 5.329070518200751e-15
16198100 5.329070518200751e-15
16273440 7.105427357601002e-15
16348780 3.552713678800501e-15
