0 12.750255683027092
374156 2.3982708080304462
748312 0.7010084087122692
1122468 0.23425876166018966
1496624 0.08921357381816719
1870780 0.040550155865826554
2244936 0.021022389831976795
2619092 0.012066859398530028
2993248 0.007179528381490385
3367404 0.004315292880686883
3741560 0.002610162927767945
4115716 0.0015857842129385347
4489872 0.0009670227096414408
4864028 0.0005916299269337344
5238184 0.0003627986658099047
5612340 0.0002229577635937119
5986496 0.0001372949632774123
6360652 8.470251643188931e-05
6734808 5.234594740244347e-05
7108964 3.240058315157057e-05
7483120 2.0083818967009393e-05
7857276 1.2465437716713268e-05
8231432 7.746116647666668e-06
8605588 4.8186669978633745e-06
8979744 3.000481104464825e-06
9353900 1.8699683508316411e-06
9728056 1.1663226864300213e-06
10102212 7.279630462875275e-07
10476368 4.546469227761918e-07
10850524 2.841087471949777e-07
11224680 1.7762916471042445e-07
11598836 1.1110654796198105e-07
11972992 6.952475928301283e-08
12347148 4.352058624590427e-08
12721304 2.7251370937619868e-08
13095460 1.7068874313963533e-08
13469616 1.0693764096458835e-08
13843772 6.701208477011278e-09
14217928 4.200135350629353e-09
14592084 2.634818585534049e-09
14966240 1.6529959623312607e-09
15340396 1.0371064007586028e-09
15714552 6.50729248263815e-10
16088708 4.0832048853189917e-10
16462864 2.5622526322877093e-10
16837020 1.6079226838883187e-10
17211176 1.0090595026213123e-10
17585332 6.332712132461893e-11
17959488 3.9744207924741204e-11
18333644 2.4943602738858317e-11
18707800 1.5656809182473808e-11
19081956 9.826806035562186e-12
19456112 6.16751094639767e-12
19830268 3.870681553053146e-12
20204424 2.4300561562995426e-12
20578580 1.5241141682054149e-12
20952736 9.592326932761353e-13
21326892 6.057376822354854e-13
21701048 3.7836400679225335e-13
22075204 2.3803181647963356e-13
22449360 1.545430450278218e-13
22823516 9.592326932761353e-14
23197672 6.750155989720952e-14
23571828 4.263256414560601e-14
23945984 2.6645352591003757e-14
24320140 2.3092638912203256e-14
24694296 1.7763568394002505e-14
25068452 1.4210854715202004e-14
25442608 1.0658141036401503e-14
25816764 1.0658141036401503e-14
26190920 8.881784197001252e-15
26565076 7.105427357601002e-15
26939232 8.881784197001252e-15
27313388 7.105427357601002e-15
27687544 1.0658141036401503e-14
28061700 7.105427357601002e-15
28435856 7.105427357601002e-15
28810012 7.105427357601002e-15
29184168 8.881784197001252e-15
29558324 7.105427357601002e-15
29932480 7.105427357601002e-15
30306636 7.105427357601002e-15
30680792 7.105427357601002e-15
31054948 7.105427357601002e-15
31429104 7.105427357601002e-15
31803260 7.105427357601002e-15
32177416 8.881784197001252e-15
32551572 7.105427357601002e-15
32925728 7.105427357601002e-15
33299884 8.881784197001252e-15
33674040 7.105427357601002e-15
34048196 8.881784197001252e-15
34422352 8.881784197001252e-15
34796508 7.105427357601002e-15
35170664 8.881784197001252e-15
35544820 8.881784197001252e-15
35918976 7.105427357601002e-15
36293132 7.105427357601002e-15
36667288 8.881784197001252e-15
37041444 7.105427357601002e-15
37415600 7.105427357601002e-15
37789756 7.105427357601002e-15
38163912 7.105427357601002e-15
38538068 8.881784197001252e-15
38912224 8.881784197001252e-15
39286380 7.105427357601002e-15
39660536 7.105427357601002e-15
40034692 8.881784197001252e-15
40408848 8.881784197001252e-15
40783004 7.105427357601002e-15
41157160 7.105427357601002e-15
41531316 9.769962616701378e-15
41905472 8.881784197001252e-15
42279628 7.105427357601002e-15
42653784 8.881784197001252e-15
43027940 8.881784197001252e-15
43402096 7.105427357601002e-15
43776252 7.105427357601002e-15
44150408 7.105427357601002e-15
44524564 7.105427357601002e-15
44898720 7.105427357601002e-15
45272876 7.105427357601002e-15
45647032 7.105427357601002e-15
46021188 1.0658141036401503e-14
46395344 7.105427357601002e-15
46769500 7.105427357601002e-15
47143656 7.105427357601002e-15
47517812 7.105427357601002e-15
47891968 7.105427357601002e-15
48266124 7.105427357601002e-15
48640280 7.105427357601002e-15
49014436 8.881784197001252e-15
49388592 7.105427357601002e-15
49762748 7.105427357601002e-15
50136904 7.105427357601002e-15
50511060 8.881784197001252e-15
50885216 7.105427357601002e-15
51259372 8.881784197001252e-15
51633528 7.105427357601002e-15
52007684 7.105427357601002e-15
52381840 7.105427357601002e-15
52755996 7.105427357601002e-15
53130152 8.881784197001252e-15
53504308 7.105427357601002e-15
53878464 5.329070518200751e-15
54252620 7.105427357601002e-15
54626776 8.881784197001252e-15
55000932 8.881784197001252e-15
55375088 1.0658141036401503e-14
55749244 8.881784197001252e-15
56123400 8.881784197001252e-15
56497556 7.105427357601002e-15
56871712 7.105427357601002e-15
57245868 7.105427357601002e-15
57620024 7.105427357601002e-15
57994180 8.881784197001252e-15
58368336 8.881784197001252e-15
58742492 8.881784197001252e-15
59116648 7.105427357601002e-15
59490804 7.105427357601002e-15
59864960 7.105427357601002e-15
60239116 7.105427357601002e-15
60613272 7.105427357601002e-15
60987428 7.105427357601002e-15
61361584 8.881784197001252e-15
61735740 7.105427357601002e-15
62109896 8.881784197001252e-15
62484052 7.105427357601002e-15
62858208 7.105427357601002e-15
63232364 7.105427357601002e-15
63606520 7.105427357601002e-15
63980676 8.881784197001252e-15
64354832 8.881784197001252e-15
64728988 7.105427357601002e-15
65103144 8.881784197001252e-15
65477300 7.105427357601002e-15
65851456 7.105427357601002e-15
66225612 7.105427357601002e-15
66599768 8.881784197001252e-15
66973924 8.881784197001252e-15
67348080 7.105427357601002e-15
67722236 7.105427357601002e-15
68096392 7.993605777301127e-15
68470548 7.105427357601002e-15
68844704 8.881784197001252e-15
69218860 7.105427357601002e-15
69593016 7.105427357601002e-15
69967172 8.881784197001252e-15
70341328 7.105427357601002e-15
70715484 8.881784197001252e-15
71089640 8.881784197001252e-15
71463796 7.105427357601002e-15
71837952 7.105427357601002e-15
72212108 7.105427357601002e-15
72586264 8.881784197001252e-15
72960420 7.105427357601002e-15
73334576 8.881784197001252e-15
73708732 7.105427357601002e-15
74082888 7.105427357601002e-15
74457044 7.105427357601002e-15
74831200 8.881784197001252e-15
75205356 8.881784197001252e-15
75579512 1.0658141036401503e-14
75953668 7.105427357601002e-15
76327824 7.105427357601002e-15
76701980 8.881784197001252e-15
77076136 1.0658141036401503e-14
77450292 7.105427357601002e-15
77824448 7.105427357601002e-15
78198604 7.105427357601002e-15
78572760 8.881784197001252e-15
78946916 8.881784197001252e-15
79321072 7.105427357601002e-15
79695228 8.881784197001252e-15
80069384 7.105427357601002e-15
80443540 7.105427357601002e-15
80817696 7.105427357601002e-15
81191852 7.105427357601002e-15
81566008 7.105427357601002e-15
81940164 7.105427357601002e-15
82314320 8.881784197001252e-15
82688476 8.881784197001252e-15
83062632 8.881784197001252e-15
83436788 7.105427357601002e-15
83810944 8.881784197001252e-15
84185100 7.105427357601002e-15
84559256 5.329070518200751e-15
84933412 7.105427357601002e-15
85307568 7.105427357601002e-15
85681724 7.105427357601002e-15
86055880 7.105427357601002e-15
86430036 7.105427357601002e-15
86804192 6.217248937900877e-15
87178348 7.105427357601002e-15
87552504 1.0658141036401503e-14
87926660 8.881784197001252e-15
88300816 8.881784197001252e-15
88674972 1.0658141036401503e-14
89049128 7.105427357601002e-15
89423284 1.0658141036401503e-14
89797440 8.881784197001252e-15
90171596 8.881784197001252e-15
90545752 8.881784197001252e-15
90919908 7.105427357601002e-15
91294064 8.881784197001252e-15
91668220 7.105427357601002e-15
92042376 7.105427357601002e-15
92416532 7.105427357601002e-15
92790688 8.881784197001252e-15
93164844 7.105427357601002e-15
93539000 7.105427357601002e-15
93913156 7.105427357601002e-15
94287312 7.105427357601002e-15
94661468 8.881784197001252e-15
95035624 7.105427357601002e-15
95409780 7.105427357601002e-15
95783936 5.329070518200751e-15
96158092 7.105427357601002e-15
96532248 8.881784197001252e-15
96906404 7.105427357601002e-15
97280560 7.105427357601002e-15
97654716 7.105427357601002e-15
98028872 7.105427357601002e-15
98403028 8.881784197001252e-15
98777184 1.0658141036401503e-14
99151340 8.881784197001252e-15
99525496 7.105427357601002e-15
99899652 7.105427357601002e-15
100273808 7.105427357601002e-15
100647964 8.881784197001252e-15
101022120 8.881784197001252e-15
101396276 8.881784197001252e-15
101770432 7.105427357601002e-15
102144588 8.881784197001252e-15
102518744 7.105427357601002e-15
102892900 7.105427357601002e-15
103267056 8.881784197001252e-15
103641212 6.217248937900877e-15
104015368 8.881784197001252e-15
104389524 7.105427357601002e-15
104763680 7.105427357601002e-15
105137836 7.105427357601002e-15
105511992 7.105427357601002e-15
105886148 7.105427357601002e-15
106260304 7.105427357601002e-15
106634460 7.105427357601002e-15
107008616 8.881784197001252e-15
107382772 5.329070518200751e-15
107756928 7.105427357601002e-15
108131084 7.105427357601002e-15
108505240 7.105427357601002e-15
108879396 7.105427357601002e-15
109253552 5.329070518200751e-15
109627708 7.105427357601002e-15
110001864 8.881784197001252e-15
110376020 8.881784197001252e-15
110750176 7.105427357601002e-15
111124332 8.881784197001252e-15
111498488 7.105427357601002e-15
111872644 7.105427357601002e-15
112246800 8.881784197001252e-15
112620956 7.105427357601002e-15
112995112 7.105427357601002e-15
113369268 7.105427357601002e-15
113743424 8.881784197001252e-15
114117580 1.0658141036401503e-14
114491736 7.105427357601002e-15
114865892 7.105427357601002e-15
115240048 5.329070518200751e-15
115614204 7.105427357601002e-15
115988360 8.881784197001252e-15
116362516 8.881784197001252e-15
116736672 7.105427357601002e-15
117110828 7.105427357601002e-15
117484984 8.881784197001252e-15
117859140 7.105427357601002e-15
118233296 7.105427357601002e-15
118607452 7.105427357601002e-15
118981608 7.105427357601002e-15
119355764 8.881784197001252e-15
119729920 7.105427357601002e-15
120104076 8.881784197001252e-15
120478232 8.881784197001252e-15
120852388 7.105427357601002e-15
121226544 8.881784197001252e-15
121600700 8.881784197001252e-15
121974856 8.881784197001252e-15
122349012 8.881784197001252e-15
122723168 7.105427357601002e-15
123097324 8.881784197001252e-15
123471480 7.105427357601002e-15
123845636 7.105427357601002e-15
124219792 8.881784197001252e-15
124593948 7.105427357601002e-15
124968104 7.105427357601002e-15
125342260 7.105427357601002e-15
125716416 8.881784197001252e-15
126090572 5.329070518200751e-15
126464728 7.105427357601002e-15
126838884 8.881784197001252e-15
127213040 7.105427357601002e-15
127587196 7.105427357601002e-15
127961352 7.105427357601002e-15
128335508 7.105427357601002e-15
128709664 7.105427357601002e-15
129083820 7.105427357601002e-15
129457976 8.881784197001252e-15
129832132 8.881784197001252e-15
130206288 8.881784197001252e-15
130580444 7.105427357601002e-15
130954600 8.881784197001252e-15
131328756 8.881784197001252e-15
131702912 7.105427357601002e-15
132077068 1.0658141036401503e-14
132451224 7.105427357601002e-15
132825380 8.881784197001252e-15
133199536 8.881784197001252e-15
133573692 7.105427357601002e-15
133947848 7.105427357601002e-15
134322004 8.881784197001252e-15
134696160 7.105427357601002e-15
135070316 8.881784197001252e-15
135444472 7.105427357601002e-15
135818628 7.105427357601002e-15
136192784 8.881784197001252e-15
136566940 8.881784197001252e-15
136941096 8.881784197001252e-15
137315252 7.105427357601002e-15
137689408 8.881784197001252e-15
138063564 8.881784197001252e-15
138437720 8.881784197001252e-15
138811876 8.881784197001252e-15
139186032 8.881784197001252e-15
139560188 5.329070518200751e-15
139934344 7.105427357601002e-15
140308500 7.105427357601002e-15
140682656 7.105427357601002e-15
141056812 7.105427357601002e-15
141430968 8.881784197001252e-15
141805124 7.105427357601002e-15
142179280 7.105427357601002e-15
142553436 8.881784197001252e-15
142927592 7.105427357601002e-15
143301748 8.881784197001252e-15
143675904 7.105427357601002e-15
144050060 8.881784197001252e-15
144424216 7.105427357601002e-15
144798372 8.881784197001252e-15
145172528 8.881784197001252e-15
145546684 7.105427357601002e-15
145920840 7.105427357601002e-15
146294996 7.105427357601002e-15
146669152 8.881784197001252e-15
147043308 7.105427357601002e-15
147417464 7.105427357601002e-15
147791620 8.881784197001252e-15
148165776 7.105427357601002e-15
148539932 7.105427357601002e-15
148914088 8.881784197001252e-15
149288244 8.881784197001252e-15
149662400 7.105427357601002e-15
150036556 8.881784197001252e-15
150410712 7.105427357601002e-15
150784868 5.329070518200751e-15
151159024 7.105427357601002e-15
151533180 7.105427357601002e-15
151907336 1.0658141036401503e-14
152281492 7.105427357601002e-15
152655648 7.105427357601002e-15
153029804 8.881784197001252e-15
153403960 7.105427357601002e-15
153778116 7.993605777301127e-15
154152272 7.105427357601002e-15
154526428 8.881784197001252e-15
154900584 8.881784197001252e-15
155274740 8.881784197001252e-15
155648896 7.105427357601002e-15
156023052 7.105427357601002e-15
156397208 7.105427357601002e-15
156771364 7.105427357601002e-15
157145520 8.881784197001252e-15
157519676 7.105427357601002e-15
157893832 7.105427357601002e-15
158267988 7.105427357601002e-15
158642144 8.881784197001252e-15
159016300 8.881784197001252e-15
159390456 7.105427357601002e-15
159764612 8.881784197001252e-15
160138768 8.881784197001252e-15
160512924 6.217248937900877e-15
160887080 7.105427357601002e-15
161261236 7.105427357601002e-15
161635392 8.881784197001252e-15
162009548 7.105427357601002e-15
162383704 7.105427357601002e-15
162757860 7.105427357601002e-15
163132016 8.881784197001252e-15
