0 12.952771166460309
374156 2.4368630069827546
748312 0.7037451336039542
1122468 0.23503945113228397
1496624 0.0901701094860563
1870780 0.04127618759016549
2244936 0.021523656854624207
2619092 0.012400248108292544
2993248 0.0073986474926037715
3367404 0.004458469376817931
3741560 0.0027031431594064514
4115716 0.001645816292647595
4489872 0.0010054213218353425
4864028 0.0006162378183613981
5238184 0.0003785146484744928
5612340 0.00023296612610401723
5986496 0.00014365368888213936
6360652 8.873463820080474e-05
6734808 5.489865080576806e-05
7108964 3.401451711226855e-05
7483120 2.1103082804785345e-05
7857276 1.3108542244566479e-05
8231432 8.15156561984054e-06
8605588 5.07411628980492e-06
8979744 3.1613352646786552e-06
9353900 1.9712094072588116e-06
9728056 1.2300182934410486e-06
10102212 7.680236162599385e-07
10476368 4.798353891999341e-07
10850524 2.9994245309694634e-07
11224680 1.8758033704102672e-07
11598836 1.1735959049019584e-07
11972992 7.345342822873135e-08
12347148 4.59885853842934e-08
12721304 2.8801599327721306e-08
13095460 1.8042538130202956e-08
13469616 1.1305257174853978e-08
13843772 7.088051034997989e-09
14217928 4.445888990289859e-09
14592084 2.7888908959994296e-09
14966240 1.7496049053988827e-09
15340396 1.0976926034800272e-09
15714552 6.887308501291045e-10
16088708 4.3215564460297173e-10
16462864 2.7117863510284224e-10
16837020 1.701714325008652e-10
17211176 1.0679102047106426e-10
17585332 6.702194355057145e-11
17959488 4.206057724331913e-11
18333644 2.6396662633487722e-11
18707800 1.6568080241086136e-11
19081956 1.0398792937849066e-11
19456112 6.52633502795652e-12
19830268 4.0962788716569776e-12
20204424 2.5721647034515627e-12
20578580 1.6129320101754274e-12
20952736 1.0125233984581428e-12
21326892 6.359357485052897e-13
21701048 4.014566457044566e-13
22075204 2.5224267119483557e-13
22449360 1.616484723854228e-13
22823516 1.0302869668521453e-13
23197672 6.750155989720952e-14
23571828 4.440892098500626e-14
23945984 3.197442310920451e-14
24320140 2.4868995751603507e-14
24694296 1.7763568394002505e-14
25068452 1.2434497875801753e-14
25442608 1.2434497875801753e-14
25816764 1.0658141036401503e-14
26190920 7.105427357601002e-15
26565076 1.0658141036401503e-14
26939232 7.105427357601002e-15
27313388 7.105427357601002e-15
27687544 8.881784197001252e-15
28061700 7.105427357601002e-15
28435856 7.105427357601002e-15
28810012 8.881784197001252e-15
29184168 8.881784197001252e-15
29558324 8.881784197001252e-15
29932480 7.105427357601002e-15
30306636 7.105427357601002e-15
30680792 7.105427357601002e-15
31054948 8.881784197001252e-15
31429104 7.105427357601002e-15
31803260 7.105427357601002e-15
32177416 7.105427357601002e-15
32551572 7.105427357601002e-15
32925728 8.881784197001252e-15
33299884 7.105427357601002e-15
33674040 7.105427357601002e-15
34048196 7.105427357601002e-15
34422352 7.105427357601002e-15
34796508 7.105427357601002e-15
35170664 7.105427357601002e-15
35544820 7.105427357601002e-15
35918976 8.881784197001252e-15
36293132 7.105427357601002e-15
36667288 7.105427357601002e-15
37041444 7.105427357601002e-15
37415600 7.105427357601002e-15
37789756 7.105427357601002e-15
38163912 7.105427357601002e-15
38538068 8.881784197001252e-15
38912224 8.881784197001252e-15
39286380 8.881784197001252e-15
39660536 5.329070518200751e-15
40034692 7.105427357601002e-15
40408848 7.105427357601002e-15
40783004 7.105427357601002e-15
41157160 1.0658141036401503e-14
41531316 7.105427357601002e-15
41905472 7.105427357601002e-15
42279628 1.0658141036401503e-14
42653784 8.881784197001252e-15
43027940 7.105427357601002e-15
43402096 8.881784197001252e-15
43776252 7.105427357601002e-15
44150408 7.105427357601002e-15
44524564 5.329070518200751e-15
44898720 7.105427357601002e-15
45272876 8.881784197001252e-15
45647032 8.881784197001252e-15
46021188 7.105427357601002e-15
46395344 7.105427357601002e-15
46769500 7.105427357601002e-15
47143656 1.0658141036401503e-14
47517812 8.881784197001252e-15
47891968 7.105427357601002e-15
48266124 7.105427357601002e-15
48640280 7.105427357601002e-15
49014436 8.881784197001252e-15
49388592 7.105427357601002e-15
49762748 8.881784197001252e-15
50136904 8.881784197001252e-15
50511060 7.105427357601002e-15
50885216 8.881784197001252e-15
51259372 7.105427357601002e-15
51633528 7.105427357601002e-15
52007684 7.105427357601002e-15
52381840 7.105427357601002e-15
52755996 8.881784197001252e-15
53130152 7.105427357601002e-15
53504308 8.881784197001252e-15
53878464 7.105427357601002e-15
54252620 8.881784197001252e-15
54626776 6.217248937900877e-15
55000932 8.881784197001252e-15
55375088 8.881784197001252e-15
55749244 7.993605777301127e-15
56123400 8.881784197001252e-15
56497556 8.881784197001252e-15
56871712 8.881784197001252e-15
57245868 8.881784197001252e-15
57620024 7.105427357601002e-15
57994180 8.881784197001252e-15
58368336 7.993605777301127e-15
58742492 8.881784197001252e-15
59116648 7.105427357601002e-15
59490804 7.105427357601002e-15
59864960 8.881784197001252e-15
60239116 7.105427357601002e-15
60613272 8.881784197001252e-15
60987428 7.105427357601002e-15
61361584 7.105427357601002e-15
61735740 8.881784197001252e-15
62109896 7.105427357601002e-15
62484052 7.105427357601002e-15
62858208 8.881784197001252e-15
63232364 8.881784197001252e-15
63606520 7.105427357601002e-15
63980676 7.105427357601002e-15
64354832 7.105427357601002e-15
64728988 7.105427357601002e-15
65103144 7.105427357601002e-15
65477300 7.105427357601002e-15
65851456 8.881784197001252e-15
66225612 7.105427357601002e-15
66599768 7.105427357601002e-15
66973924 7.105427357601002e-15
67348080 8.881784197001252e-15
67722236 7.105427357601002e-15
68096392 7.105427357601002e-15
68470548 8.881784197001252e-15
68844704 7.105427357601002e-15
69218860 8.881784197001252e-15
69593016 7.105427357601002e-15
69967172 7.105427357601002e-15
70341328 7.105427357601002e-15
70715484 7.105427357601002e-15
71089640 6.217248937900877e-15
71463796 8.881784197001252e-15
71837952 7.105427357601002e-15
72212108 8.881784197001252e-15
72586264 8.881784197001252e-15
72960420 7.105427357601002e-15
73334576 7.105427357601002e-15
73708732 8.881784197001252e-15
74082888 8.881784197001252e-15
74457044 8.881784197001252e-15
74831200 8.881784197001252e-15
75205356 7.105427357601002e-15
75579512 7.105427357601002e-15
75953668 7.105427357601002e-15
76327824 8.881784197001252e-15
76701980 8.881784197001252e-15
77076136 7.105427357601002e-15
77450292 7.105427357601002e-15
77824448 6.217248937900877e-15
78198604 8.881784197001252e-15
78572760 8.881784197001252e-15
78946916 7.105427357601002e-15
79321072 7.105427357601002e-15
79695228 7.105427357601002e-15
80069384 8.881784197001252e-15
80443540 7.105427357601002e-15
80817696 8.881784197001252e-15
81191852 7.105427357601002e-15
81566008 8.881784197001252e-15
81940164 7.105427357601002e-15
82314320 8.881784197001252e-15
82688476 7.105427357601002e-15
83062632 7.105427357601002e-15
83436788 7.105427357601002e-15
83810944 7.105427357601002e-15
84185100 7.105427357601002e-15
84559256 7.105427357601002e-15
84933412 8.881784197001252e-15
85307568 8.881784197001252e-15
85681724 7.105427357601002e-15
86055880 7.105427357601002e-15
86430036 7.105427357601002e-15
86804192 7.105427357601002e-15
87178348 8.881784197001252e-15
87552504 7.105427357601002e-15
87926660 8.881784197001252e-15
88300816 7.105427357601002e-15
88674972 7.105427357601002e-15
89049128 7.105427357601002e-15
89423284 8.881784197001252e-15
89797440 7.105427357601002e-15
90171596 8.881784197001252e-15
90545752 7.105427357601002e-15
90919908 8.881784197001252e-15
91294064 7.105427357601002e-15
91668220 7.105427357601002e-15
92042376 8.881784197001252e-15
92416532 7.105427357601002e-15
92790688 7.105427357601002e-15
93164844 5.329070518200751e-15
93539000 7.105427357601002e-15
93913156 8.881784197001252e-15
94287312 7.105427357601002e-15
94661468 7.105427357601002e-15
95035624 7.105427357601002e-15
95409780 7.105427357601002e-15
95783936 7.105427357601002e-15
96158092 8.881784197001252e-15
96532248 1.0658141036401503e-14
96906404 8.881784197001252e-15
97280560 7.105427357601002e-15
97654716 7.105427357601002e-15
98028872 7.105427357601002e-15
98403028 7.105427357601002e-15
98777184 8.881784197001252e-15
99151340 8.881784197001252e-15
99525496 7.105427357601002e-15
99899652 7.105427357601002e-15
100273808 7.105427357601002e-15
100647964 8.881784197001252e-15
101022120 1.0658141036401503e-14
101396276 7.105427357601002e-15
101770432 7.105427357601002e-15
102144588 8.881784197001252e-15
102518744 8.881784197001252e-15
102892900 7.105427357601002e-15
103267056 7.105427357601002e-15
103641212 8.881784197001252e-15
104015368 8.881784197001252e-15
104389524 7.105427357601002e-15
104763680 8.881784197001252e-15
105137836 7.105427357601002e-15
105511992 8.881784197001252e-15
105886148 8.881784197001252e-15
106260304 7.105427357601002e-15
106634460 7.105427357601002e-15
107008616 7.105427357601002e-15
107382772 8.881784197001252e-15
107756928 8.881784197001252e-15
108131084 8.881784197001252e-15
108505240 8.881784197001252e-15
108879396 8.881784197001252e-15
109253552 8.881784197001252e-15
109627708 7.105427357601002e-15
110001864 7.105427357601002e-15
110376020 8.881784197001252e-15
110750176 7.105427357601002e-15
111124332 7.105427357601002e-15
111498488 1.0658141036401503e-14
111872644 7.105427357601002e-15
112246800 7.105427357601002e-15
112620956 7.105427357601002e-15
112995112 8.881784197001252e-15
113369268 7.105427357601002e-15
113743424 8.881784197001252e-15
114117580 8.881784197001252e-15
114491736 8.881784197001252e-15
114865892 7.105427357601002e-15
115240048 7.105427357601002e-15
115614204 5.329070518200751e-15
115988360 8.881784197001252e-15
116362516 7.105427357601002e-15
116736672 7.105427357601002e-15
117110828 8.881784197001252e-15
117484984 7.105427357601002e-15
117859140 7.105427357601002e-15
118233296 7.105427357601002e-15
118607452 7.105427357601002e-15
118981608 8.881784197001252e-15
119355764 8.881784197001252e-15
119729920 8.881784197001252e-15
120104076 8.881784197001252e-15
120478232 7.105427357601002e-15
120852388 7.105427357601002e-15
121226544 7.105427357601002e-15
121600700 7.105427357601002e-15
121974856 7.105427357601002e-15
122349012 1.0658141036401503e-14
122723168 8.881784197001252e-15
123097324 7.105427357601002e-15
123471480 5.329070518200751e-15
123845636 7.105427357601002e-15
124219792 1.0658141036401503e-14
124593948 7.105427357601002e-15
124968104 7.105427357601002e-15
125342260 8.881784197001252e-15
125716416 7.105427357601002e-15
126090572 7.105427357601002e-15
126464728 8.881784197001252e-15
126838884 7.105427357601002e-15
127213040 8.881784197001252e-15
127587196 8.881784197001252e-15
127961352 7.105427357601002e-15
128335508 7.105427357601002e-15
128709664 7.105427357601002e-15
129083820 7.105427357601002e-15
129457976 8.881784197001252e-15
129832132 8.881784197001252e-15
130206288 7.105427357601002e-15
130580444 7.105427357601002e-15
130954600 7.105427357601002e-15
131328756 8.881784197001252e-15
131702912 7.105427357601002e-15
132077068 8.881784197001252e-15
132451224 7.105427357601002e-15
132825380 7.105427357601002e-15
133199536 7.105427357601002e-15
133573692 7.105427357601002e-15
133947848 8.881784197001252e-15
134322004 8.881784197001252e-15
134696160 8.881784197001252e-15
135070316 8.881784197001252e-15
135444472 7.105427357601002e-15
135818628 8.881784197001252e-15
136192784 7.105427357601002e-15
136566940 8.881784197001252e-15
136941096 7.105427357601002e-15
137315252 8.881784197001252e-15
137689408 7.105427357601002e-15
138063564 7.105427357601002e-15
138437720 8.881784197001252e-15
138811876 7.105427357601002e-15
139186032 8.881784197001252e-15
139560188 8.881784197001252e-15
139934344 8.881784197001252e-15
140308500 5.329070518200751e-15
140682656 7.105427357601002e-15
141056812 7.105427357601002e-15
141430968 7.105427357601002e-15
141805124 7.105427357601002e-15
142179280 7.105427357601002e-15
142553436 7.105427357601002e-15
142927592 8.881784197001252e-15
143301748 7.105427357601002e-15
143675904 7.105427357601002e-15
144050060 7.105427357601002e-15
144424216 7.105427357601002e-15
144798372 8.881784197001252e-15
145172528 7.105427357601002e-15
145546684 7.105427357601002e-15
145920840 6.217248937900877e-15
146294996 7.105427357601002e-15
146669152 7.105427357601002e-15
147043308 8.881784197001252e-15
147417464 8.881784197001252e-15
147791620 7.105427357601002e-15
148165776 8.881784197001252e-15
148539932 8.881784197001252e-15
148914088 8.881784197001252e-15
149288244 8.881784197001252e-15
149662400 8.881784197001252e-15
150036556 8.881784197001252e-15
150410712 8.881784197001252e-15
150784868 7.105427357601002e-15
151159024 7.105427357601002e-15
151533180 7.993605777301127e-15
151907336 7.105427357601002e-15
152281492 7.105427357601002e-15
152655648 7.105427357601002e-15
153029804 8.881784197001252e-15
153403960 7.105427357601002e-15
153778116 8.881784197001252e-15
154152272 8.881784197001252e-15
154526428 7.105427357601002e-15
154900584 8.881784197001252e-15
155274740 8.881784197001252e-15
155648896 7.105427357601002e-15
156023052 8.881784197001252e-15
156397208 7.105427357601002e-15
156771364 7.993605777301127e-15
157145520 7.105427357601002e-15
157519676 7.105427357601002e-15
157893832 7.105427357601002e-15
158267988 8.881784197001252e-15
158642144 7.105427357601002e-15
159016300 7.105427357601002e-15
159390456 8.881784197001252e-15
159764612 7.105427357601002e-15
160138768 7.105427357601002e-15
160512924 8.881784197001252e-15
160887080 7.105427357601002e-15
161261236 7.105427357601002e-15
161635392 8.881784197001252e-15
162009548 7.105427357601002e-15
162383704 8.881784197001252e-15
162757860 8.881784197001252e-15
163132016 7.105427357601002e-15
