0 12.765903980262319
75340 1.664800960706767
150680 0.2700476682677291
226020 0.05682965191725309
301360 0.01508668959086279
376700 0.005169413254254351
452040 0.0018628980257417993
527380 0.0006903472197947735
602720 0.0002589917818163201
678060 0.00010095033845880508
753400 3.996850129484031e-05
828740 1.5842361472007127e-05
904080 6.284441169235322e-06
979420 2.4948223016352244e-06
1054760 9.909758014181591e-07
1130100 3.938258528179972e-07
1205440 1.5657379393019255e-07
1280780 6.227017745885632e-08
1356120 2.4771914297616604e-08
1431460 9.856833127486198e-09
1506800 3.922793645472211e-09
1582140 1.5614198822788694e-09
1657480 6.215805647968864e-10
1732820 2.474687121889474e-10
1808160 9.853406979232204e-11
1883500 3.923483760104318e-11
1958840 1.5623058402525203e-11
2034180 6.221689829999377e-12
2109520 2.4780177909633494e-12
2184860 9.885425811262394e-13
2260200 3.9390712913700554e-13
2335540 1.567634910770721e-13
2410880 6.217248937900877e-14
2486220 2.531308496145357e-14
2561560 1.2434497875801753e-14
2636900 1.2434497875801753e-14
2712240 7.105427357601002e-15
2787580 8.881784197001252e-15
2862920 7.105427357601002e-15
2938260 5.329070518200751e-15
3013600 5.329070518200751e-15
3088940 5.329070518200751e-15
3164280 5.329070518200751e-15
3239620 7.105427357601002e-15
3314960 7.105427357601002e-15
3390300 7.105427357601002e-15
3465640 7.105427357601002e-15
3540980 7.105427357601002e-15
3616320 7.105427357601002e-15
3691660 7.105427357601002e-15
3767000 7.105427357601002e-15
3842340 3.552713678800501e-15
3917680 5.329070518200751e-15
3993020 3.552713678800501e-15
4068360 7.105427357601002e-15
4143700 8.881784197001252e-15
4219040 7.105427357601002e-15
4294380 1.0658141036401503e-14
4369720 8.881784197001252e-15
4445060 5.329070518200751e-15
4520400 8.881784197001252e-15
4595740 5.329070518200751e-15
4671080 7.105427357601002e-15
4746420 7.105427357601002e-15
4821760 7.105427357601002e-15
4897100 7.105427357601002e-15
4972440 7.105427357601002e-15
5047780 7.105427357601002e-15
5123120 8.881784197001252e-15
5198460 7.105427357601002e-15
5273800 4.440892098500626e-15
5349140 7.105427357601002e-15
5424480 7.105427357601002e-15
5499820 5.329070518200751e-15
5575160 7.105427357601002e-15
5650500 5.329070518200751e-15
5725840 7.105427357601002e-15
5801180 7.105427357601002e-15
5876520 5.329070518200751e-15
5951860 5.329070518200751e-15
6027200 5.329070518200751e-15
6102540 7.105427357601002e-15
6177880 7.105427357601002e-15
6253220 7.105427357601002e-15
6328560 5.329070518200751e-15
6403900 7.105427357601002e-15
6479240 7.105427357601002e-15
6554580 7.105427357601002e-15
6629920 7.105427357601002e-15
6705260 5.329070518200751e-15
6780600 7.105427357601002e-15
6855940 5.329070518200751e-15
6931280 5.329070518200751e-15
7006620 5.329070518200751e-15
7081960 5.329070518200751e-15
7157300 4.440892098500626e-15
7232640 7.105427357601002e-15
7307980 7.105427357601002e-15
7383320 5.329070518200751e-15
7458660 7.105427357601002e-15
7534000 7.105427357601002e-15
7609340 7.105427357601002e-15
7684680 5.329070518200751e-15
7760020 7.105427357601002e-15
7835360 5.329070518200751e-15
7910700 7.105427357601002e-15
7986040 5.329070518200751e-15
8061380 5.329070518200751e-15
8136720 7.105427357601002e-15
8212060 7.105427357601002e-15
8287400 4.440892098500626e-15
8362740 3.552713678800501e-15
8438080 3.552713678800501e-15
8513420 7.105427357601002e-15
8588760 5.329070518200751e-15
8664100 7.105427357601002e-15
8739440 7.105427357601002e-15
8814780 7.105427357601002e-15
8890120 7.105427357601002e-15
8965460 7.105427357601002e-15
9040800 8.881784197001252e-15
9116140 7.105427357601002e-15
9191480 8.881784197001252e-15
9266820 5.329070518200751e-15
9342160 7.105427357601002e-15
9417500 7.105427357601002e-15
9492840 7.105427357601002e-15
9568180 7.105427357601002e-15
9643520 7.105427357601002e-15
9718860 8.881784197001252e-15
9794200 7.105427357601002e-15
9869540 3.552713678800501e-15
9944880 7.105427357601002e-15
10020220 7.105427357601002e-15
10095560 7.105427357601002e-15
10170900 7.105427357601002e-15
10246240 5.329070518200751e-15
10321580 7.105427357601002e-15
10396920 7.105427357601002e-15
10472260 5.329070518200751e-15
10547600 7.105427357601002e-15
10622940 7.105427357601002e-15
10698280 5.329070518200751e-15
10773620 7.105427357601002e-15
10848960 5.329070518200751e-15
10924300 7.105427357601002e-15
10999640 7.105427357601002e-15
11074980 7.105427357601002e-15
11150320 7.105427357601002e-15
11225660 7.105427357601002e-15
11301000 5.329070518200751e-15
11376340 7.105427357601002e-15
11451680 7.105427357601002e-15
11527020 3.552713678800501e-15
11602360 3.552713678800501e-15
11677700 7.105427357601002e-15
11753040 7.105427357601002e-15
11828380 4.440892098500626e-15
11903720 5.329070518200751e-15
11979060 7.105427357601002e-15
12054400 5.329070518200751e-15
12129740 5.329070518200751e-15
12205080 5.329070518200751e-15
12280420 7.105427357601002e-15
12355760 5.329070518200751e-15
12431100 5.329070518200751e-15
12506440 3.9968028886505635e-15
12581780 7.105427357601002e-15
12657120 5.329070518200751e-15
12732460 7.105427357601002e-15
12807800 7.105427357601002e-15
12883140 7.105427357601002e-15
12958480 7.105427357601002e-15
13033820 5.329070518200751e-15
13109160 7.105427357601002e-15
13184500 3.552713678800501e-15
13259840 8.881784197001252e-15
13335180 7.105427357601002e-15
13410520 7.105427357601002e-15
13485860 5.329070518200751e-15
13561200 5.329070518200751e-15
13636540 7.105427357601002e-15
13711880 3.552713678800501e-15
13787220 7.105427357601002e-15
13862560 7.105427357601002e-15
13937900 7.105427357601002e-15
14013240 5.329070518200751e-15
14088580 5.329070518200751e-15
14163920 5.329070518200751e-15
14239260 7.105427357601002e-15
14314600 5.329070518200751e-15
14389940 3.552713678800501e-15
14465280 7.105427357601002e-15
14540620 7.105427357601002e-15
14615960 5.329070518200751e-15
14691300 3.552713678800501e-15
14766640 5.329070518200751e-15
14841980 7.105427357601002e-15
14917320 5.329070518200751e-15
14992660 8.881784197001252e-15
15068000 8.881784197001252e-15
15143340 7.105427357601002e-15
15218680 7.105427357601002e-15
15294020 5.329070518200751e-15
15369360 7.105427357601002e-15
15444700 7.105427357601002e-15
15520040 7.105427357601002e-15
15595380 5.329070518200751e-15
15670720 7.105427357601002e-15
15746060 5.329070518200751e-15
15821400 8.881784197001252e-15
15896740 4.440892098500626e-15
15972080 7.105427357601002e-15
16047420 7.105427357601002e-15
16122760 5.329070518200751e-15
16198100 5.329070518200751e-15
16273440 5.329070518200751e-15
16348780 7.105427357601002e-15
