17253235 3.475287603498634
17462949 1.5867904086218458
17672663 0.9324745518554192
17882377 0.6113375594775858
18092091 0.45629916851519337
18301805 0.35104227674942035
18511519 0.2766063776595642
18721233 0.22039838266512035
18930947 0.18194911483309095
19140661 0.1606463520262036
19350375 0.14154558517548033
19560089 0.12481014468998453
19769803 0.11026146297611916
19979517 0.09764564970026157
20189231 0.0866896789261613
20398945 0.0771406542143227
20608659 0.06878027533003195
20818373 0.061427092924364324
21028087 0.05493293165133206
21237801 0.04924241104603411
21447515 0.044252496993394175
21657229 0.03979346128972949
21866943 0.035800319169859485
22076657 0.0322184496893243
22286371 0.029001427667053825
22496085 0.026109362610192477
22705799 0.023507639229986665
22915513 0.021165963129997856
23125227 0.01905763307877706
23334941 0.01715897963612889
23544655 0.015448925565737959
23754369 0.013908635707601036
23964083 0.012521233102652296
24173797 0.011271564771080378
24383511 0.010146005262216207
24593225 0.00913228943144695
24802939 0.008219368253922
25012653 0.007397283144685574
25222367 0.006657055427792713
25432081 0.0059905884290420985
25641795 0.005390580260380418
25851509 0.004850445790246738
26061223 0.004364246603200783
26270937 0.00392662797858101
26480651 0.0035327620862259934
26690365 0.0031782967240605586
26900079 0.002859309020196932
27109793 0.0025722635983260744
27319507 0.0023139747667650923
27529221 0.002081572341346316
27738935 0.001872470754470612
27948649 0.001684341137952572
28158363 0.00151508609839901
28368077 0.0013628169306638682
28577791 0.0012258330390517713
28787505 0.0011026033572782978
28997219 0.0009917495776115004
29206933 0.0008920310170594803
29416647 0.0008023309642997134
29626361 0.0007216443655266858
29836075 0.000649066720527891
30045789 0.0005837840722637822
30255503 0.0005250639840292948
30465217 0.00047224740849216573
30674931 0.00042474136157366615
30884645 0.00038201232270473895
31094359 0.0003435802902922447
31304073 0.0003090134280716583
31513787 0.0002779232442557955
31723501 0.0002499602509278276
31933215 0.00022481005628272044
32142929 0.00020218984686515284
32352643 0.00018184522114506052
32562357 0.00016354733964707435
32772071 0.0001470903600520046
32981785 0.00013228912904050816
33191499 0.0001189771052469979
33401213 0.00010700449025780046
33610927 9.623654697854533e-05
33820641 8.655208657515345e-05
34030355 7.784210721428764e-05
34240069 7.00085693168262e-05
34449783 6.296329381605403e-05
34659497 5.662697095143443e-05
34869211 5.092826862895805e-05
35078925 4.580303032675204e-05
35288639 4.119355357712351e-05
35498353 3.7047940931955736e-05
35708067 3.3319516165697394e-05
35917781 2.9966299147865527e-05
36127495 2.6950533507985597e-05
36337209 2.4238261746134526e-05
36546923 2.1798943119044623e-05
36756637 1.9605109919496044e-05
36966351 1.7632058312955223e-05
37176065 1.5857570265787047e-05
37385779 1.4261663479508968e-05
37595493 1.2826366421414548e-05
37805207 1.1535516018845726e-05
38014921 1.0374575700744515e-05
38224635 9.330471718804745e-06
38434349 8.39144598252517e-06
38644063 7.5469236522351935e-06
38853777 6.787394085883136e-06
39063491 6.1043037318242455e-06
39273205 5.489959844062753e-06
39482919 4.93744382978889e-06
39692633 4.440533384553191e-06
39902347 3.993632370580258e-06
40112061 3.591707855576942e-06
40321775 3.2302333989875365e-06
40531489 2.9051381069677973e-06
40741203 2.6127607615222814e-06
40950917 2.349808610802029e-06
41160631 2.113320291208254e-06
41370345 1.9006324620818305e-06
41580059 1.7093498154707731e-06
41789773 1.5373181190270202e-06
41999487 1.3825999394256883e-06
42209201 1.2434528207094786e-06
42418915 1.1183096795264191e-06
42628629 1.0057611286029555e-06
42838343 9.045396422990848e-07
43048057 8.135052445013002e-07
43257771 7.316326922079952e-07
43467485 6.579999265454717e-07
43677199 5.917776855213219e-07
43886913 5.322201586110964e-07
44096627 4.786565961367728e-07
44306341 4.304837677437945e-07
44516055 3.8715912697995236e-07
44725769 3.481947592476331e-07
44935483 3.131518253596255e-07
45145197 2.8163567478145524e-07
45354911 2.5329136388307916e-07
45564625 2.2779967334685125e-07
45774339 2.0487350926856607e-07
45984053 1.842546790697952e-07
46193767 1.6571096228545912e-07
46403481 1.4903351264194953e-07
46613195 1.3403451770699348e-07
46822909 1.2054504239245034e-07
47032623 1.0841317799048511e-07
47242337 9.750228269211902e-08
47452051 8.768947434845131e-08
47661765 7.886425201775182e-08
47871479 7.092721343582298e-08
48081193 6.378897232650615e-08
48290907 5.736913433196378e-08
48500621 5.159540261701068e-08
48710335 4.640275008682693e-08
48920049 4.1732693301099744e-08
49129763 3.753264099515263e-08
49339477 3.3755288342263157e-08
49549191 3.035809470475215e-08
49758905 2.7302803573547862e-08
49968619 2.45549971467085e-08
50178333 2.208373928169749e-08
50388047 1.9861194466841425e-08
50597761 1.786232584066738e-08
50807475 1.6064629626555416e-08
51017189 1.4447856244714785e-08
51226903 1.2993799813898477e-08
51436617 1.1686078771333541e-08
51646331 1.0509973336070288e-08
51856045 9.452229665640743e-09
52065759 8.500937731525937e-09
52275473 7.645390986965594e-09
52485187 6.875945146589402e-09
52694901 6.1839378062700234e-09
52904615 5.561574312196171e-09
53114329 5.001849601171671e-09
53324043 4.498452721435342e-09
53533757 4.045719759204758e-09
53743471 3.6385512380832097e-09
53953185 3.272361936978996e-09
54162899 2.9430249348649795e-09
54372613 2.646833863195752e-09
54582327 2.3804522797377103e-09
54792041 2.1408785855214774e-09
55001755 1.9254189354001028e-09
55211469 1.7316397205036083e-09
55421183 1.5573640155253088e-09
55630897 1.4006298343360868e-09
55840611 1.25966703734548e-09
56050325 1.1328920024311628e-09
56260039 1.0188752064266282e-09
56469753 9.163354519614586e-10
56679467 8.241123339303158e-10
56889181 7.411742330987181e-10
57098895 6.665792362525735e-10
57308609 5.994955643018329e-10
57518323 5.391624924300231e-10
57728037 4.848974555216046e-10
57937751 4.360973804296009e-10
58147465 3.9220671155248965e-10
58357179 3.5273473031338654e-10
58566893 3.172337947887627e-10
58776607 2.8530955376027123e-10
58986321 2.565956336297859e-10
