0 12.952771166460309
154177 1.4674172845547746
308354 0.6169143791938598
462531 0.3074512649063932
616708 0.2229210013688272
770885 0.16140066857131163
925062 0.11930831448727375
1079239 0.09728049210009626
1233416 0.07908672883673029
1387593 0.06426720828344745
1541770 0.05231931894500352
1695947 0.04408152479094918
1850124 0.03702564658375662
2004301 0.031045124363120014
2158478 0.026160370661651555
2312655 0.022072070915331032
2466832 0.018638398087056363
2621009 0.015869275148683304
2775186 0.013601162574099934
2929363 0.011661930554612177
3083540 0.010031394490822798
3237717 0.00868713088328077
3391894 0.007540497386914424
3546071 0.006561717599185002
3700248 0.005749433125793679
3854425 0.005081027606679944
4008602 0.004501344162058052
4162779 0.003998328302657672
4316956 0.0035614770677991903
4471133 0.0031870628210404206
4625310 0.00286299806509982
4779487 0.0025788796394479174
4933664 0.0023405854059793674
5087841 0.002135739481434862
5242018 0.0019544461479629183
5396195 0.001793718739176553
5550372 0.0016631551798458322
5704549 0.0015478252728387543
5858726 0.0014438068251529934
6012903 0.0013498041939921657
6167080 0.0012739832140927082
6321257 0.0012045073849483168
6475434 0.0011412156484785982
6629611 0.0010905746737114794
6783788 0.0010446515792211508
6937965 0.0010059976692923522
7092142 0.0009736508613360229
7246319 0.0009424739161841
7400496 0.0009151614238060712
7554673 0.0008893237390860953
7708850 0.0008651877601101032
7863027 0.0008424603329024727
8017204 0.0008201238996349558
8171381 0.0007981717748748729
8325558 0.0007766187755344767
8479735 0.0007554772456883629
8633912 0.0007347572335384689
8788089 0.0007145913150651273
8942266 0.0006952556800681464
9096443 0.0006763102853405423
9250620 0.0006577617973705929
9404797 0.000639615008460992
9558974 0.0006218730265249994
9713151 0.0006045374511265966
9867328 0.0005876085363030192
10021505 0.0005710853407493027
10175682 0.0005549658659699253
10329859 0.0005392471830260731
10484036 0.00052396716896147
10638213 0.0005092853156242055
10792390 0.0004949703569933628
10946567 0.0004810180072170184
11100744 0.0004674234581638209
11254921 0.0004541814564016228
11409098 0.00044128637250154257
11563275 0.00042873226330786274
11717452 0.00041651292776714866
11871629 0.0004046219568753784
12025806 0.0003930758099877363
12179983 0.00038186748107600643
12334160 0.0003709638701184931
12488337 0.00036035832592201666
12642514 0.0003500441610289895
12796691 0.0003400146760714484
12950868 0.00033026318113139885
13105045 0.0003207830144068835
13259222 0.00031156755845919426
13413399 0.0003026102542888834
13567576 0.0002939046134669901
13721753 0.00028544422852481294
13875930 0.0002772227817883499
14030107 0.0002692340528241133
14184284 0.00026147192464711505
14338461 0.00025393038882839253
14492638 0.00024660354962389996
14646815 0.0002394856272364687
14800992 0.00023257096030984692
14955169 0.00022585400774499664
15109346 0.00021932934991870934
15263523 0.00021299168937726626
15417700 0.00020683585106957142
15571877 0.00020085972054173507
15726054 0.00019508890135947615
15880231 0.00018948195779313476
16034408 0.00018403440673339655
16188585 0.00017874187168005762
16342762 0.00017360008182037978
16496939 0.00016860487092622278
16651116 0.0001637521760945171
16805293 0.0001590380363551691
16959470 0.00015445859116577226
17113647 0.00015001007881191436
17267824 0.00014568883472906857
17422001 0.00014149128976074024
17576178 0.00013741396836507158
17730355 0.0001334534867819849
17884532 0.00012960655117038797
18038709 0.0001258699557246494
18192886 0.00012224058077787633
18347063 0.00011871539089924193
18501240 0.0001152914329912505
18655417 0.00011196583439213731
18809594 0.00010873580098828828
18963771 0.00010559861534055817
19117948 0.00010255163482797425
19272125 9.959228981198595e-05
19426302 9.671808182358521e-05
19580479 9.392658177573981e-05
19734656 9.121542820293704e-05
19888833 8.8582325529208e-05
20043010 8.602504236619041e-05
20197187 8.35414098420903e-05
20351364 8.112931996226425e-05
20505541 7.878672400249767e-05
20659718 7.651163093477104e-05
20813895 7.430210588652009e-05
20968072 7.215626863304667e-05
21122249 7.00722921234305e-05
21276426 6.804840103983092e-05
21430603 6.608287039007628e-05
21584780 6.417402413332225e-05
21738957 6.232023383852432e-05
21893134 6.0519917375411944e-05
22047311 5.8771537637563806e-05
22201488 5.70736012972476e-05
22355665 5.542465759146055e-05
22509842 5.382329713875776e-05
22664019 5.226815078638106e-05
22818196 5.0757888487091424e-05
22972373 4.929121820523852e-05
23126550 4.786688485142708e-05
23280727 4.6483669245296275e-05
23434904 4.514038710574757e-05
23589081 4.383588806813887e-05
23743258 4.25690547277667e-05
23897435 4.133880170912978e-05
24051612 4.014407476030275e-05
24205789 3.898384987200375e-05
24359966 3.785713242050737e-05
24514143 3.6762956334151706e-05
24668320 3.570038328260146e-05
24822497 3.4668501888485484e-05
24976674 3.3666426960733166e-05
25130851 3.2693298749180214e-05
25285028 3.174828221979859e-05
25439205 3.0830566350123836e-05
25593382 2.9939363444249183e-05
25747559 2.907390846698145e-05
25901736 2.8233458396636525e-05
26055913 2.741729159590634e-05
26210090 2.662470720042609e-05
26364267 2.585502452452735e-05
26518444 2.510758248367318e-05
26672621 2.4381739033229113e-05
26826798 2.3676870623019243e-05
26980975 2.299237166733005e-05
27135152 2.2327654029877936e-05
27289329 2.168214652337446e-05
27443506 2.105529442328509e-05
27597683 2.044655899535123e-05
27751860 1.9855417036559846e-05
27906037 1.9281360429134788e-05
28060214 1.8723895707230612e-05
28214391 1.818254363594729e-05
28368568 1.7656838802342263e-05
28522745 1.7146329218085954e-05
28676922 1.6650575933483194e-05
28831099 1.6169152662464607e-05
28985276 1.5701645418312454e-05
29139453 1.5247652159787028e-05
29293630 1.4806782447380346e-05
29447807 1.4378657109365405e-05
29601984 1.3962907917437588e-05
29756161 1.3559177271629027e-05
29910338 1.3167117894220554e-05
30064515 1.2786392532460836e-05
30218692 1.2416673669779586e-05
30372869 1.205764324528234e-05
30527046 1.1708992381296527e-05
30681223 1.137042111872856e-05
30835400 1.1041638160010775e-05
30989577 1.0722360619445231e-05
31143754 1.041231378068417e-05
31297931 1.0111230861204433e-05
31452108 9.818852783535607e-06
31606285 9.53492795306276e-06
31760462 9.259212042215127e-06
31914639 8.99146778085948e-06
32068816 8.731464752722955e-06
32222993 8.478979197664924e-06
32377170 8.233793819644852e-06
32531347 7.995697600208726e-06
32685524 7.764485617346197e-06
32839701 7.539958869559257e-06
32993878 7.321924104992852e-06
33148055 7.110193655495995e-06
33302232 6.904585275449918e-06
33456409 6.704921985240279e-06
33610586 6.51103191924335e-06
33764763 6.322748178185867e-06
33918940 6.139908685762977e-06
34073117 5.962356049380715e-06
34227294 5.789937424927364e-06
34381471 5.622504385421065e-06
34535648 5.459912793460151e-06
34689825 5.302022677347411e-06
34844002 5.148698110779212e-06
34998179 4.999807096015777e-06
35152356 4.855221450407281e-06
35306533 4.714816696200531e-06
35460710 4.578471953526481e-06
35614887 4.446069836467085e-06
35769064 4.317496352128011e-06
35923241 4.192640802615048e-06
36077418 4.071395689845712e-06
36231595 3.953656623106915e-06
36385772 3.839322229276737e-06
36539949 3.728294065638311e-06
36694126 3.620476535215987e-06
36848303 3.5157768045418567e-06
37002480 3.4141047238144505e-06
37156657 3.3153727493420715e-06
37310834 3.2194958682447376e-06
37465011 3.1263915253130353e-06
37619188 3.0359795519891916e-06
37773365 2.9481820973981544e-06
37927542 2.862923561362113e-06
38081719 2.780130529363113e-06
38235896 2.6997317093687637e-06
38390073 2.6216578704932846e-06
38544250 2.545841783424714e-06
38698427 2.47221816257622e-06
38852604 2.4007236099040426e-06
39006781 2.331296560352178e-06
39160958 2.2638772288718608e-06
39315135 2.1984075589690172e-06
39469312 2.134831172742168e-06
39623489 2.073093322360587e-06
39777666 2.0131408429458495e-06
39931843 1.954922106813732e-06
40086020 1.8983869790377503e-06
40240197 1.8434867742994328e-06
40394374 1.7901742149821704e-06
40548551 1.738403390477098e-06
40702728 1.688129717664251e-06
40856905 1.6393099025382041e-06
41011082 1.5919019029388397e-06
41165259 1.5458648923612206e-06
41319436 1.5011592248118273e-06
41473613 1.4577464006792834e-06
41627790 1.415589033591921e-06
41781967 1.3746508182330228e-06
41936144 1.3348964990835986e-06
42090321 1.2962918400766504e-06
42244498 1.2588035951196673e-06
42398675 1.2223994794706037e-06
42552852 1.1870481419472842e-06
42707029 1.1527191379331544e-06
42861206 1.1193829031682116e-06
43015383 1.0870107282907448e-06
43169560 1.055574734123597e-06
43323737 1.0250478476709051e-06
43477914 9.954037788073187e-07
43632091 9.66616997639968e-07
43786268 9.386627125299507e-07
43940445 9.115168487466678e-07
44094622 8.851560277351681e-07
44248799 8.595575469928134e-07
44402976 8.346993605136323e-07
44557153 8.105600598123973e-07
44711330 7.871188554865738e-07
44865507 7.643555593177687e-07
45019684 7.42250566887633e-07
45173861 7.20784840695099e-07
45328038 6.999398937667127e-07
45482215 6.79697773735017e-07
45636392 6.600410473812978e-07
45790569 6.409527856239376e-07
45944746 6.224165489397996e-07
46098923 6.044163732093176e-07
46253100 5.869367559669693e-07
46407277 5.699626430560488e-07
46561454 5.534794156596568e-07
46715631 5.374728777174506e-07
46869808 5.219292436970356e-07
47023985 5.068351267240121e-07
47178162 4.921775270549543e-07
47332339 4.779438208810712e-07
47486516 4.641217494577793e-07
47640693 4.5069940854923496e-07
47794870 4.37665238174601e-07
47949047 4.250080126538781e-07
48103224 4.1271683094159205e-07
48257401 4.007811072397711e-07
48411578 3.891905618781796e-07
48565755 3.779352124657102e-07
48719932 3.6700536529190187e-07
48874109 3.563916069790167e-07
49028286 3.46084796374593e-07
49182463 3.360760566818721e-07
49336640 3.2635676781140287e-07
49490817 3.169185589597858e-07
49644994 3.077533014013553e-07
49799171 2.9885310148661855e-07
49953348 2.902102938436577e-07
50107525 2.8181743477772355e-07
50261702 2.736672958600231e-07
50415879 2.657528577032064e-07
50570056 2.580673039168308e-07
50724233 2.506040152335876e-07
50878410 2.433565638138794e-07
51032587 2.3631870770663126e-07
51186764 2.2948438547240688e-07
51340941 2.2284771096763717e-07
51495118 2.1640296827022884e-07
51649295 2.101446067623823e-07
51803472 2.0406723634470644e-07
51957649 1.9816562279832695e-07
52111826 1.9243468327438847e-07
52266003 1.8686948191886515e-07
52420180 1.8146522561912713e-07
52574357 1.7621725987790066e-07
52728534 1.7112106480410543e-07
52882711 1.6617225121937605e-07
53036888 1.6136655687875017e-07
53191065 1.566998428006441e-07
53345242 1.521680896998277e-07
53499419 1.4776739452827727e-07
53653596 1.4349396711371525e-07
53807773 1.3934412689171633e-07
53961950 1.3531429974048773e-07
54116127 1.3140101490000024e-07
54270304 1.2760090198436075e-07
54424481 1.239106880762588e-07
54578658 1.2032719491335362e-07
54732835 1.168473361447004e-07
54887012 1.13468114677274e-07
55041189 1.101866200926404e-07
55195366 1.0700002614244964e-07
55349543 1.0390558831039048e-07
55503720 1.0090064145231586e-07
55657897 9.798259749914384e-08
55812074 9.514894322806312e-08
55966251 9.239723809781504e-08
56120428 8.972511214783499e-08
56274605 8.713026395626607e-08
56428782 8.461045865717012e-08
56582959 8.216352601726155e-08
56737136 7.978735856468272e-08
56891313 7.747990977795272e-08
57045490 7.523919231817566e-08
57199667 7.306327632012125e-08
57353844 7.095028773166073e-08
57508021 6.889840669559513e-08
57662198 6.690586598710312e-08
57816375 6.497094948740116e-08
57970552 6.309199070868646e-08
58124729 6.126737135702699e-08
58278906 5.9495519940137506e-08
58433083 5.7774910412668884e-08
58587260 5.610406086215512e-08
58741437 5.448153223258211e-08
58895614 5.290592708633718e-08
59049791 5.1375888398251e-08
59203968 4.9890098389212927e-08
59358145 4.844727738971023e-08
59512322 4.70461827375198e-08
59666499 4.568560770966054e-08
59820676 4.436438048004143e-08
59974853 4.3081363111912435e-08
60129030 4.183545057839626e-08
60283207 4.06255698087157e-08
60437384 3.945067876542918e-08
60591561 3.8309765548337656e-08
60745738 3.7201847518882926e-08
60899915 3.612597045783098e-08
61054092 3.508120774182045e-08
61208269 3.406665954495611e-08
61362446 3.308145206425486e-08
61516623 3.2124736767209436e-08
61670800 3.119568966125294e-08
61824977 3.0293510582088574e-08
61979154 2.9417422508473852e-08
62133331 2.856667088882263e-08
62287508 2.774052299404483e-08
62441685 2.6938267284047114e-08
62595862 2.6159212798086e-08
62750039 2.5402688557155627e-08
62904216 2.466804298784271e-08
63058393 2.395464335832459e-08
63212570 2.3261875237569167e-08
63366747 2.258914196234113e-08
63520924 2.1935864126542727e-08
63675101 2.1301479076951332e-08
63829278 2.0685440436170495e-08
63983455 2.0087217626556762e-08
64137632 1.9506295413553726e-08
64291809 1.894217346604804e-08
64445986 1.8394365919327527e-08
64600163 1.7862400960915945e-08
64754340 1.7345820424539277e-08
64908517 1.6844179392548793e-08
65062694 1.6357045813848205e-08
65216871 1.5884000134180724e-08
65371048 1.5424634931403454e-08
65525225 1.4978554566699546e-08
65679402 1.454537484197032e-08
65833579 1.412472267251462e-08
65987756 1.3716235759382925e-08
66141933 1.3319562285258636e-08
66296110 1.2934360605026778e-08
66450287 1.2560298955099393e-08
66604464 1.2197055164258827e-08
66758641 1.1844316382281922e-08
66912818 1.150177880249268e-08
67066995 1.1169147407950539e-08
67221172 1.0846135711133423e-08
67375349 1.0532465510425942e-08
67529526 1.0227866649751768e-08
67683703 9.932076786337528e-09
67837880 9.644841164765071e-09
67992057 9.365912395143706e-09
68146234 9.095050243967603e-09
68300411 8.832021424973191e-09
68454588 8.576599397369135e-09
68608765 8.328564173824132e-09
68762942 8.087702126936824e-09
68917119 7.853805809800336e-09
69071296 7.626673773097371e-09
69225473 7.406110393687847e-09
69379650 7.191925706449137e-09
69533827 6.983935238826823e-09
69688004 6.781959854601158e-09
69842181 6.585825597870375e-09
69996358 6.395363542129745e-09
70150535 6.210409648674774e-09
70304712 6.030804621318109e-09
70458889 5.856393769888488e-09
70613066 5.687026879801216e-09
70767243 5.52255807913498e-09
70921420 5.362845716550685e-09
71075597 5.2077522342229565e-09
71229774 5.057144054866278e-09
71383951 4.9108914636653705e-09
71538128 4.7688684969276335e-09
71692305 4.630952833446084e-09
71846482 4.497025690415948e-09
72000659 4.366971720760719e-09
72154836 4.240678910349786e-09
72309013 4.118038487901238e-09
72463190 3.998944825885781e-09
72617367 3.883295352706366e-09
72771544 3.770990461408365e-09
72925721 3.661933427605464e-09
73079898 3.556030322635073e-09
73234075 3.4531899348452452e-09
73388252 3.35332369077318e-09
73542429 3.256345578058449e-09
73696606 3.16217207280145e-09
73850783 3.070722064428197e-09
74004960 2.9819167903129273e-09
74159137 2.8956797642207613e-09
74313314 2.8119367122313513e-09
74467491 2.730615509855157e-09
74621668 2.6516461162223726e-09
74775845 2.574960516620213e-09
74930022 2.500492665247038e-09
75084199 2.4281784231959883e-09
75238376 2.3579555091237867e-09
75392553 2.289763441354342e-09
75546730 2.2235434888728117e-09
75700907 2.1592386161397095e-09
75855084 2.096793440698602e-09
76009261 2.0361541791828405e-09
76163438 1.977268605031675e-09
76317615 1.92008600121904e-09
76471792 1.8645571190538737e-09
76625969 1.8106341313425811e-09
76780146 1.7582705969356252e-09
76934323 1.7074214150826147e-09
77088500 1.658042791388356e-09
77242677 1.6100921973721122e-09
77396854 1.563528334797351e-09
77551031 1.5183110988088722e-09
77705208 1.4744015457320014e-09
77859385 1.4317618555591966e-09
78013562 1.3903553058207743e-09
78167739 1.3501462341799358e-09
78321916 1.3111000079666854e-09
78476093 1.273182999458021e-09
78630270 1.2363625496655817e-09
78784447 1.200606947518966e-09
78938624 1.1658853973396666e-09
79092801 1.1321679943381013e-09
79246978 1.0994256977253994e-09
79401155 1.0676303089209374e-09
79555332 1.0367544428209821e-09
79709509 1.0067715064399074e-09
79863686 9.776556767924702e-10
80017863 9.493818766076814e-10
80172040 9.219257549215876e-10
80326217 8.952636637669237e-10
80480394 8.693726408258787e-10
80634571 8.442303850355465e-10
80788748 8.198152439027606e-10
80942925 7.961061888927048e-10
81097102 7.730827994911413e-10
81251279 7.507252472666384e-10
81405456 7.290142755959905e-10
81559633 7.079311838348659e-10
81713810 6.874578155000033e-10
81867987 6.675765373441098e-10
82022164 6.482702251528125e-10
82176341 6.295222512763335e-10
82330518 6.113164692338191e-10
82484695 5.936371983176689e-10
82638872 5.764692118841522e-10
82793049 5.597977230419396e-10
82947226 5.436083734848204e-10
83101403 5.278872208065374e-10
83255580 5.126207238640573e-10
83409757 4.977957336702726e-10
83563934 4.833994822267193e-10
83718111 4.694195701636719e-10
83872288 4.558439573075848e-10
84026465 4.4266095075486817e-10
84180642 4.298591968487919e-10
84334819 4.1742767012062365e-10
84488996 4.053556624476068e-10
84643173 3.9363277774037003e-10
84797350 3.8224891849882037e-10
84951527 3.711942808248131e-10
85105704 3.6045934271276836e-10
85259881 3.5003485895392095e-10
85414058 3.399118518121816e-10
85568235 3.3008160159157807e-10
85722412 3.2053564294996784e-10
85876589 3.112657523222928e-10
86030766 3.022639473784783e-10
86184943 2.93522475097209e-10
86339120 2.850338055859769e-10
86493297 2.7679062872005417e-10
86647474 2.6878584438467384e-10
86801651 2.6101255792138067e-10
86955828 2.534640754659617e-10
87110005 2.461338951664088e-10
87264182 2.390157030629503e-10
87418359 2.3210337005228482e-10
87572536 2.2539094104555984e-10
87726713 2.188726359441534e-10
87880890 2.1254283944817376e-10
88035067 2.0639610083961896e-10
88189244 2.0042712574244032e-10
88343421 1.9463077417097852e-10
88497598 1.8900205218160687e-10
88651775 1.8353611263167285e-10
88805952 1.7822824932480635e-10
88960129 1.730738889878236e-10
89114306 1.680685918128283e-10
89268483 1.632080488551263e-10
89422660 1.5848807281750726e-10
89576837 1.539045981586648e-10
89731014 1.494536779490102e-10
89885191 1.4513147790756048e-10
90039368 1.4093427585983725e-10
90193545 1.368584566421166e-10
90347722 1.3290051069196618e-10
90501899 1.2905702830197374e-10
90656076 1.2532469929448647e-10
90810253 1.217003093353236e-10
90964430 1.181807366811699e-10
91118607 1.1476294914380958e-10
91272784 1.1144400593326997e-10
91426961 1.0822104540633704e-10
91581138 1.0509129287281094e-10
91735315 1.0205205300609088e-10
91889492 9.910070821687184e-11
92043669 9.62347159426391e-11
92197846 9.34516072382055e-11
92352023 9.074898677571136e-11
92506200 8.812452579731039e-11
92660377 8.557596547619645e-11
92814554 8.310110813456589e-11
92968731 8.069782483303284e-11
93122908 7.836404376966588e-11
93277085 7.609775537573832e-11
93431262 7.389700797891946e-11
93585439 7.17599070443331e-11
93739616 6.968461105458928e-11
93893793 6.766933194346514e-11
94047970 6.571233487906447e-11
94202147 6.381193446911015e-11
94356324 6.19664933514813e-11
94510501 6.017442251947391e-11
94664678 5.843417871971568e-11
94818855 5.674426206692118e-11
94973032 5.510321767019516e-11
95127209 5.3509632488846215e-11
95281386 5.19621340313442e-11
95435563 5.045938992163934e-11
95589740 4.900010442971531e-11
95743917 4.758302129051484e-11
95898094 4.6206920342913016e-11
96052271 4.487061612025445e-11
96206448 4.357295839245434e-11
96360625 4.2312828588131346e-11
96514802 4.1089141746171454e-11
96668979 3.990084402206301e-11
96823156 3.874691182053497e-11
96977333 3.762635071135473e-11
97131510 3.653819705563138e-11
97285687 3.548151225954421e-11
97439864 3.445538711115137e-11
97594041 3.3458937443581194e-11
97748218 3.249130511081416e-11
97902395 3.1551656686640284e-11
98056572 3.0639182272036714e-11
98210749 2.9753096796210354e-11
98364926 2.8892637848193514e-11
98519103 2.8057062641077823e-11
98673280 2.7245652023562272e-11
98827457 2.6457707986288215e-11
98981634 2.569255084291372e-11
99135811 2.4949522699560522e-11
99289988 2.422798300958512e-11
99444165 2.3527309657780937e-11
99598342 2.2846899827740075e-11
99752519 2.2186167508188304e-11
99906696 2.154454349298507e-11
100060873 2.0921474839022403e-11
100215050 2.0316425950427097e-11
100369227 1.9728875000693535e-11
100523404 1.9158316101088035e-11
100677581 1.860425734908494e-11
100831758 1.8066222454669878e-11
100985935 1.754374716247259e-11
101140112 1.7036381853852145e-11
101294289 1.6543689920593685e-11
101448466 1.606524657228603e-11
101602643 1.5600639703683417e-11
101756820 1.5149469135763982e-11
101910997 1.4711346290469107e-11
102065174 1.428589451596407e-11
102219351 1.387274702665392e-11
102373528 1.3471547336864342e-11
102527705 1.3081949694522532e-11
102681882 1.2703619623258278e-11
102836059 1.2336231320318747e-11
102990236 1.1979467656568488e-11
103144413 1.1633021152271383e-11
103298590 1.1296594193931087e-11
103452767 1.0969896865886675e-11
103606944 1.0652647492413736e-11
103761121 1.034457339666589e-11
103915298 1.0045408081749141e-11
104069475 9.754895242269912e-12
104223652 9.472783777005056e-12
104377829 9.19883104150837e-12
104532006 8.93280122180734e-12
104686183 8.674464250200964e-12
104840360 8.423598624185402e-12
104994537 8.179987611746375e-12
105148714 7.94342250396568e-12
105302891 7.713698820313586e-12
105457068 7.49061804337231e-12
105611245 7.2739896788201475e-12
105765422 7.063625726000389e-12
105919599 6.859345556831098e-12
106073776 6.660973313719898e-12
106227953 6.468338343244839e-12
106382130 6.281273569851142e-12
106536307 6.099619398979017e-12
106690484 5.923218512893236e-12
106844661 5.7519191232896505e-12
106998838 5.585573561832369e-12
107153015 5.4240382801537534e-12
107307192 5.267175042476813e-12
107461369 5.114849190891724e-12
107615546 4.96692780221214e-12
107769723 4.8232840247838804e-12
107923900 4.683795018500803e-12
108078077 4.548339894820674e-12
108232254 4.416801559908867e-12
108386431 4.2890675820000945e-12
108540608 4.165027589313197e-12
108694785 4.044575438455489e-12
108848962 3.927606612337542e-12
109003139 3.8140199548966636e-12
109157316 3.7037181047777645e-12
109311493 3.5966063027109696e-12
109465670 3.4925928251924865e-12
109619847 3.3915870329206954e-12
109774024 3.2935026234026665e-12
109928201 3.1982547036082942e-12
110082378 3.105761416273556e-12
110236555 3.015942313597253e-12
110390732 2.9287215014273116e-12
110544909 2.844023194031875e-12
110699086 2.761773665663214e-12
110853263 2.6819033105418555e-12
111007440 2.6043428481489772e-12
111161617 2.5290251663701024e-12
111315794 2.455885646755751e-12
111469971 2.3848617308405706e-12
111624148 2.3158912938400777e-12
111778325 2.248915788836958e-12
111932502 2.1838775362756357e-12
112086679 2.1207189650207514e-12
112240856 2.0593879249478086e-12
112395033 1.999830531208835e-12
112549210 1.9419953926208544e-12
112703387 1.88583274430415e-12
112857564 1.831294664522698e-12
113011741 1.778333556801126e-12
113165918 1.7269039930684071e-12
113320095 1.6769624968174246e-12
113474272 1.6284647241793238e-12
113628449 1.5813694754715502e-12
113782626 1.5356359846924184e-12
113936803 1.4912248953030671e-12
114090980 1.4480992360094147e-12
114245157 1.4062204092141206e-12
114399334 1.3655515520433203e-12
114553511 1.3260603552722738e-12
114707688 1.2877109318090718e-12
114861865 1.2504702134874535e-12
115016042 1.214306433183765e-12
115170219 1.179189341657394e-12
115324396 1.145086846524035e-12
115478573 1.111971517468724e-12
115632750 1.0798127799901969e-12
115786927 1.0485847216565314e-12
115941104 1.018259695312329e-12
116095281 9.888118969458848e-13
116249458 9.602153057050589e-13
116403635 9.324457438814049e-13
116557812 9.054791421866937e-13
116711989 8.792928407955203e-13
116866166 8.538633125207418e-13
117020343 8.291699575210809e-13
117174520 8.051900075509155e-13
117328697 7.819039469711409e-13
117482874 7.592911759404797e-13
117637051 7.373321788198273e-13
117791228 7.160087410126859e-13
117945405 6.953019974012542e-13
118099582 6.751940586496863e-13
118253759 6.556670354221361e-13
118407936 6.367055320477544e-13
118562113 6.182912255098261e-13
118716290 6.004109969620641e-13
118870467 5.83047173909057e-13
119024644 5.661855533023452e-13
119178821 5.498120405136864e-13
119332998 5.339110230317967e-13
119487175 5.184703577923444e-13
119641352 5.034759501670871e-13
119795529 4.889153318310413e-13
119949706 4.747763597198751e-13
120103883 4.610451560457807e-13
120258060 4.477119629892057e-13
120412237 4.347635532836458e-13
120566414 4.221907112106349e-13
120720591 4.0998042634410314e-13
120874768 3.981243503273224e-13
121028945 3.866108821970471e-13
121183122 3.754302641337248e-13
121337299 3.6457252147736874e-13
121491476 3.540290890308162e-13
121645653 3.437905342351666e-13
121799830 3.3384872557412626e-13
121954007 3.2419347154727385e-13
122108184 3.1481783326070545e-13
122262361 3.0571281183638943e-13
122416538 2.968719020612909e-13
122570715 2.8828653873824717e-13
122724892 2.7994902403183364e-13
122879069 2.718533948301016e-13
123033246 2.6399097751567124e-13
123187423 2.563568931787663e-13
123341600 2.4894268504244144e-13
123495777 2.4174369103735494e-13
123649954 2.347521049078649e-13
123804131 2.279628309037607e-13
123958308 2.2137033959396257e-13
124112485 2.1496812576543567e-13
124266662 2.087510936679693e-13
124420839 2.0271371387048376e-13
124575016 1.9685121588342014e-13
124729193 1.9115828711613325e-13
124883370 1.8563004865884691e-13
125037547 1.802615131815677e-13
125191724 1.7504845229582289e-13
125345901 1.6998631235248807e-13
125500078 1.6507064812265604e-13
125654255 1.6029636385611612e-13
125808432 1.5566020694635085e-13
125962609 1.5115892478684279e-13
126116786 1.4678709636672949e-13
126270963 1.4254255328166598e-13
126425140 1.384197661005726e-13
126579317 1.3441689167975612e-13
126733494 1.3052948479030935e-13
126887671 1.2675407598528032e-13
127041848 1.2308828001988958e-13
127196025 1.1952884428761967e-13
127350202 1.160721909213014e-13
127504379 1.1271539257506902e-13
127658556 1.094558471637086e-13
127812733 1.0629008524026817e-13
127966910 1.0321691418235801e-13
128121087 1.0023188876107092e-13
128275264 9.733284057206193e-14
128429441 9.451836015250681e-14
128583618 9.17847612150191e-14
128737795 8.91304174563401e-14
128891972 8.655261837103856e-14
129046149 8.404962923563852e-14
129200326 8.161928164579502e-14
129354503 7.925875667585958e-14
129508680 7.696631960235623e-14
129662857 7.474066938267798e-14
129817034 7.257952919226263e-14
129971211 7.048018852567894e-14
130125388 6.844199686162344e-14
130279565 6.646278579575116e-14
130433742 6.454071218436885e-14
130587919 6.267425814443506e-14
130742096 6.086168895247379e-14
130896273 5.910159514566082e-14
131050450 5.739126621856494e-14
131204627 5.573178637335863e-14
131358804 5.411990300352443e-14
131512981 5.255496558775885e-14
131667158 5.103448046106518e-14
131821335 4.95593149851814e-14
131975512 4.8125240771634825e-14
132129689 4.6733342022597935e-14
132283866 4.538210085502925e-14
132438043 4.406999938588729e-14
132592220 4.2795411311913334e-14
132746397 4.1557577691586634e-14
132900574 4.03558480036037e-14
133054751 3.9188053843619564e-14
133208928 3.805506257337221e-14
133363105 3.695427210764768e-14
133517282 3.588524876557697e-14
133671459 3.484788412694284e-14
133825636 3.383990136718307e-14
133979813 3.2861734167166645e-14
134133990 3.191153938320035e-14
134288167 3.0988232813111694e-14
134442344 3.0092031297335176e-14
134596521 2.922174221348106e-14
134750698 2.8376389779594113e-14
134904875 2.7555757155239835e-14
135059052 2.6758651718028492e-14
135213229 2.5984965047742836e-14
135367406 2.5233504521993133e-14
135521583 2.4504161720562134e-14
135675760 2.379541876040836e-14
135829937 2.3107492481966307e-14
135984114 2.2438865002194497e-14
136138291 2.179007842217917e-14
136292468 2.11597232790961e-14
136446645 2.0546932211207292e-14
136600822 1.995322310155423e-14
136754999 1.9376102285140195e-14
136909176 1.881546134174794e-14
137063353 1.8272059212898206e-14
137217530 1.7743185393159777e-14
137371707 1.7230140925139636e-14
137525884 1.6732166867317044e-14
137680061 1.6248395857954012e-14
137834238 1.5777960535312552e-14
137988415 1.532194510156515e-14
138142592 1.487904851410482e-14
138296769 1.4448620251628075e-14
138450946 1.4030443473700416e-14
138605123 1.362473502075634e-14
138759300 1.323127805236135e-14
138913477 1.2848663105691216e-14
139067654 1.2476890180745936e-14
139221831 1.2116501378611755e-14
139376008 1.1765978816247191e-14
139530185 1.1425973014955737e-14
139684362 1.1095725033216652e-14
139838539 1.0774475929509197e-14
139992716 1.0463526746440355e-14
140146893 1.0160600659447905e-14
140301070 1.0658141036401503e-14
140455247 9.581528279123397e-15
140609424 1.0658141036401503e-14
140763601 1.0658141036401503e-14
140917778 8.881784197001252e-15
141071955 8.520419612911834e-15
141226132 8.274197299540376e-15
141380309 8.034697039638328e-15
141534486 7.802352514074684e-15
141688663 8.881784197001252e-15
141842840 8.881784197001252e-15
141997017 8.881784197001252e-15
142151194 8.881784197001252e-15
142305371 7.105427357601002e-15
142459548 8.881784197001252e-15
142613725 8.881784197001252e-15
142767902 7.105427357601002e-15
142922079 7.105427357601002e-15
143076256 6.217248937900877e-15
143230433 8.881784197001252e-15
143384610 1.0658141036401503e-14
143538787 7.105427357601002e-15
143692964 8.881784197001252e-15
143847141 7.105427357601002e-15
144001318 8.881784197001252e-15
144155495 1.0658141036401503e-14
144309672 8.881784197001252e-15
144463849 8.881784197001252e-15
144618026 7.105427357601002e-15
144772203 8.881784197001252e-15
144926380 1.0658141036401503e-14
145080557 7.105427357601002e-15
145234734 8.881784197001252e-15
145388911 8.881784197001252e-15
145543088 6.217248937900877e-15
145697265 8.881784197001252e-15
145851442 1.0658141036401503e-14
146005619 8.881784197001252e-15
146159796 7.993605777301127e-15
146313973 8.881784197001252e-15
146468150 7.105427357601002e-15
146622327 8.881784197001252e-15
146776504 8.881784197001252e-15
146930681 8.881784197001252e-15
147084858 1.0658141036401503e-14
147239035 7.105427357601002e-15
147393212 7.105427357601002e-15
147547389 7.105427357601002e-15
147701566 8.881784197001252e-15
147855743 7.105427357601002e-15
148009920 6.217248937900877e-15
148164097 7.105427357601002e-15
148318274 7.993605777301127e-15
148472451 7.105427357601002e-15
148626628 9.769962616701378e-15
148780805 7.105427357601002e-15
148934982 7.105427357601002e-15
149089159 7.105427357601002e-15
149243336 5.329070518200751e-15
149397513 8.881784197001252e-15
149551690 7.105427357601002e-15
149705867 7.105427357601002e-15
149860044 7.105427357601002e-15
150014221 8.881784197001252e-15
150168398 7.105427357601002e-15
150322575 8.881784197001252e-15
150476752 8.881784197001252e-15
150630929 7.105427357601002e-15
150785106 7.105427357601002e-15
150939283 5.329070518200751e-15
151093460 7.105427357601002e-15
151247637 7.105427357601002e-15
151401814 8.881784197001252e-15
151555991 7.105427357601002e-15
151710168 7.105427357601002e-15
151864345 6.217248937900877e-15
152018522 7.105427357601002e-15
152172699 7.105427357601002e-15
152326876 7.105427357601002e-15
152481053 7.105427357601002e-15
152635230 7.105427357601002e-15
152789407 7.105427357601002e-15
152943584 5.329070518200751e-15
153097761 7.105427357601002e-15
153251938 7.105427357601002e-15
153406115 7.105427357601002e-15
153560292 7.105427357601002e-15
153714469 7.105427357601002e-15
153868646 5.329070518200751e-15
154022823 5.329070518200751e-15
154177000 7.105427357601002e-15
154331177 7.105427357601002e-15
154485354 8.881784197001252e-15
154639531 7.105427357601002e-15
154793708 7.105427357601002e-15
154947885 7.105427357601002e-15
155102062 7.105427357601002e-15
155256239 7.105427357601002e-15
155410416 8.881784197001252e-15
155564593 8.881784197001252e-15
155718770 7.105427357601002e-15
155872947 7.105427357601002e-15
156027124 5.329070518200751e-15
156181301 5.329070518200751e-15
156335478 7.105427357601002e-15
156489655 5.329070518200751e-15
156643832 5.329070518200751e-15
156798009 7.105427357601002e-15
156952186 5.329070518200751e-15
157106363 7.105427357601002e-15
157260540 6.217248937900877e-15
157414717 7.105427357601002e-15
157568894 7.105427357601002e-15
157723071 7.105427357601002e-15
157877248 7.105427357601002e-15
158031425 5.329070518200751e-15
158185602 7.105427357601002e-15
158339779 7.105427357601002e-15
158493956 7.105427357601002e-15
158648133 7.105427357601002e-15
158802310 5.329070518200751e-15
158956487 5.329070518200751e-15
159110664 8.881784197001252e-15
159264841 5.329070518200751e-15
159419018 7.105427357601002e-15
159573195 7.105427357601002e-15
159727372 7.105427357601002e-15
159881549 5.329070518200751e-15
160035726 8.881784197001252e-15
160189903 7.105427357601002e-15
160344080 7.105427357601002e-15
160498257 7.105427357601002e-15
160652434 7.105427357601002e-15
160806611 7.105427357601002e-15
160960788 7.105427357601002e-15
161114965 8.881784197001252e-15
161269142 7.105427357601002e-15
161423319 7.105427357601002e-15
161577496 7.105427357601002e-15
161731673 8.881784197001252e-15
161885850 7.105427357601002e-15
162040027 7.105427357601002e-15
162194204 7.105427357601002e-15
162348381 5.329070518200751e-15
162502558 5.329070518200751e-15
162656735 7.105427357601002e-15
162810912 5.329070518200751e-15
162965089 5.329070518200751e-15
163119266 5.329070518200751e-15
