0 13.342385375164476
13145 2.091574211867229
26290 0.981059249972335
39435 0.5292357548146214
52580 0.3050326317386185
65725 0.22542759465655937
78870 0.16262432401454063
92015 0.11532100950645097
105160 0.08135974101435828
118305 0.057513741606345814
131450 0.041873478087021354
144595 0.03215114964924126
157740 0.025233606234242756
170885 0.02014704007011492
184030 0.01615439430172072
197175 0.01302389002426163
210320 0.010566965402326378
223465 0.00871856836663673
236610 0.007442267731923441
249755 0.006378186620427995
262900 0.005492626450183641
276045 0.00475543745066187
289190 0.004203546939663322
302335 0.003798615188616128
315480 0.0034560826671914124
328625 0.0032073957419805066
341770 0.0029787387611648064
354915 0.00278906708483187
368060 0.002621489473414368
381205 0.0024668846663923605
394350 0.0023254544426580676
407495 0.0021901599631884983
420640 0.0020648093302602782
433785 0.001948108433553447
446930 0.0018367171984694092
460075 0.0017306685124587606
473220 0.0016299247771887626
486365 0.0015343947770856542
499510 0.0014439473642831185
512655 0.0013584224819752494
525800 0.0012776399784164422
538945 0.001201406598928964
552090 0.0011295214844757248
565235 0.0010617804531278252
578380 0.000997979295106012
591525 0.0009379162727013862
604670 0.0008813939827897813
617815 0.0008282207112670706
630960 0.0007782113849305883
644105 0.0007311882065157219
657250 0.0006869810421964995
670395 0.0006454276173614715
683540 0.0006063735654170538
696685 0.0005696723653534005
709830 0.000535450094537912
722975 0.000503516247384185
736120 0.0004734557975004036
749265 0.0004451632813450533
762410 0.0004185384927536291
775555 0.0003934863349838065
788700 0.0003699166544597725
801845 0.00034774406189267554
814990 0.0003268877453205185
828135 0.00030727127868327916
841280 0.0002888224287937724
854425 0.00027147296294822293
867570 0.0002551584589201017
880715 0.0002398181186738374
893860 0.00022539458680558705
907005 0.00021183377445193816
920150 0.00019908468919270159
933295 0.0001870992713015919
946440 0.0001758322365606052
959585 0.0001652409257443116
972730 0.00015528516079338882
985875 0.00014592710762881093
999020 0.0001371311455053304
1012165 0.0001288637427624001
1025310 0.00012109333880058401
1038455 0.00011379023208915075
1051600 0.00010692647399495638
1064745 0.00010047576821261422
1077890 9.441337556960645e-05
1091035 8.871602397760893e-05
1104180 8.336182330101125e-05
1117325 7.83301849161238e-05
1130470 7.360174573794488e-05
1143615 6.915829649656487e-05
1156760 6.498271405133184e-05
1169905 6.10588975373666e-05
1183050 5.737170814630772e-05
1196195 5.390691235065102e-05
1209340 5.0651128388498265e-05
1222485 4.759177583362438e-05
1235630 4.4717028083110164e-05
1248775 4.201576760273426e-05
1261920 3.947754377777932e-05
1275065 3.709253322410795e-05
1288210 3.485150242184612e-05
1301355 3.274577254061377e-05
1314500 3.076718633224229e-05
1327645 2.8908076973171992e-05
1340790 2.716123874505448e-05
1353935 2.5519899448003813e-05
1367080 2.3977694446552025e-05
1380225 2.252864225391754e-05
1393370 2.116712156537484e-05
1406515 1.988784965624088e-05
1419660 1.8685862065079967e-05
1432805 1.7556493486683977e-05
1445950 1.64953598042316e-05
1459095 1.5498341193338414e-05
1472240 1.4561566235263279e-05
1485385 1.368139697945428e-05
1498530 1.285441489957441e-05
1511675 1.2077407690084044e-05
1524820 1.134735685354854e-05
1537965 1.0661426031791793e-05
1551110 1.001695003673142e-05
1564255 9.411424539307323e-06
1577400 8.842496377213863e-06
1590545 8.30795444474973e-06
1603690 7.805721129877652e-06
1616835 7.3338442659748315e-06
1629980 6.890489567408162e-06
1643125 6.47393352012221e-06
1656270 6.082556699902458e-06
1669415 5.7148374927786655e-06
1682560 5.3693461934765235e-06
1695705 5.044739459213535e-06
1708850 4.739755097538448e-06
1721995 4.4532071682337054e-06
1735140 4.1839813803151715e-06
1748285 3.931030766487001e-06
1761430 3.6933716183931015e-06
1774575 3.470079666844511e-06
1787720 3.2602864925446867e-06
1800865 3.0631761531833834e-06
1814010 2.877982014044822e-06
1827155 2.703983769825752e-06
1840300 2.5405046461847436e-06
1853445 2.386908770130383e-06
1866590 2.2425986991314595e-06
1879735 2.107013099383881e-06
1892880 1.9796245642640653e-06
1906025 1.859937564427025e-06
1919170 1.7474865217151359e-06
1932315 1.6418339993662379e-06
1945460 1.5425690015414065e-06
1958605 1.4493053754702917e-06
1971750 1.361680310199738e-06
1984895 1.2793529259608888e-06
1998040 1.2020029487615214e-06
2011185 1.1293294650540839e-06
2024330 1.0610497516126693e-06
2037475 9.968981761259918e-07
2050620 9.366251642224654e-07
2063765 8.799962288690011e-07
2076910 8.267910584528956e-07
2090055 7.768026599672129e-07
2103200 7.298365539420981e-07
2116345 6.857100180567705e-07
2129490 6.442513764380597e-07
2142635 6.052993319263095e-07
2155780 5.687023387022233e-07
2168925 5.343180127974703e-07
2182070 5.020125782772764e-07
2195215 4.7166034684853475e-07
2208360 4.4314322896355646e-07
2221505 4.1635027445054845e-07
2234650 3.9117724092308653e-07
2247795 3.675261882546757e-07
2260940 3.453050975935762e-07
2274085 3.2442751337919545e-07
2287230 3.0481220704252354e-07
2300375 2.8638286097941446e-07
2313520 2.6906777165613266e-07
2326665 2.527995706675529e-07
2339810 2.375149626534026e-07
2352955 2.2315447905339736e-07
2366100 2.096622467350276e-07
2379245 1.9698577063791134e-07
2392390 1.850757295560751e-07
2405535 1.7388578420554635e-07
2418680 1.633723970021969e-07
2431825 1.5349466263650524e-07
2444970 1.4421414893522888e-07
2458115 1.3549474736206796e-07
2471260 1.273025325076657e-07
2484405 1.1960563008669295e-07
2497550 1.1237409298404943e-07
2510695 1.0557978467537477e-07
2523840 9.919626981370194e-08
2536985 9.319871133259966e-08
2550130 8.75637738402893e-08
2563275 8.226953281814664e-08
2576420 7.729538933042013e-08
2589565 7.262198986873053e-08
2602710 6.823115105119432e-08
2615855 6.41057888804003e-08
2629000 6.022985229222483e-08
2642145 5.658826067109213e-08
2655290 5.316684519203474e-08
2668435 4.9952293700722405e-08
2681580 4.693209890854755e-08
2694725 4.409450972756024e-08
2707870 4.1428485567443496e-08
2721015 3.892365334559611e-08
2734160 3.6570267172159054e-08
2747305 3.435917039166375e-08
2760450 3.228175998043481e-08
2773595 3.032995305168179e-08
2786740 2.8496155440524418e-08
2799885 2.6773232122620505e-08
2813030 2.5154479462059787e-08
2826175 2.3633599157552032e-08
2839320 2.2204673682212073e-08
2852465 2.086214331061681e-08
2865610 1.9600784459915255e-08
2878755 1.8415689376216626e-08
2891900 1.7302247037019602e-08
2905045 1.6256125195956983e-08
2918190 1.5273253562049505e-08
2931335 1.4349807920047142e-08
2944480 1.3482195281196152e-08
2957625 1.2667039894428966e-08
2970770 1.190117012665054e-08
2983915 1.1181606063802307e-08
2997060 1.0505548006176091e-08
3010205 9.870365510165902e-09
3023350 9.273587178552922e-09
3036495 8.712891023249236e-09
3049640 8.186095465552434e-09
3062785 7.691150819520709e-09
3075930 7.226131333061547e-09
3089075 6.789227673109632e-09
3102220 6.3787399182113624e-09
3115365 5.993070916268661e-09
3128510 5.630720082902552e-09
3141655 5.290277577119085e-09
3154800 4.97041877708243e-09
3167945 4.669899159211177e-09
3181090 4.3875494435546836e-09
3194235 4.122271051419657e-09
3207380 3.8730318266747e-09
3220525 3.63886200338559e-09
3233670 3.4188504744250836e-09
3246815 3.2121411988605963e-09
3259960 3.0179299033775142e-09
3273105 2.835460934623446e-09
3286250 2.66402433793389e-09
3299395 2.502953080907311e-09
3312540 2.35162045392201e-09
3325685 2.209437643257983e-09
3338830 2.0758514377924864e-09
3351975 1.9503420788102854e-09
3365120 1.8324212052236999e-09
3378265 1.721630028643506e-09
3391410 1.6175374676838383e-09
3404555 1.5197385103832284e-09
3417700 1.427852637340965e-09
3430845 1.3415223350590755e-09
3443990 1.260411703826736e-09
3457135 1.1842051575450263e-09
3470280 1.1126061747260274e-09
3483425 1.0453361917392434e-09
3496570 9.821334544246607e-10
3509715 9.227520622601126e-10
3522860 8.669609656911104e-10
3536005 8.145430900954875e-10
3549150 7.652944849015353e-10
3562295 7.190235290846503e-10
3575440 6.755501895730487e-10
3588585 6.347053195521202e-10
3601730 5.963300062084009e-10
3614875 5.602749184735467e-10
3628020 5.263997770663109e-10
3641165 4.945727915747766e-10
3654310 4.6467011315109996e-10
3667455 4.3657539822855584e-10
3680600 4.1017933407466733e-10
3693745 3.853792250596566e-10
3706890 3.620785667818316e-10
3720035 3.40186701724976e-10
3733180 3.196184601705898e-10
3746325 3.0029380457957666e-10
3759470 2.82137551169126e-10
3772615 2.6507905159095513e-10
3785760 2.490519413964054e-10
3798905 2.3399385554179197e-10
3812050 2.198462037417137e-10
3825195 2.0655394322027787e-10
3838340 1.94065350594963e-10
3851485 1.8233183973065392e-10
3864630 1.713077631138038e-10
3877775 1.6095021496131956e-10
3890920 1.5121890198366295e-10
3904065 1.4207595863680034e-10
3917210 1.3348581181377162e-10
3930355 1.254150420668121e-10
3943500 1.1783224309475093e-10
3956645 1.1070791332279395e-10
3969790 1.040143336045185e-10
3982935 9.772545793429455e-11
3996080 9.18168154354082e-11
4009225 8.6265423623888e-11
4022370 8.104967218203196e-11
4035515 7.61492795903207e-11
4048660 7.154517082941236e-11
4061805 6.721943227733229e-11
4074950 6.315523451427829e-11
4088095 5.933676553576683e-11
4101240 5.5749172639396605e-11
4114385 5.2378481760206874e-11
4127530 4.9211596603315755e-11
4140675 4.623618415217079e-11
4153820 4.3440671199102e-11
4166965 4.081417582374458e-11
4180110 3.8346479637463293e-11
4193255 3.602798875207425e-11
4206400 3.3849677401331935e-11
4219545 3.180306799160926e-11
4232690 2.988020247896017e-11
4245835 2.8073596398947576e-11
4258980 2.637622151940855e-11
4272125 2.478147374807005e-11
4285270 2.3283144509611553e-11
4298415 2.1875406867877256e-11
4311560 2.0552786035576975e-11
4324705 1.931013335343401e-11
4337850 1.814260894295039e-11
4350995 1.7045678236959905e-11
4364140 1.601506774417949e-11
4377285 1.5046770253379638e-11
4390430 1.4137017077808789e-11
4403575 1.3282270248937689e-11
4416720 1.2479206903948104e-11
4429865 1.1724687193348515e-11
4443010 1.1015796781699283e-11
4456155 1.0349763580885796e-11
4469300 9.72400198556711e-12
4482445 9.13606950508905e-12
4495590 8.583691916974612e-12
4508735 8.06470602104925e-12
4521880 7.577102140166048e-12
4535025 7.118973813224905e-12
4548170 6.688553357003801e-12
4561315 6.284151150837136e-12
4574460 5.90420160678784e-12
4587605 5.547223271007429e-12
4600750 5.211829232076859e-12
4613895 4.89671324321872e-12
4627040 4.60065145702071e-12
4640185 4.322488547647829e-12
4653330 4.061142047651067e-12
4666475 3.815597143796978e-12
4679620 3.5849032076207266e-12
4692765 3.3681555808295904e-12
4705910 3.164510320452507e-12
4719055 2.9731772599461692e-12
4732200 2.7934148050245966e-12
4745345 2.6245238621269706e-12
4758490 2.4658382974385162e-12
4771635 2.3167535598278555e-12
4784780 2.1766746391427283e-12
4797925 2.045070709999486e-12
4811070 1.921417885908383e-12
4824215 1.8052477915309062e-12
4837360 1.6961015925076595e-12
4850505 1.5935516795018145e-12
4863650 1.4972025355608487e-12
4876795 1.406681195137427e-12
4889940 1.3216277031102841e-12
4903085 1.2417220029981024e-12
4916230 1.1666475077665162e-12
4929375 1.0961093144246092e-12
4942520 1.0298376734718673e-12
4955665 9.675723763868938e-13
4968810 9.090757660534798e-13
4981955 8.541093179936787e-13
4995100 8.024666001138492e-13
5008245 7.539481192142539e-13
5021390 7.083613209890594e-13
5034535 6.655362025376199e-13
5047680 6.252958220653859e-13
5060825 5.874901259916854e-13
5073970 5.519699280975843e-13
5087115 5.185955831432665e-13
5100260 4.872395889532477e-13
5113405 4.577770454372576e-13
5126550 4.3010126710152363e-13
5139695 4.040986295583693e-13
5152840 3.7966504939923595e-13
5165985 3.5671032100337285e-13
5179130 3.3514076930307724e-13
5192275 3.148809338271441e-13
5205420 2.958397415930847e-13
5218565 2.7795821200271575e-13
5231710 2.611470067970245e-13
5244855 2.453575537186836e-13
5258000 2.305265353608199e-13
5271145 2.165854301461323e-13
5284290 2.0349173734945936e-13
5297435 1.9118907845783184e-13
5310580 1.796280138521844e-13
5323725 1.6876430808387965e-13
5336870 1.5856500140687402e-13
5350015 1.4897458266993624e-13
5363160 1.3996356157397472e-13
5376305 1.3150765199032577e-13
5389450 1.235539448529721e-13
5402595 1.1608596028889195e-13
5415740 1.0906553438161382e-13
5428885 1.0247271781116396e-13
5442030 9.627368346976084e-14
5455175 9.04571556548106e-14
5468320 8.498323572636579e-14
5481465 7.984758687573645e-14
5494610 7.502158616556898e-14
5507755 7.048094746719968e-14
5520900 6.622133397193863e-14
5534045 6.22149901041702e-14
5547190 5.846365058737035e-14
5560335 5.49222126111637e-14
5573480 5.159848243119214e-14
5586625 4.8482051706599805e-14
5599770 4.554950167046101e-14
5612915 4.279736287582381e-14
5626060 4.0207420726190435e-14
5639205 3.7778807859822905e-14
5652350 3.548984023327151e-14
5665495 3.3345722016964174e-14
5678640 3.132823861440315e-14
5691785 2.9433920578636474e-14
5704930 2.765409429228427e-14
5718075 2.598702503187056e-14
5731220 2.4418835009587525e-14
5744365 2.2936513799365343e-14
5757510 2.1550469742059875e-14
5770655 2.0247692411601292e-14
5783800 1.9024712361037643e-14
5796945 1.7873723334727032e-14
5810090 1.6790388523979516e-14
5823235 1.577731001400906e-14
5836380 1.4823212102221817e-14
5849525 1.3928962150355773e-14
5862670 1.3085019179293056e-14
5875815 1.2295719997723609e-14
5888960 1.1549788903053582e-14
5902105 1.0852430065710905e-14
5915250 1.019757195352966e-14
5928395 9.581745119557894e-15
5941540 8.999745393367675e-15
5954685 8.881784197001252e-15
5967830 7.945033519973776e-15
5980975 7.46538247886619e-15
5994120 7.105427357601002e-15
6007265 7.105427357601002e-15
6020410 7.105427357601002e-15
6033555 7.105427357601002e-15
6046700 7.105427357601002e-15
6059845 7.105427357601002e-15
6072990 7.105427357601002e-15
6086135 7.105427357601002e-15
6099280 7.105427357601002e-15
6112425 7.105427357601002e-15
6125570 7.105427357601002e-15
6138715 5.329070518200751e-15
6151860 7.105427357601002e-15
6165005 7.105427357601002e-15
6178150 5.329070518200751e-15
6191295 7.105427357601002e-15
6204440 7.105427357601002e-15
6217585 8.881784197001252e-15
6230730 5.329070518200751e-15
6243875 7.105427357601002e-15
6257020 5.329070518200751e-15
6270165 7.105427357601002e-15
6283310 7.105427357601002e-15
6296455 8.881784197001252e-15
6309600 5.329070518200751e-15
6322745 7.105427357601002e-15
6335890 8.881784197001252e-15
6349035 7.105427357601002e-15
6362180 7.105427357601002e-15
6375325 7.105427357601002e-15
6388470 7.105427357601002e-15
6401615 5.329070518200751e-15
6414760 5.329070518200751e-15
6427905 5.329070518200751e-15
6441050 5.329070518200751e-15
6454195 7.105427357601002e-15
6467340 5.329070518200751e-15
6480485 7.105427357601002e-15
6493630 7.105427357601002e-15
6506775 5.329070518200751e-15
6519920 7.105427357601002e-15
6533065 7.105427357601002e-15
6546210 5.329070518200751e-15
6559355 7.105427357601002e-15
6572500 5.329070518200751e-15
6585645 3.552713678800501e-15
6598790 5.329070518200751e-15
6611935 5.329070518200751e-15
6625080 5.329070518200751e-15
6638225 5.329070518200751e-15
6651370 5.329070518200751e-15
6664515 8.881784197001252e-15
6677660 5.329070518200751e-15
6690805 7.105427357601002e-15
6703950 7.105427357601002e-15
6717095 8.881784197001252e-15
6730240 3.552713678800501e-15
6743385 5.329070518200751e-15
6756530 3.552713678800501e-15
6769675 3.552713678800501e-15
6782820 3.552713678800501e-15
6795965 5.329070518200751e-15
6809110 5.329070518200751e-15
6822255 7.105427357601002e-15
6835400 5.329070518200751e-15
6848545 5.329070518200751e-15
6861690 5.329070518200751e-15
6874835 5.329070518200751e-15
6887980 5.329070518200751e-15
6901125 5.329070518200751e-15
6914270 5.329070518200751e-15
6927415 5.329070518200751e-15
6940560 5.329070518200751e-15
6953705 5.329070518200751e-15
6966850 5.329070518200751e-15
6979995 5.329070518200751e-15
6993140 5.329070518200751e-15
7006285 5.329070518200751e-15
7019430 5.329070518200751e-15
7032575 5.329070518200751e-15
7045720 5.329070518200751e-15
7058865 5.329070518200751e-15
7072010 5.329070518200751e-15
7085155 5.329070518200751e-15
7098300 5.329070518200751e-15
7111445 5.329070518200751e-15
7124590 5.329070518200751e-15
7137735 5.329070518200751e-15
7150880 5.329070518200751e-15
7164025 5.329070518200751e-15
7177170 5.329070518200751e-15
7190315 5.329070518200751e-15
7203460 5.329070518200751e-15
7216605 5.329070518200751e-15
7229750 5.329070518200751e-15
7242895 5.329070518200751e-15
7256040 5.329070518200751e-15
7269185 5.329070518200751e-15
7282330 5.329070518200751e-15
7295475 5.329070518200751e-15
7308620 5.329070518200751e-15
7321765 5.329070518200751e-15
7334910 5.329070518200751e-15
7348055 5.329070518200751e-15
7361200 5.329070518200751e-15
7374345 5.329070518200751e-15
7387490 5.329070518200751e-15
7400635 5.329070518200751e-15
7413780 5.329070518200751e-15
7426925 5.329070518200751e-15
7440070 5.329070518200751e-15
7453215 5.329070518200751e-15
7466360 5.329070518200751e-15
7479505 5.329070518200751e-15
7492650 5.329070518200751e-15
7505795 5.329070518200751e-15
7518940 5.329070518200751e-15
7532085 5.329070518200751e-15
7545230 5.329070518200751e-15
7558375 5.329070518200751e-15
7571520 5.329070518200751e-15
7584665 5.329070518200751e-15
7597810 5.329070518200751e-15
7610955 5.329070518200751e-15
7624100 5.329070518200751e-15
7637245 5.329070518200751e-15
7650390 5.329070518200751e-15
7663535 5.329070518200751e-15
7676680 5.329070518200751e-15
7689825 5.329070518200751e-15
7702970 5.329070518200751e-15
7716115 5.329070518200751e-15
7729260 5.329070518200751e-15
7742405 5.329070518200751e-15
7755550 5.329070518200751e-15
7768695 5.329070518200751e-15
7781840 5.329070518200751e-15
7794985 5.329070518200751e-15
7808130 5.329070518200751e-15
7821275 5.329070518200751e-15
7834420 5.329070518200751e-15
7847565 5.329070518200751e-15
7860710 5.329070518200751e-15
7873855 5.329070518200751e-15
7887000 5.329070518200751e-15
7900145 5.329070518200751e-15
7913290 5.329070518200751e-15
7926435 5.329070518200751e-15
7939580 5.329070518200751e-15
7952725 5.329070518200751e-15
7965870 5.329070518200751e-15
7979015 5.329070518200751e-15
7992160 5.329070518200751e-15
8005305 5.329070518200751e-15
8018450 5.329070518200751e-15
8031595 5.329070518200751e-15
8044740 5.329070518200751e-15
8057885 5.329070518200751e-15
8071030 5.329070518200751e-15
8084175 5.329070518200751e-15
8097320 5.329070518200751e-15
8110465 5.329070518200751e-15
8123610 5.329070518200751e-15
8136755 5.329070518200751e-15
8149900 5.329070518200751e-15
8163045 5.329070518200751e-15
8176190 5.329070518200751e-15
8189335 5.329070518200751e-15
8202480 5.329070518200751e-15
8215625 5.329070518200751e-15
8228770 5.329070518200751e-15
8241915 5.329070518200751e-15
8255060 5.329070518200751e-15
8268205 5.329070518200751e-15
8281350 5.329070518200751e-15
8294495 5.329070518200751e-15
8307640 5.329070518200751e-15
8320785 5.329070518200751e-15
8333930 5.329070518200751e-15
8347075 5.329070518200751e-15
8360220 5.329070518200751e-15
8373365 5.329070518200751e-15
8386510 5.329070518200751e-15
8399655 5.329070518200751e-15
8412800 5.329070518200751e-15
8425945 5.329070518200751e-15
8439090 5.329070518200751e-15
8452235 5.329070518200751e-15
8465380 5.329070518200751e-15
8478525 5.329070518200751e-15
8491670 5.329070518200751e-15
8504815 5.329070518200751e-15
8517960 5.329070518200751e-15
8531105 5.329070518200751e-15
8544250 5.329070518200751e-15
8557395 5.329070518200751e-15
8570540 5.329070518200751e-15
8583685 5.329070518200751e-15
8596830 5.329070518200751e-15
8609975 5.329070518200751e-15
8623120 5.329070518200751e-15
8636265 5.329070518200751e-15
8649410 5.329070518200751e-15
8662555 5.329070518200751e-15
8675700 5.329070518200751e-15
8688845 5.329070518200751e-15
8701990 5.329070518200751e-15
8715135 5.329070518200751e-15
8728280 5.329070518200751e-15
8741425 5.329070518200751e-15
8754570 5.329070518200751e-15
8767715 5.329070518200751e-15
8780860 5.329070518200751e-15
8794005 5.329070518200751e-15
8807150 5.329070518200751e-15
8820295 5.329070518200751e-15
8833440 5.329070518200751e-15
8846585 5.329070518200751e-15
8859730 5.329070518200751e-15
8872875 5.329070518200751e-15
8886020 5.329070518200751e-15
8899165 5.329070518200751e-15
8912310 5.329070518200751e-15
8925455 5.329070518200751e-15
8938600 5.329070518200751e-15
8951745 5.329070518200751e-15
8964890 5.329070518200751e-15
8978035 5.329070518200751e-15
8991180 5.329070518200751e-15
9004325 5.329070518200751e-15
9017470 5.329070518200751e-15
9030615 5.329070518200751e-15
9043760 5.329070518200751e-15
9056905 5.329070518200751e-15
9070050 5.329070518200751e-15
9083195 5.329070518200751e-15
9096340 5.329070518200751e-15
9109485 5.329070518200751e-15
9122630 5.329070518200751e-15
9135775 5.329070518200751e-15
9148920 5.329070518200751e-15
9162065 5.329070518200751e-15
9175210 5.329070518200751e-15
9188355 5.329070518200751e-15
9201500 5.329070518200751e-15
9214645 5.329070518200751e-15
9227790 5.329070518200751e-15
9240935 5.329070518200751e-15
9254080 5.329070518200751e-15
9267225 5.329070518200751e-15
9280370 5.329070518200751e-15
9293515 5.329070518200751e-15
9306660 5.329070518200751e-15
9319805 5.329070518200751e-15
9332950 5.329070518200751e-15
9346095 5.329070518200751e-15
9359240 5.329070518200751e-15
9372385 5.329070518200751e-15
9385530 5.329070518200751e-15
9398675 5.329070518200751e-15
9411820 5.329070518200751e-15
9424965 5.329070518200751e-15
9438110 5.329070518200751e-15
9451255 5.329070518200751e-15
9464400 5.329070518200751e-15
9477545 5.329070518200751e-15
9490690 5.329070518200751e-15
9503835 5.329070518200751e-15
9516980 5.329070518200751e-15
9530125 5.329070518200751e-15
9543270 5.329070518200751e-15
9556415 5.329070518200751e-15
9569560 5.329070518200751e-15
9582705 5.329070518200751e-15
9595850 5.329070518200751e-15
9608995 5.329070518200751e-15
9622140 5.329070518200751e-15
9635285 5.329070518200751e-15
9648430 5.329070518200751e-15
9661575 5.329070518200751e-15
9674720 5.329070518200751e-15
9687865 5.329070518200751e-15
9701010 5.329070518200751e-15
9714155 5.329070518200751e-15
9727300 5.329070518200751e-15
9740445 5.329070518200751e-15
9753590 5.329070518200751e-15
9766735 5.329070518200751e-15
9779880 5.329070518200751e-15
9793025 5.329070518200751e-15
9806170 5.329070518200751e-15
9819315 5.329070518200751e-15
9832460 5.329070518200751e-15
9845605 5.329070518200751e-15
9858750 5.329070518200751e-15
9871895 5.329070518200751e-15
9885040 5.329070518200751e-15
9898185 5.329070518200751e-15
9911330 5.329070518200751e-15
9924475 5.329070518200751e-15
9937620 5.329070518200751e-15
9950765 5.329070518200751e-15
9963910 5.329070518200751e-15
9977055 5.329070518200751e-15
9990200 5.329070518200751e-15
10003345 5.329070518200751e-15
10016490 5.329070518200751e-15
10029635 5.329070518200751e-15
10042780 5.329070518200751e-15
10055925 5.329070518200751e-15
10069070 5.329070518200751e-15
10082215 5.329070518200751e-15
10095360 5.329070518200751e-15
10108505 5.329070518200751e-15
10121650 5.329070518200751e-15
10134795 5.329070518200751e-15
10147940 5.329070518200751e-15
10161085 5.329070518200751e-15
10174230 5.329070518200751e-15
10187375 5.329070518200751e-15
10200520 5.329070518200751e-15
10213665 5.329070518200751e-15
10226810 5.329070518200751e-15
10239955 5.329070518200751e-15
10253100 5.329070518200751e-15
10266245 5.329070518200751e-15
10279390 5.329070518200751e-15
10292535 5.329070518200751e-15
10305680 5.329070518200751e-15
10318825 5.329070518200751e-15
10331970 5.329070518200751e-15
10345115 5.329070518200751e-15
10358260 5.329070518200751e-15
10371405 5.329070518200751e-15
10384550 5.329070518200751e-15
10397695 5.329070518200751e-15
10410840 5.329070518200751e-15
10423985 5.329070518200751e-15
10437130 5.329070518200751e-15
10450275 5.329070518200751e-15
10463420 5.329070518200751e-15
10476565 5.329070518200751e-15
10489710 5.329070518200751e-15
10502855 5.329070518200751e-15
10516000 5.329070518200751e-15
10529145 5.329070518200751e-15
10542290 5.329070518200751e-15
10555435 5.329070518200751e-15
10568580 5.329070518200751e-15
10581725 5.329070518200751e-15
10594870 5.329070518200751e-15
10608015 5.329070518200751e-15
10621160 5.329070518200751e-15
10634305 5.329070518200751e-15
10647450 5.329070518200751e-15
10660595 5.329070518200751e-15
10673740 5.329070518200751e-15
10686885 5.329070518200751e-15
10700030 5.329070518200751e-15
10713175 5.329070518200751e-15
10726320 5.329070518200751e-15
10739465 5.329070518200751e-15
10752610 5.329070518200751e-15
10765755 5.329070518200751e-15
10778900 5.329070518200751e-15
10792045 5.329070518200751e-15
10805190 5.329070518200751e-15
10818335 5.329070518200751e-15
10831480 5.329070518200751e-15
10844625 5.329070518200751e-15
10857770 5.329070518200751e-15
10870915 5.329070518200751e-15
10884060 5.329070518200751e-15
10897205 5.329070518200751e-15
10910350 5.329070518200751e-15
10923495 5.329070518200751e-15
10936640 5.329070518200751e-15
10949785 5.329070518200751e-15
10962930 5.329070518200751e-15
10976075 5.329070518200751e-15
10989220 5.329070518200751e-15
11002365 5.329070518200751e-15
11015510 5.329070518200751e-15
11028655 5.329070518200751e-15
11041800 5.329070518200751e-15
11054945 5.329070518200751e-15
11068090 5.329070518200751e-15
11081235 5.329070518200751e-15
11094380 5.329070518200751e-15
11107525 5.329070518200751e-15
11120670 5.329070518200751e-15
11133815 5.329070518200751e-15
11146960 5.329070518200751e-15
11160105 5.329070518200751e-15
11173250 5.329070518200751e-15
11186395 5.329070518200751e-15
11199540 5.329070518200751e-15
11212685 5.329070518200751e-15
11225830 5.329070518200751e-15
11238975 5.329070518200751e-15
11252120 5.329070518200751e-15
11265265 5.329070518200751e-15
11278410 5.329070518200751e-15
11291555 5.329070518200751e-15
11304700 5.329070518200751e-15
11317845 5.329070518200751e-15
11330990 5.329070518200751e-15
11344135 5.329070518200751e-15
11357280 5.329070518200751e-15
11370425 5.329070518200751e-15
11383570 5.329070518200751e-15
11396715 5.329070518200751e-15
11409860 5.329070518200751e-15
11423005 5.329070518200751e-15
11436150 5.329070518200751e-15
11449295 5.329070518200751e-15
11462440 5.329070518200751e-15
11475585 5.329070518200751e-15
11488730 5.329070518200751e-15
11501875 5.329070518200751e-15
11515020 5.329070518200751e-15
11528165 5.329070518200751e-15
11541310 5.329070518200751e-15
11554455 5.329070518200751e-15
11567600 5.329070518200751e-15
11580745 5.329070518200751e-15
11593890 5.329070518200751e-15
11607035 5.329070518200751e-15
11620180 5.329070518200751e-15
11633325 5.329070518200751e-15
11646470 5.329070518200751e-15
11659615 5.329070518200751e-15
11672760 5.329070518200751e-15
11685905 5.329070518200751e-15
11699050 5.329070518200751e-15
11712195 5.329070518200751e-15
11725340 5.329070518200751e-15
11738485 5.329070518200751e-15
11751630 5.329070518200751e-15
11764775 5.329070518200751e-15
11777920 5.329070518200751e-15
11791065 5.329070518200751e-15
11804210 5.329070518200751e-15
11817355 5.329070518200751e-15
11830500 5.329070518200751e-15
11843645 5.329070518200751e-15
11856790 5.329070518200751e-15
11869935 5.329070518200751e-15
11883080 5.329070518200751e-15
11896225 5.329070518200751e-15
11909370 5.329070518200751e-15
11922515 5.329070518200751e-15
11935660 5.329070518200751e-15
11948805 5.329070518200751e-15
11961950 5.329070518200751e-15
11975095 5.329070518200751e-15
11988240 5.329070518200751e-15
12001385 5.329070518200751e-15
12014530 5.329070518200751e-15
12027675 5.329070518200751e-15
12040820 5.329070518200751e-15
12053965 5.329070518200751e-15
12067110 5.329070518200751e-15
12080255 5.329070518200751e-15
12093400 5.329070518200751e-15
12106545 5.329070518200751e-15
12119690 5.329070518200751e-15
12132835 5.329070518200751e-15
12145980 5.329070518200751e-15
12159125 5.329070518200751e-15
12172270 5.329070518200751e-15
12185415 5.329070518200751e-15
12198560 5.329070518200751e-15
12211705 5.329070518200751e-15
12224850 5.329070518200751e-15
12237995 5.329070518200751e-15
12251140 5.329070518200751e-15
12264285 5.329070518200751e-15
12277430 5.329070518200751e-15
12290575 5.329070518200751e-15
12303720 5.329070518200751e-15
12316865 5.329070518200751e-15
12330010 5.329070518200751e-15
12343155 5.329070518200751e-15
12356300 5.329070518200751e-15
12369445 5.329070518200751e-15
12382590 5.329070518200751e-15
12395735 5.329070518200751e-15
12408880 5.329070518200751e-15
12422025 5.329070518200751e-15
12435170 5.329070518200751e-15
12448315 5.329070518200751e-15
12461460 5.329070518200751e-15
12474605 5.329070518200751e-15
12487750 5.329070518200751e-15
12500895 5.329070518200751e-15
12514040 5.329070518200751e-15
12527185 5.329070518200751e-15
12540330 5.329070518200751e-15
12553475 5.329070518200751e-15
12566620 5.329070518200751e-15
12579765 5.329070518200751e-15
12592910 5.329070518200751e-15
12606055 5.329070518200751e-15
12619200 5.329070518200751e-15
12632345 5.329070518200751e-15
12645490 5.329070518200751e-15
12658635 5.329070518200751e-15
12671780 5.329070518200751e-15
12684925 5.329070518200751e-15
12698070 5.329070518200751e-15
12711215 5.329070518200751e-15
12724360 5.329070518200751e-15
12737505 5.329070518200751e-15
12750650 5.329070518200751e-15
12763795 5.329070518200751e-15
12776940 5.329070518200751e-15
12790085 5.329070518200751e-15
12803230 5.329070518200751e-15
12816375 5.329070518200751e-15
12829520 5.329070518200751e-15
12842665 5.329070518200751e-15
12855810 5.329070518200751e-15
12868955 5.329070518200751e-15
12882100 5.329070518200751e-15
12895245 5.329070518200751e-15
12908390 5.329070518200751e-15
12921535 5.329070518200751e-15
12934680 5.329070518200751e-15
12947825 5.329070518200751e-15
12960970 5.329070518200751e-15
12974115 5.329070518200751e-15
12987260 5.329070518200751e-15
13000405 5.329070518200751e-15
13013550 5.329070518200751e-15
13026695 5.329070518200751e-15
13039840 5.329070518200751e-15
13052985 5.329070518200751e-15
13066130 5.329070518200751e-15
13079275 5.329070518200751e-15
13092420 5.329070518200751e-15
13105565 5.329070518200751e-15
13118710 5.329070518200751e-15
13131855 5.329070518200751e-15
13145000 5.329070518200751e-15
13158145 5.329070518200751e-15
13171290 5.329070518200751e-15
13184435 5.329070518200751e-15
13197580 5.329070518200751e-15
13210725 5.329070518200751e-15
13223870 5.329070518200751e-15
13237015 5.329070518200751e-15
13250160 5.329070518200751e-15
13263305 5.329070518200751e-15
13276450 5.329070518200751e-15
13289595 5.329070518200751e-15
13302740 5.329070518200751e-15
13315885 5.329070518200751e-15
13329030 5.329070518200751e-15
13342175 5.329070518200751e-15
13355320 5.329070518200751e-15
13368465 5.329070518200751e-15
13381610 5.329070518200751e-15
13394755 5.329070518200751e-15
13407900 5.329070518200751e-15
13421045 5.329070518200751e-15
13434190 5.329070518200751e-15
13447335 5.329070518200751e-15
13460480 5.329070518200751e-15
13473625 5.329070518200751e-15
13486770 5.329070518200751e-15
13499915 5.329070518200751e-15
13513060 5.329070518200751e-15
13526205 5.329070518200751e-15
13539350 5.329070518200751e-15
13552495 5.329070518200751e-15
13565640 5.329070518200751e-15
13578785 5.329070518200751e-15
13591930 5.329070518200751e-15
13605075 5.329070518200751e-15
13618220 5.329070518200751e-15
13631365 5.329070518200751e-15
13644510 5.329070518200751e-15
13657655 5.329070518200751e-15
13670800 5.329070518200751e-15
13683945 5.329070518200751e-15
13697090 5.329070518200751e-15
13710235 5.329070518200751e-15
13723380 5.329070518200751e-15
13736525 5.329070518200751e-15
13749670 5.329070518200751e-15
13762815 5.329070518200751e-15
13775960 5.329070518200751e-15
13789105 5.329070518200751e-15
13802250 5.329070518200751e-15
13815395 5.329070518200751e-15
13828540 5.329070518200751e-15
13841685 5.329070518200751e-15
13854830 5.329070518200751e-15
13867975 5.329070518200751e-15
13881120 5.329070518200751e-15
13894265 5.329070518200751e-15
13907410 5.329070518200751e-15
13920555 5.329070518200751e-15
13933700 5.329070518200751e-15
13946845 5.329070518200751e-15
13959990 5.329070518200751e-15
13973135 5.329070518200751e-15
13986280 5.329070518200751e-15
13999425 5.329070518200751e-15
14012570 5.329070518200751e-15
14025715 5.329070518200751e-15
14038860 5.329070518200751e-15
14052005 5.329070518200751e-15
14065150 5.329070518200751e-15
14078295 5.329070518200751e-15
14091440 5.329070518200751e-15
14104585 5.329070518200751e-15
14117730 5.329070518200751e-15
14130875 5.329070518200751e-15
14144020 5.329070518200751e-15
14157165 5.329070518200751e-15
14170310 5.329070518200751e-15
14183455 5.329070518200751e-15
14196600 5.329070518200751e-15
14209745 5.329070518200751e-15
14222890 5.329070518200751e-15
14236035 5.329070518200751e-15
14249180 5.329070518200751e-15
14262325 5.329070518200751e-15
14275470 5.329070518200751e-15
14288615 5.329070518200751e-15
14301760 5.329070518200751e-15
14314905 5.329070518200751e-15
14328050 5.329070518200751e-15
14341195 5.329070518200751e-15
14354340 5.329070518200751e-15
14367485 5.329070518200751e-15
14380630 5.329070518200751e-15
14393775 5.329070518200751e-15
14406920 5.329070518200751e-15
14420065 5.329070518200751e-15
14433210 5.329070518200751e-15
14446355 5.329070518200751e-15
14459500 5.329070518200751e-15
14472645 5.329070518200751e-15
14485790 5.329070518200751e-15
14498935 5.329070518200751e-15
14512080 5.329070518200751e-15
14525225 5.329070518200751e-15
14538370 5.329070518200751e-15
14551515 5.329070518200751e-15
14564660 5.329070518200751e-15
14577805 5.329070518200751e-15
14590950 5.329070518200751e-15
14604095 5.329070518200751e-15
14617240 5.329070518200751e-15
14630385 5.329070518200751e-15
14643530 5.329070518200751e-15
14656675 5.329070518200751e-15
14669820 5.329070518200751e-15
14682965 5.329070518200751e-15
14696110 5.329070518200751e-15
14709255 5.329070518200751e-15
14722400 5.329070518200751e-15
14735545 5.329070518200751e-15
14748690 5.329070518200751e-15
14761835 5.329070518200751e-15
14774980 5.329070518200751e-15
14788125 5.329070518200751e-15
14801270 5.329070518200751e-15
14814415 5.329070518200751e-15
14827560 5.329070518200751e-15
14840705 5.329070518200751e-15
14853850 5.329070518200751e-15
14866995 5.329070518200751e-15
14880140 5.329070518200751e-15
14893285 5.329070518200751e-15
14906430 5.329070518200751e-15
14919575 5.329070518200751e-15
14932720 5.329070518200751e-15
14945865 5.329070518200751e-15
14959010 5.329070518200751e-15
14972155 5.329070518200751e-15
14985300 5.329070518200751e-15
14998445 5.329070518200751e-15
15011590 5.329070518200751e-15
15024735 5.329070518200751e-15
15037880 5.329070518200751e-15
15051025 5.329070518200751e-15
15064170 5.329070518200751e-15
15077315 5.329070518200751e-15
15090460 5.329070518200751e-15
15103605 5.329070518200751e-15
15116750 5.329070518200751e-15
15129895 5.329070518200751e-15
15143040 5.329070518200751e-15
15156185 5.329070518200751e-15
15169330 5.329070518200751e-15
15182475 5.329070518200751e-15
15195620 5.329070518200751e-15
15208765 5.329070518200751e-15
15221910 5.329070518200751e-15
15235055 5.329070518200751e-15
15248200 5.329070518200751e-15
15261345 5.329070518200751e-15
15274490 5.329070518200751e-15
15287635 5.329070518200751e-15
15300780 5.329070518200751e-15
15313925 5.329070518200751e-15
15327070 5.329070518200751e-15
15340215 5.329070518200751e-15
15353360 5.329070518200751e-15
15366505 5.329070518200751e-15
15379650 5.329070518200751e-15
15392795 5.329070518200751e-15
15405940 5.329070518200751e-15
15419085 5.329070518200751e-15
15432230 5.329070518200751e-15
15445375 5.329070518200751e-15
15458520 5.329070518200751e-15
15471665 5.329070518200751e-15
15484810 5.329070518200751e-15
15497955 5.329070518200751e-15
15511100 5.329070518200751e-15
15524245 5.329070518200751e-15
15537390 5.329070518200751e-15
15550535 5.329070518200751e-15
15563680 5.329070518200751e-15
15576825 5.329070518200751e-15
15589970 5.329070518200751e-15
15603115 5.329070518200751e-15
15616260 5.329070518200751e-15
15629405 5.329070518200751e-15
15642550 5.329070518200751e-15
15655695 5.329070518200751e-15
15668840 5.329070518200751e-15
15681985 5.329070518200751e-15
15695130 5.329070518200751e-15
15708275 5.329070518200751e-15
15721420 5.329070518200751e-15
15734565 5.329070518200751e-15
15747710 5.329070518200751e-15
15760855 5.329070518200751e-15
15774000 5.329070518200751e-15
15787145 5.329070518200751e-15
15800290 5.329070518200751e-15
15813435 5.329070518200751e-15
15826580 5.329070518200751e-15
15839725 5.329070518200751e-15
15852870 5.329070518200751e-15
15866015 5.329070518200751e-15
15879160 5.329070518200751e-15
15892305 5.329070518200751e-15
15905450 5.329070518200751e-15
15918595 5.329070518200751e-15
15931740 5.329070518200751e-15
15944885 5.329070518200751e-15
15958030 5.329070518200751e-15
15971175 5.329070518200751e-15
15984320 5.329070518200751e-15
15997465 5.329070518200751e-15
16010610 5.329070518200751e-15
16023755 5.329070518200751e-15
16036900 5.329070518200751e-15
16050045 5.329070518200751e-15
16063190 5.329070518200751e-15
16076335 5.329070518200751e-15
16089480 5.329070518200751e-15
16102625 5.329070518200751e-15
16115770 5.329070518200751e-15
16128915 5.329070518200751e-15
16142060 5.329070518200751e-15
16155205 5.329070518200751e-15
16168350 5.329070518200751e-15
16181495 5.329070518200751e-15
16194640 5.329070518200751e-15
16207785 5.329070518200751e-15
16220930 5.329070518200751e-15
16234075 5.329070518200751e-15
16247220 5.329070518200751e-15
16260365 5.329070518200751e-15
16273510 5.329070518200751e-15
16286655 5.329070518200751e-15
16299800 5.329070518200751e-15
16312945 5.329070518200751e-15
