0 13.179109731162837
75340 4.414036767355974
150680 1.8898048635412985
226020 0.9779710190534399
301360 0.5307803218848113
376700 0.3858235422946148
452040 0.2840033751943092
527380 0.22409285621981878
602720 0.1739530402531324
678060 0.13427327547568968
753400 0.10395641765916963
828740 0.08308161902280942
904080 0.06664242968427025
979420 0.05339239937549056
1054760 0.04374161744287952
1130100 0.03621850726572351
1205440 0.030016505753111433
1280780 0.024923425842131586
1356120 0.020749639479698878
1431460 0.017331660842170304
1506800 0.014531780581199305
1582140 0.012400307276805966
1657480 0.010685069820359994
1732820 0.009320794374221175
1808160 0.008155744644206764
1883500 0.007161054335535821
1958840 0.006311352220762179
2034180 0.005584632946617596
2109520 0.00496199543540321
2184860 0.00447977383953535
2260200 0.004098619613079835
2335540 0.0037583974992568547
2410880 0.0034859160638020803
2486220 0.0032422991338117713
2561560 0.0030397760532988594
2636900 0.002867096797217056
2712240 0.002733283019069166
2787580 0.0026122640876380943
2862920 0.002502818813963581
2938260 0.002397347515178505
3013600 0.0022952588827640508
3088940 0.0021966106891781884
3164280 0.0021014280540826713
3239620 0.0020097093421924256
3314960 0.001921698534831845
3390300 0.0018379737420730347
3465640 0.0017574018261976715
3540980 0.0016799400748430116
3616320 0.001605533919601207
3691660 0.0015343579043429895
3767000 0.0014667689630813163
3842340 0.0014019176609967737
3917680 0.0013397297693813204
3993020 0.001280127259622399
4068360 0.0012230294473017655
4143700 0.0011683539605989793
4219040 0.0011160175556525626
4294380 0.0010659367988727839
4369720 0.0010180286338485889
4445060 0.0009722108484045838
4520400 0.0009284024555077999
4595740 0.0008865240000665506
4671080 0.0008464978021904546
4746420 0.0008082481461638008
4821760 0.0007717014232160938
4897100 0.0007367862351338669
4972440 0.0007034334648378451
5047780 0.0006716805873403509
5123120 0.0006414695311276891
5198460 0.0006125991755241908
5273800 0.00058501254618578
5349140 0.0005586547289329509
5424480 0.0005334728493777592
5499820 0.0005094160432681967
5575160 0.00048643541937911164
5650500 0.00046448401650703644
5725840 0.00044351675589028583
5801180 0.00042349039017258727
5876520 0.000404363449852993
5951860 0.0003860961880138257
6027200 0.0003686505239885243
6102540 0.00035198998652058444
6177880 0.0003360796568688991
6253220 0.0003208861122342421
6328560 0.00030637736981192765
6403900 0.0002925228317168724
6479240 0.0002792932309775547
6554580 0.0002666605787525981
6629920 0.0002546051985042406
6705260 0.00024309742974380072
6780600 0.000232108422794048
6855940 0.00022161494515008338
6931280 0.00021159478663021654
7006620 0.0002020267166761222
7081960 0.0001928904431299748
7157300 0.00018416657248186176
7232640 0.00017583657157341746
7307980 0.00016788273073645686
7383320 0.00016028812834101118
7458660 0.00015303659672230574
7534000 0.00014611268945380514
7609340 0.00013950164993031637
7684680 0.00013318938122408933
7760020 0.00012716241717492058
7835360 0.0001214078946751981
7910700 0.00011591352710985884
7986040 0.00011066757891156544
8061380 0.00010565884119128916
8136720 0.00010087660840517321
8212060 9.631065601877712e-05
8287400 9.195121913091204e-05
8362740 8.778897201960206e-05
8438080 8.381500857411114e-05
8513420 8.002082357749709e-05
8588760 7.63982948054475e-05
8664100 7.293966590803894e-05
8739440 6.963753004223059e-05
8814780 6.648481422379549e-05
8890120 6.347476436871762e-05
8965460 6.0600930994888884e-05
9040800 5.7857155556174846e-05
9116140 5.5237557381914576e-05
9191480 5.27365211958398e-05
9266820 5.034868518960728e-05
9342160 4.806892962685777e-05
9417500 4.58923659549409e-05
9492840 4.38143264020782e-05
9568180 4.1830354038935834e-05
9643520 3.993619328416251e-05
9718860 3.812778083451705e-05
9794200 3.640123700085658e-05
9869540 3.475285743216594e-05
9944880 3.31791052104553e-05
10020220 3.167660330016071e-05
10095560 3.0242127336331352e-05
10170900 2.88725987366051e-05
10246240 2.7565078122569406e-05
10321580 2.6316759036753776e-05
10396920 2.5124961942108066e-05
10472260 2.3987128491382084e-05
10547600 2.2900816054334094e-05
10622940 2.1863692491297382e-05
10698280 2.087353116206705e-05
10773620 1.9928206159600028e-05
10848960 1.9025687758452607e-05
10924300 1.8164038068368103e-05
10999640 1.7341406883756866e-05
11074980 1.655602772037009e-05
11150320 1.5806214030710843e-05
11225660 1.5090355590150796e-05
11301000 1.4406915046136747e-05
11376340 1.3754424623121757e-05
11451680 1.313148297622086e-05
11527020 1.2536752186911339e-05
11602360 1.1968954894401619e-05
11677700 1.1426871556531517e-05
11753040 1.090933783439601e-05
11828380 1.0415242095109314e-05
11903720 9.943523027406646e-06
11979060 9.49316736496039e-06
12054400 9.063207712609175e-06
12129740 8.65272047079809e-06
12205080 8.260823853867023e-06
12280420 7.886675997895382e-06
12355760 7.5294731541051315e-06
12431100 7.1884479639460885e-06
12506440 6.8628678121518405e-06
12581780 6.552033254317215e-06
12657120 6.255276515535228e-06
12732460 5.971960056983796e-06
12807800 5.701475207311969e-06
12883140 5.4432408559503594e-06
12958480 5.1967022055357526e-06
13033820 4.961329580754339e-06
13109160 4.736617291102108e-06
13184500 4.522082545079138e-06
13259840 4.317264413524705e-06
13335180 4.121722839846515e-06
13410520 3.935037695052641e-06
13485860 3.7568078755437478e-06
13561200 3.5866504417304e-06
13636540 3.424199795624733e-06
13711880 3.2691068956795626e-06
13787220 3.121038507138802e-06
13862560 2.979676486329153e-06
13937900 2.8447170973477584e-06
14013240 2.7158703596760715e-06
14088580 2.5928594253259813e-06
14163920 2.475419984185063e-06
14239260 2.3632996962745425e-06
14314600 2.2562576497169506e-06
14389940 2.1540638432286435e-06
14465280 2.0564986920587397e-06
14540620 1.9633525562756313e-06
14615960 1.8744252904401423e-06
14691300 1.7895258136255837e-06
14766640 1.7084716989416299e-06
14841980 1.6310887816278676e-06
14917320 1.557210784889772e-06
14992660 1.4866789626870498e-06
15068000 1.4193417586811502e-06
15143340 1.3550544806371e-06
15218680 1.2936789895716828e-06
15294020 1.2350834029562375e-06
15369360 1.1791418113893696e-06
15444700 1.1257340080721373e-06
15520040 1.0747452305545635e-06
15595380 1.0260659141539093e-06
15670720 9.795914565663595e-07
15746060 9.352219931148395e-07
15821400 8.928621821875735e-07
15896740 8.524210003868667e-07
15972080 8.138115469563797e-07
16047420 7.76950857072408e-07
16122760 7.417597235776256e-07
16198100 7.08162526795713e-07
16273440 6.760870720523863e-07
16348780 6.454644345528461e-07
