0 13.737842751244504
75340 3.3514787677643874
150680 1.0352924321278496
226020 0.34839815034980814
301360 0.11013373255321701
376700 0.04480120257948972
452040 0.014984325141706556
527380 0.00497445014071296
602720 0.0021585083640318636
678060 0.0010121408638035234
753400 0.00044704222526847914
828740 0.00020914089845813777
904080 9.458769770276376e-05
979420 4.574503559728882e-05
1054760 2.1903862005290264e-05
1130100 1.0300350439695904e-05
1205440 4.811539850990698e-06
1280780 2.243421001191237e-06
1356120 1.050262454993072e-06
1431460 5.302319896479475e-07
1506800 2.6674132046907847e-07
1582140 1.337904344294524e-07
1657480 6.70069978425888e-08
1732820 3.3556698017934656e-08
1808160 1.683691186471492e-08
1883500 8.623775027416514e-09
1958840 4.407838538611486e-09
2034180 2.249646469110189e-09
2109520 1.1470415728354055e-09
2184860 5.84538195624873e-10
2260200 2.97853519626301e-10
2335540 1.5182366475130493e-10
2410880 8.030542897330406e-11
2486220 4.40188163697286e-11
2561560 2.411773558641528e-11
2636900 1.3208462101843566e-11
2712240 7.230827048232413e-12
2787580 3.957001393217752e-12
2862920 2.164352030931127e-12
2938260 1.1834977442504169e-12
3013600 6.466216451173068e-13
3088940 3.5310643298203104e-13
3164280 1.9279022822615843e-13
3239620 1.0533240946131173e-13
3314960 5.725975249504245e-14
3390300 3.136380044566067e-14
3465640 1.7014167852380524e-14
3540980 1.4210854715202004e-14
3616320 7.105427357601002e-15
3691660 7.105427357601002e-15
3767000 7.105427357601002e-15
3842340 7.105427357601002e-15
3917680 7.105427357601002e-15
3993020 5.329070518200751e-15
4068360 5.329070518200751e-15
4143700 5.329070518200751e-15
4219040 7.105427357601002e-15
4294380 5.329070518200751e-15
4369720 5.329070518200751e-15
4445060 5.329070518200751e-15
4520400 5.329070518200751e-15
4595740 5.329070518200751e-15
4671080 5.329070518200751e-15
4746420 5.329070518200751e-15
4821760 5.329070518200751e-15
4897100 5.329070518200751e-15
4972440 5.329070518200751e-15
5047780 3.552713678800501e-15
5123120 3.552713678800501e-15
5198460 5.329070518200751e-15
5273800 7.105427357601002e-15
5349140 4.440892098500626e-15
5424480 5.329070518200751e-15
5499820 3.552713678800501e-15
5575160 7.105427357601002e-15
5650500 5.329070518200751e-15
5725840 3.552713678800501e-15
5801180 3.552713678800501e-15
5876520 5.329070518200751e-15
5951860 5.329070518200751e-15
6027200 3.552713678800501e-15
6102540 7.105427357601002e-15
6177880 5.329070518200751e-15
6253220 5.329070518200751e-15
6328560 5.329070518200751e-15
6403900 5.329070518200751e-15
6479240 3.552713678800501e-15
6554580 5.329070518200751e-15
6629920 5.329070518200751e-15
6705260 7.105427357601002e-15
6780600 7.105427357601002e-15
6855940 5.329070518200751e-15
6931280 5.329070518200751e-15
7006620 5.329070518200751e-15
7081960 5.329070518200751e-15
7157300 3.552713678800501e-15
7232640 4.440892098500626e-15
7307980 5.329070518200751e-15
7383320 3.552713678800501e-15
7458660 3.552713678800501e-15
7534000 7.105427357601002e-15
7609340 5.329070518200751e-15
7684680 7.105427357601002e-15
7760020 5.329070518200751e-15
7835360 7.105427357601002e-15
7910700 5.329070518200751e-15
7986040 7.105427357601002e-15
8061380 7.105427357601002e-15
8136720 7.105427357601002e-15
8212060 5.329070518200751e-15
8287400 7.105427357601002e-15
8362740 5.329070518200751e-15
8438080 7.105427357601002e-15
8513420 5.329070518200751e-15
8588760 7.105427357601002e-15
8664100 5.329070518200751e-15
8739440 5.329070518200751e-15
8814780 7.105427357601002e-15
8890120 5.329070518200751e-15
8965460 7.105427357601002e-15
9040800 5.329070518200751e-15
9116140 5.329070518200751e-15
9191480 5.329070518200751e-15
9266820 5.329070518200751e-15
9342160 4.440892098500626e-15
9417500 5.329070518200751e-15
9492840 5.329070518200751e-15
9568180 4.440892098500626e-15
9643520 7.105427357601002e-15
9718860 7.105427357601002e-15
9794200 3.552713678800501e-15
9869540 5.329070518200751e-15
9944880 5.329070518200751e-15
10020220 7.105427357601002e-15
10095560 7.105427357601002e-15
10170900 4.440892098500626e-15
10246240 3.552713678800501e-15
10321580 5.329070518200751e-15
10396920 5.329070518200751e-15
10472260 5.329070518200751e-15
10547600 5.329070518200751e-15
10622940 5.329070518200751e-15
10698280 7.105427357601002e-15
10773620 7.105427357601002e-15
10848960 7.105427357601002e-15
10924300 5.329070518200751e-15
10999640 5.329070518200751e-15
11074980 5.329070518200751e-15
11150320 5.329070518200751e-15
11225660 5.329070518200751e-15
11301000 4.440892098500626e-15
11376340 5.329070518200751e-15
11451680 5.329070518200751e-15
11527020 7.105427357601002e-15
11602360 7.105427357601002e-15
11677700 7.105427357601002e-15
11753040 3.552713678800501e-15
11828380 5.329070518200751e-15
11903720 5.329070518200751e-15
11979060 5.329070518200751e-15
12054400 7.105427357601002e-15
12129740 5.329070518200751e-15
12205080 7.105427357601002e-15
12280420 5.329070518200751e-15
12355760 5.329070518200751e-15
12431100 7.105427357601002e-15
12506440 5.329070518200751e-15
12581780 3.552713678800501e-15
12657120 7.105427357601002e-15
12732460 7.105427357601002e-15
12807800 5.329070518200751e-15
12883140 5.329070518200751e-15
12958480 7.105427357601002e-15
13033820 7.105427357601002e-15
13109160 5.329070518200751e-15
13184500 5.329070518200751e-15
13259840 4.440892098500626e-15
13335180 5.329070518200751e-15
13410520 5.329070518200751e-15
13485860 5.329070518200751e-15
13561200 5.329070518200751e-15
13636540 4.440892098500626e-15
13711880 7.105427357601002e-15
13787220 3.552713678800501e-15
13862560 3.552713678800501e-15
13937900 8.881784197001252e-15
14013240 7.105427357601002e-15
14088580 7.105427357601002e-15
14163920 7.105427357601002e-15
14239260 7.105427357601002e-15
14314600 3.552713678800501e-15
14389940 7.105427357601002e-15
14465280 7.105427357601002e-15
14540620 5.329070518200751e-15
14615960 5.329070518200751e-15
14691300 3.552713678800501e-15
14766640 7.105427357601002e-15
14841980 7.105427357601002e-15
14917320 5.329070518200751e-15
14992660 7.105427357601002e-15
15068000 5.329070518200751e-15
15143340 7.105427357601002e-15
15218680 7.105427357601002e-15
15294020 7.105427357601002e-15
15369360 3.552713678800501e-15
15444700 5.329070518200751e-15
15520040 7.105427357601002e-15
15595380 4.440892098500626e-15
15670720 3.552713678800501e-15
15746060 5.329070518200751e-15
15821400 4.440892098500626e-15
15896740 5.329070518200751e-15
15972080 7.105427357601002e-15
16047420 5.329070518200751e-15
16122760 7.105427357601002e-15
16198100 7.105427357601002e-15
16273440 5.329070518200751e-15
16348780 3.552713678800501e-15
